0.341500	103.000000
0.341520	60.000000
0.341540	122.000000
0.341560	169.000000
0.341580	173.000000
0.341600	150.000000
0.341620	134.000000
0.341640	140.000000
0.341660	155.000000
0.341680	158.000000
0.341700	147.000000
0.341720	139.000000
0.341740	142.000000
0.341760	150.000000
0.341780	152.000000
0.341800	146.000000
0.341820	140.000000
0.341840	142.000000
0.341860	148.000000
0.341880	151.000000
0.341900	148.000000
0.341920	145.000000
0.341940	147.000000
0.341960	151.000000
0.341980	152.000000
0.342000	149.000000
0.342020	146.000000
0.342040	148.000000
0.342060	152.000000
0.342080	152.000000
0.342100	148.000000
0.342120	144.000000
0.342140	144.000000
0.342160	148.000000
0.342180	149.000000
0.342200	148.000000
0.342220	147.000000
0.342240	148.000000
0.342260	150.000000
0.342280	151.000000
0.342300	148.000000
0.342320	147.000000
0.342340	148.000000
0.342360	151.000000
0.342380	151.000000
0.342400	148.000000
0.342420	146.000000
0.342440	146.000000
0.342460	149.000000
0.342480	150.000000
0.342500	148.000000
0.342520	147.000000
0.342540	148.000000
0.342560	150.000000
0.342580	151.000000
0.342600	149.000000
0.342620	147.000000
0.342640	147.000000
0.342660	149.000000
0.342680	149.000000
0.342700	147.000000
0.342720	144.000000
0.342740	145.000000
0.342760	147.000000
0.342780	148.000000
0.342800	147.000000
0.342820	146.000000
0.342840	147.000000
0.342860	149.000000
0.342880	150.000000
0.342900	149.000000
0.342920	148.000000
0.342940	148.000000
0.342960	150.000000
0.342980	150.000000
0.343000	149.000000
0.343020	148.000000
0.343040	148.000000
0.343060	149.000000
0.343080	149.000000
0.343100	147.000000
0.343120	145.000000
0.343140	146.000000
0.343160	147.000000
0.343180	147.000000
0.343200	146.000000
0.343220	145.000000
0.343240	146.000000
0.343260	148.000000
0.343280	149.000000
0.343300	149.000000
0.343320	149.000000
0.343340	149.000000
0.343360	150.000000
0.343380	150.000000
0.343400	150.000000
0.343420	149.000000
0.343440	149.000000
0.343460	149.000000
0.343480	148.000000
0.343500	146.000000
0.343520	145.000000
0.343540	146.000000
0.343560	147.000000
0.343580	148.000000
0.343600	147.000000
0.343620	146.000000
0.343640	147.000000
0.343660	148.000000
0.343680	149.000000
0.343700	149.000000
0.343720	148.000000
0.343740	148.000000
0.343760	149.000000
0.343780	149.000000
0.343800	148.000000
0.343820	147.000000
0.343840	147.000000
0.343860	148.000000
0.343880	149.000000
0.343900	149.000000
0.343920	148.000000
0.343940	147.000000
0.343960	147.000000
0.343980	147.000000
0.344000	146.000000
0.344020	146.000000
0.344040	147.000000
0.344060	148.000000
0.344080	149.000000
0.344100	148.000000
0.344120	147.000000
0.344140	147.000000
0.344160	147.000000
0.344180	147.000000
0.344200	147.000000
0.344220	147.000000
0.344240	148.000000
0.344260	149.000000
0.344280	148.000000
0.344300	148.000000
0.344320	148.000000
0.344340	149.000000
0.344360	150.000000
0.344380	150.000000
0.344400	148.000000
0.344420	146.000000
0.344440	147.000000
0.344460	148.000000
0.344480	148.000000
0.344500	147.000000
0.344520	146.000000
0.344540	147.000000
0.344560	148.000000
0.344580	149.000000
0.344600	148.000000
0.344620	147.000000
0.344640	147.000000
0.344660	148.000000
0.344680	148.000000
0.344700	148.000000
0.344720	148.000000
0.344740	149.000000
0.344760	150.000000
0.344780	151.000000
0.344800	150.000000
0.344820	149.000000
0.344840	148.000000
0.344860	147.000000
0.344880	147.000000
0.344900	146.000000
0.344920	146.000000
0.344940	147.000000
0.344960	148.000000
0.344980	148.000000
0.345000	147.000000
0.345020	147.000000
0.345040	146.000000
0.345060	147.000000
0.345080	147.000000
0.345100	147.000000
0.345120	148.000000
0.345140	149.000000
0.345160	151.000000
0.345180	152.000000
0.345200	151.000000
0.345220	150.000000
0.345240	149.000000
0.345260	148.000000
0.345280	148.000000
0.345300	147.000000
0.345320	147.000000
0.345340	147.000000
0.345360	148.000000
0.345380	148.000000
0.345400	147.000000
0.345420	146.000000
0.345440	145.000000
0.345460	146.000000
0.345480	147.000000
0.345500	148.000000
0.345520	148.000000
0.345540	149.000000
0.345560	150.000000
0.345580	150.000000
0.345600	149.000000
0.345620	148.000000
0.345640	148.000000
0.345660	148.000000
0.345680	149.000000
0.345700	150.000000
0.345720	149.000000
0.345740	150.000000
0.345760	149.000000
0.345780	149.000000
0.345800	148.000000
0.345820	148.000000
0.345840	148.000000
0.345860	148.000000
0.345880	148.000000
0.345900	148.000000
0.345920	148.000000
0.345940	148.000000
0.345960	149.000000
0.345980	148.000000
0.346000	148.000000
0.346020	147.000000
0.346040	147.000000
0.346060	148.000000
0.346080	148.000000
0.346100	148.000000
0.346120	147.000000
0.346140	148.000000
0.346160	149.000000
0.346180	150.000000
0.346200	149.000000
0.346220	148.000000
0.346240	148.000000
0.346260	148.000000
0.346280	149.000000
0.346300	149.000000
0.346320	149.000000
0.346340	149.000000
0.346360	148.000000
0.346380	147.000000
0.346400	146.000000
0.346420	146.000000
0.346440	146.000000
0.346460	147.000000
0.346480	147.000000
0.346500	147.000000
0.346520	148.000000
0.346540	149.000000
0.346560	151.000000
0.346580	151.000000
0.346600	150.000000
0.346620	148.000000
0.346640	148.000000
0.346660	148.000000
0.346680	149.000000
0.346700	148.000000
0.346720	147.000000
0.346740	146.000000
0.346760	145.000000
0.346780	145.000000
0.346800	145.000000
0.346820	146.000000
0.346840	147.000000
0.346860	148.000000
0.346880	148.000000
0.346900	148.000000
0.346920	149.000000
0.346940	150.000000
0.346960	151.000000
0.346980	151.000000
0.347000	150.000000
0.347020	149.000000
0.347040	149.000000
0.347060	149.000000
0.347080	149.000000
0.347100	149.000000
0.347120	148.000000
0.347140	147.000000
0.347160	147.000000
0.347180	147.000000
0.347200	147.000000
0.347220	149.000000
0.347240	150.000000
0.347260	151.000000
0.347280	151.000000
0.347300	150.000000
0.347320	149.000000
0.347340	149.000000
0.347360	149.000000
0.347380	149.000000
0.347400	148.000000
0.347420	148.000000
0.347440	148.000000
0.347460	148.000000
0.347480	148.000000
0.347500	147.000000
0.347520	147.000000
0.347540	148.000000
0.347560	148.000000
0.347580	148.000000
0.347600	147.000000
0.347620	146.000000
0.347640	146.000000
0.347660	147.000000
0.347680	147.000000
0.347700	147.000000
0.347720	147.000000
0.347740	147.000000
0.347760	147.000000
0.347780	147.000000
0.347800	147.000000
0.347820	147.000000
0.347840	147.000000
0.347860	148.000000
0.347880	149.000000
0.347900	149.000000
0.347920	148.000000
0.347940	147.000000
0.347960	147.000000
0.347980	147.000000
0.348000	145.000000
0.348020	143.000000
0.348040	142.000000
0.348060	143.000000
0.348080	145.000000
0.348100	150.000000
0.348120	157.000000
0.348140	163.000000
0.348160	167.000000
0.348180	166.000000
0.348200	161.000000
0.348220	153.000000
0.348240	144.000000
0.348260	138.000000
0.348280	135.000000
0.348300	134.000000
0.348320	135.000000
0.348340	135.000000
0.348360	133.000000
0.348380	129.000000
0.348400	126.000000
0.348420	129.000000
0.348440	139.000000
0.348460	155.000000
0.348480	171.000000
0.348500	182.000000
0.348520	184.000000
0.348540	178.000000
0.348560	168.000000
0.348580	159.000000
0.348600	154.000000
0.348620	153.000000
0.348640	155.000000
0.348660	155.000000
0.348680	150.000000
0.348700	139.000000
0.348720	125.000000
0.348740	111.000000
0.348760	102.000000
0.348780	99.000000
0.348800	103.000000
0.348820	114.000000
0.348840	128.000000
0.348860	143.000000
0.348880	159.000000
0.348900	174.000000
0.348920	188.000000
0.348940	202.000000
0.348960	213.000000
0.348980	218.000000
0.349000	214.000000
0.349020	202.000000
0.349040	181.000000
0.349060	153.000000
0.349080	121.000000
0.349100	91.000000
0.349120	67.000000
0.349140	53.000000
0.349160	51.000000
0.349180	60.000000
0.349200	80.000000
0.349220	107.000000
0.349240	139.000000
0.349260	171.000000
0.349280	199.000000
0.349300	219.000000
0.349320	230.000000
0.349340	231.000000
0.349360	223.000000
0.349380	206.000000
0.349400	184.000000
0.349420	157.000000
0.349440	130.000000
0.349460	106.000000
0.349480	87.000000
0.349500	77.000000
0.349520	77.000000
0.349540	85.000000
0.349560	101.000000
0.349580	120.000000
0.349600	141.000000
0.349620	160.000000
0.349640	177.000000
0.349660	190.000000
0.349680	196.000000
0.349700	196.000000
0.349720	191.000000
0.349740	181.000000
0.349760	168.000000
0.349780	153.000000
0.349800	139.000000
0.349820	127.000000
0.349840	120.000000
0.349860	116.000000
0.349880	117.000000
0.349900	121.000000
0.349920	128.000000
0.349940	136.000000
0.349960	145.000000
0.349980	153.000000
0.350000	159.000000
0.350020	164.000000
0.350040	167.000000
0.350060	166.000000
0.350080	164.000000
0.350100	159.000000
0.350120	154.000000
0.350140	149.000000
0.350160	145.000000
0.350180	141.000000
0.350200	138.000000
0.350220	137.000000
0.350240	137.000000
0.350260	139.000000
0.350280	141.000000
0.350300	143.000000
0.350320	147.000000
0.350340	150.000000
0.350360	153.000000
0.350380	154.000000
0.350400	155.000000
0.350420	155.000000
0.350440	155.000000
0.350460	154.000000
0.350480	151.000000
0.350500	147.000000
0.350520	145.000000
0.350540	144.000000
0.350560	145.000000
0.350580	146.000000
0.350600	146.000000
0.350620	146.000000
0.350640	147.000000
0.350660	149.000000
0.350680	149.000000
0.350700	149.000000
0.350720	149.000000
0.350740	150.000000
0.350760	151.000000
0.350780	152.000000
0.350800	152.000000
0.350820	152.000000
0.350840	151.000000
0.350860	150.000000
0.350880	150.000000
0.350900	149.000000
0.350920	148.000000
0.350940	147.000000
0.350960	146.000000
0.350980	145.000000
0.351000	145.000000
0.351020	144.000000
0.351040	145.000000
0.351060	145.000000
0.351080	146.000000
0.351100	147.000000
0.351120	148.000000
0.351140	149.000000
0.351160	149.000000
0.351180	148.000000
0.351200	145.000000
0.351220	143.000000
0.351240	143.000000
0.351260	146.000000
0.351280	150.000000
0.351300	154.000000
0.351320	159.000000
0.351340	162.000000
0.351360	163.000000
0.351380	160.000000
0.351400	153.000000
0.351420	144.000000
0.351440	137.000000
0.351460	134.000000
0.351480	134.000000
0.351500	136.000000
0.351520	136.000000
0.351540	134.000000
0.351560	130.000000
0.351580	127.000000
0.351600	128.000000
0.351620	135.000000
0.351640	148.000000
0.351660	164.000000
0.351680	177.000000
0.351700	182.000000
0.351720	179.000000
0.351740	170.000000
0.351760	160.000000
0.351780	154.000000
0.351800	152.000000
0.351820	154.000000
0.351840	155.000000
0.351860	153.000000
0.351880	146.000000
0.351900	133.000000
0.351920	120.000000
0.351940	109.000000
0.351960	104.000000
0.351980	106.000000
0.352000	114.000000
0.352020	124.000000
0.352040	137.000000
0.352060	151.000000
0.352080	164.000000
0.352100	178.000000
0.352120	192.000000
0.352140	204.000000
0.352160	212.000000
0.352180	213.000000
0.352200	205.000000
0.352220	189.000000
0.352240	165.000000
0.352260	136.000000
0.352280	108.000000
0.352300	84.000000
0.352320	68.000000
0.352340	61.000000
0.352360	64.000000
0.352380	77.000000
0.352400	98.000000
0.352420	126.000000
0.352440	156.000000
0.352460	184.000000
0.352480	206.000000
0.352500	220.000000
0.352520	225.000000
0.352540	222.000000
0.352560	211.000000
0.352580	193.000000
0.352600	169.000000
0.352620	144.000000
0.352640	119.000000
0.352660	100.000000
0.352680	87.000000
0.352700	82.000000
0.352720	85.000000
0.352740	96.000000
0.352760	113.000000
0.352780	132.000000
0.352800	151.000000
0.352820	168.000000
0.352840	181.000000
0.352860	189.000000
0.352880	190.000000
0.352900	187.000000
0.352920	180.000000
0.352940	170.000000
0.352960	158.000000
0.352980	146.000000
0.353000	135.000000
0.353020	127.000000
0.353040	123.000000
0.353060	122.000000
0.353080	124.000000
0.353100	128.000000
0.353120	134.000000
0.353140	141.000000
0.353160	149.000000
0.353180	156.000000
0.353200	160.000000
0.353220	163.000000
0.353240	164.000000
0.353260	163.000000
0.353280	160.000000
0.353300	156.000000
0.353320	150.000000
0.353340	145.000000
0.353360	141.000000
0.353380	138.000000
0.353400	136.000000
0.353420	137.000000
0.353440	138.000000
0.353460	141.000000
0.353480	143.000000
0.353500	145.000000
0.353520	147.000000
0.353540	150.000000
0.353560	153.000000
0.353580	154.000000
0.353600	154.000000
0.353620	153.000000
0.353640	152.000000
0.353660	151.000000
0.353680	150.000000
0.353700	149.000000
0.353720	148.000000
0.353740	147.000000
0.353760	147.000000
0.353780	146.000000
0.353800	145.000000
0.353820	145.000000
0.353840	145.000000
0.353860	147.000000
0.353880	148.000000
0.353900	148.000000
0.353920	148.000000
0.353940	149.000000
0.353960	150.000000
0.353980	152.000000
0.354000	152.000000
0.354020	152.000000
0.354040	151.000000
0.354060	150.000000
0.354080	150.000000
0.354100	148.000000
0.354120	147.000000
0.354140	146.000000
0.354160	145.000000
0.354180	144.000000
0.354200	144.000000
0.354220	143.000000
0.354240	144.000000
0.354260	146.000000
0.354280	147.000000
0.354300	148.000000
0.354320	149.000000
0.354340	149.000000
0.354360	149.000000
0.354380	149.000000
0.354400	149.000000
0.354420	149.000000
0.354440	149.000000
0.354460	150.000000
0.354480	152.000000
0.354500	155.000000
0.354520	158.000000
0.354540	160.000000
0.354560	158.000000
0.354580	153.000000
0.354600	146.000000
0.354620	140.000000
0.354640	137.000000
0.354660	137.000000
0.354680	140.000000
0.354700	142.000000
0.354720	142.000000
0.354740	139.000000
0.354760	137.000000
0.354780	136.000000
0.354800	138.000000
0.354820	146.000000
0.354840	156.000000
0.354860	166.000000
0.354880	171.000000
0.354900	169.000000
0.354920	162.000000
0.354940	154.000000
0.354960	150.000000
0.354980	149.000000
0.355000	152.000000
0.355020	155.000000
0.355040	155.000000
0.355060	151.000000
0.355080	143.000000
0.355100	133.000000
0.355120	124.000000
0.355140	120.000000
0.355160	120.000000
0.355180	123.000000
0.355200	129.000000
0.355220	136.000000
0.355240	144.000000
0.355260	153.000000
0.355280	163.000000
0.355300	173.000000
0.355320	181.000000
0.355340	188.000000
0.355360	191.000000
0.355380	188.000000
0.355400	180.000000
0.355420	167.000000
0.355440	149.000000
0.355460	131.000000
0.355480	114.000000
0.355500	102.000000
0.355520	95.000000
0.355540	94.000000
0.355560	99.000000
0.355580	111.000000
0.355600	126.000000
0.355620	145.000000
0.355640	163.000000
0.355660	179.000000
0.355680	191.000000
0.355700	197.000000
0.355720	196.000000
0.355740	190.000000
0.355760	179.000000
0.355780	165.000000
0.355800	150.000000
0.355820	135.000000
0.355840	122.000000
0.355860	113.000000
0.355880	108.000000
0.355900	108.000000
0.355920	114.000000
0.355940	122.000000
0.355960	133.000000
0.355980	145.000000
0.356000	157.000000
0.356020	166.000000
0.356040	173.000000
0.356060	175.000000
0.356080	174.000000
0.356100	170.000000
0.356120	164.000000
0.356140	157.000000
0.356160	149.000000
0.356180	142.000000
0.356200	135.000000
0.356220	132.000000
0.356240	131.000000
0.356260	132.000000
0.356280	134.000000
0.356300	137.000000
0.356320	141.000000
0.356340	146.000000
0.356360	151.000000
0.356380	155.000000
0.356400	157.000000
0.356420	159.000000
0.356440	158.000000
0.356460	157.000000
0.356480	156.000000
0.356500	153.000000
0.356520	150.000000
0.356540	147.000000
0.356560	145.000000
0.356580	144.000000
0.356600	143.000000
0.356620	143.000000
0.356640	144.000000
0.356660	144.000000
0.356680	145.000000
0.356700	145.000000
0.356720	146.000000
0.356740	148.000000
0.356760	149.000000
0.356780	150.000000
0.356800	151.000000
0.356820	152.000000
0.356840	152.000000
0.356860	151.000000
0.356880	150.000000
0.356900	149.000000
0.356920	148.000000
0.356940	147.000000
0.356960	146.000000
0.356980	146.000000
0.357000	145.000000
0.357020	145.000000
0.357040	145.000000
0.357060	145.000000
0.357080	145.000000
0.357100	145.000000
0.357120	146.000000
0.357140	148.000000
0.357160	150.000000
0.357180	151.000000
0.357200	152.000000
0.357220	152.000000
0.357240	151.000000
0.357260	150.000000
0.357280	149.000000
0.357300	148.000000
0.357320	147.000000
0.357340	147.000000
0.357360	146.000000
0.357380	145.000000
0.357400	144.000000
0.357420	144.000000
0.357440	144.000000
0.357460	145.000000
0.357480	146.000000
0.357500	147.000000
0.357520	148.000000
0.357540	149.000000
0.357560	150.000000
0.357580	151.000000
0.357600	151.000000
0.357620	151.000000
0.357640	151.000000
0.357660	151.000000
0.357680	152.000000
0.357700	154.000000
0.357720	154.000000
0.357740	152.000000
0.357760	148.000000
0.357780	143.000000
0.357800	139.000000
0.357820	138.000000
0.357840	140.000000
0.357860	144.000000
0.357880	147.000000
0.357900	148.000000
0.357920	146.000000
0.357940	142.000000
0.357960	140.000000
0.357980	141.000000
0.358000	146.000000
0.358020	153.000000
0.358040	159.000000
0.358060	161.000000
0.358080	159.000000
0.358100	153.000000
0.358120	148.000000
0.358140	146.000000
0.358160	147.000000
0.358180	150.000000
0.358200	153.000000
0.358220	153.000000
0.358240	150.000000
0.358260	146.000000
0.358280	140.000000
0.358300	136.000000
0.358320	133.000000
0.358340	134.000000
0.358360	137.000000
0.358380	140.000000
0.358400	144.000000
0.358420	147.000000
0.358440	151.000000
0.358460	155.000000
0.358480	159.000000
0.358500	164.000000
0.358520	168.000000
0.358540	170.000000
0.358560	169.000000
0.358580	164.000000
0.358600	156.000000
0.358620	146.000000
0.358640	136.000000
0.358660	129.000000
0.358680	123.000000
0.358700	121.000000
0.358720	121.000000
0.358740	125.000000
0.358760	130.000000
0.358780	138.000000
0.358800	147.000000
0.358820	156.000000
0.358840	164.000000
0.358860	169.000000
0.358880	171.000000
0.358900	171.000000
0.358920	168.000000
0.358940	163.000000
0.358960	156.000000
0.358980	148.000000
0.359000	140.000000
0.359020	134.000000
0.359040	131.000000
0.359060	130.000000
0.359080	131.000000
0.359100	134.000000
0.359120	139.000000
0.359140	144.000000
0.359160	150.000000
0.359180	154.000000
0.359200	157.000000
0.359220	159.000000
0.359240	159.000000
0.359260	159.000000
0.359280	157.000000
0.359300	153.000000
0.359320	149.000000
0.359340	146.000000
0.359360	144.000000
0.359380	143.000000
0.359400	142.000000
0.359420	142.000000
0.359440	142.000000
0.359460	143.000000
0.359480	145.000000
0.359500	147.000000
0.359520	149.000000
0.359540	150.000000
0.359560	151.000000
0.359580	151.000000
0.359600	151.000000
0.359620	151.000000
0.359640	150.000000
0.359660	149.000000
0.359680	148.000000
0.359700	147.000000
0.359720	146.000000
0.359740	146.000000
0.359760	146.000000
0.359780	146.000000
0.359800	146.000000
0.359820	148.000000
0.359840	149.000000
0.359860	150.000000
0.359880	149.000000
0.359900	148.000000
0.359920	148.000000
0.359940	148.000000
0.359960	149.000000
0.359980	149.000000
0.360000	150.000000
0.360020	150.000000
0.360040	150.000000
0.360060	150.000000
0.360080	150.000000
0.360100	149.000000
0.360120	148.000000
0.360140	146.000000
0.360160	146.000000
0.360180	145.000000
0.360200	145.000000
0.360220	145.000000
0.360240	144.000000
0.360260	145.000000
0.360280	145.000000
0.360300	146.000000
0.360320	147.000000
0.360340	149.000000
0.360360	151.000000
0.360380	152.000000
0.360400	153.000000
0.360420	152.000000
0.360440	151.000000
0.360460	150.000000
0.360480	150.000000
0.360500	148.000000
0.360520	147.000000
0.360540	146.000000
0.360560	145.000000
0.360580	145.000000
0.360600	144.000000
0.360620	143.000000
0.360640	144.000000
0.360660	145.000000
0.360680	146.000000
0.360700	148.000000
0.360720	149.000000
0.360740	149.000000
0.360760	150.000000
0.360780	150.000000
0.360800	151.000000
0.360820	151.000000
0.360840	152.000000
0.360860	152.000000
0.360880	152.000000
0.360900	152.000000
0.360920	150.000000
0.360940	147.000000
0.360960	143.000000
0.360980	141.000000
0.361000	140.000000
0.361020	142.000000
0.361040	144.000000
0.361060	147.000000
0.361080	148.000000
0.361100	146.000000
0.361120	144.000000
0.361140	143.000000
0.361160	145.000000
0.361180	150.000000
0.361200	156.000000
0.361220	160.000000
0.361240	159.000000
0.361260	155.000000
0.361280	148.000000
0.361300	143.000000
0.361320	141.000000
0.361340	143.000000
0.361360	147.000000
0.361380	150.000000
0.361400	151.000000
0.361420	150.000000
0.361440	148.000000
0.361460	144.000000
0.361480	141.000000
0.361500	140.000000
0.361520	141.000000
0.361540	144.000000
0.361560	148.000000
0.361580	150.000000
0.361600	151.000000
0.361620	151.000000
0.361640	151.000000
0.361660	153.000000
0.361680	155.000000
0.361700	156.000000
0.361720	156.000000
0.361740	155.000000
0.361760	152.000000
0.361780	147.000000
0.361800	142.000000
0.361820	138.000000
0.361840	135.000000
0.361860	136.000000
0.361880	137.000000
0.361900	140.000000
0.361920	143.000000
0.361940	148.000000
0.361960	152.000000
0.361980	156.000000
0.362000	159.000000
0.362020	159.000000
0.362040	159.000000
0.362060	157.000000
0.362080	154.000000
0.362100	150.000000
0.362120	146.000000
0.362140	142.000000
0.362160	140.000000
0.362180	139.000000
0.362200	139.000000
0.362220	140.000000
0.362240	143.000000
0.362260	146.000000
0.362280	149.000000
0.362300	151.000000
0.362320	153.000000
0.362340	154.000000
0.362360	154.000000
0.362380	153.000000
0.362400	151.000000
0.362420	148.000000
0.362440	146.000000
0.362460	144.000000
0.362480	143.000000
0.362500	142.000000
0.362520	141.000000
0.362540	142.000000
0.362560	143.000000
0.362580	145.000000
0.362600	147.000000
0.362620	148.000000
0.362640	150.000000
0.362660	152.000000
0.362680	153.000000
0.362700	153.000000
0.362720	152.000000
0.362740	151.000000
0.362760	150.000000
0.362780	148.000000
0.362800	147.000000
0.362820	146.000000
0.362840	146.000000
0.362860	146.000000
0.362880	146.000000
0.362900	145.000000
0.362920	144.000000
0.362940	145.000000
0.362960	147.000000
0.362980	149.000000
0.363000	150.000000
0.363020	150.000000
0.363040	149.000000
0.363060	148.000000
0.363080	148.000000
0.363100	148.000000
0.363120	148.000000
0.363140	148.000000
0.363160	149.000000
0.363180	150.000000
0.363200	150.000000
0.363220	150.000000
0.363240	150.000000
0.363260	150.000000
0.363280	150.000000
0.363300	150.000000
0.363320	149.000000
0.363340	148.000000
0.363360	147.000000
0.363380	146.000000
0.363400	146.000000
0.363420	145.000000
0.363440	144.000000
0.363460	145.000000
0.363480	146.000000
0.363500	148.000000
0.363520	149.000000
0.363540	150.000000
0.363560	151.000000
0.363580	151.000000
0.363600	151.000000
0.363620	151.000000
0.363640	150.000000
0.363660	150.000000
0.363680	149.000000
0.363700	148.000000
0.363720	146.000000
0.363740	145.000000
0.363760	144.000000
0.363780	144.000000
0.363800	144.000000
0.363820	145.000000
0.363840	145.000000
0.363860	145.000000
0.363880	146.000000
0.363900	147.000000
0.363920	148.000000
0.363940	149.000000
0.363960	150.000000
0.363980	150.000000
0.364000	151.000000
0.364020	151.000000
0.364040	152.000000
0.364060	153.000000
0.364080	152.000000
0.364100	149.000000
0.364120	145.000000
0.364140	141.000000
0.364160	139.000000
0.364180	139.000000
0.364200	141.000000
0.364220	144.000000
0.364240	147.000000
0.364260	149.000000
0.364280	149.000000
0.364300	148.000000
0.364320	147.000000
0.364340	147.000000
0.364360	150.000000
0.364380	155.000000
0.364400	158.000000
0.364420	158.000000
0.364440	154.000000
0.364460	147.000000
0.364480	141.000000
0.364500	138.000000
0.364520	139.000000
0.364540	142.000000
0.364560	146.000000
0.364580	149.000000
0.364600	150.000000
0.364620	148.000000
0.364640	144.000000
0.364660	142.000000
0.364680	142.000000
0.364700	144.000000
0.364720	148.000000
0.364740	152.000000
0.364760	155.000000
0.364780	156.000000
0.364800	154.000000
0.364820	153.000000
0.364840	151.000000
0.364860	150.000000
0.364880	150.000000
0.364900	149.000000
0.364920	148.000000
0.364940	144.000000
0.364960	140.000000
0.364980	137.000000
0.365000	134.000000
0.365020	134.000000
0.365040	136.000000
0.365060	140.000000
0.365080	145.000000
0.365100	151.000000
0.365120	156.000000
0.365140	161.000000
0.365160	164.000000
0.365180	164.000000
0.365200	162.000000
0.365220	158.000000
0.365240	153.000000
0.365260	148.000000
0.365280	143.000000
0.365300	139.000000
0.365320	135.000000
0.365340	132.000000
0.365360	132.000000
0.365380	134.000000
0.365400	138.000000
0.365420	144.000000
0.365440	150.000000
0.365460	155.000000
0.365480	159.000000
0.365500	161.000000
0.365520	161.000000
0.365540	159.000000
0.365560	157.000000
0.365580	154.000000
0.365600	151.000000
0.365620	148.000000
0.365640	143.000000
0.365660	139.000000
0.365680	137.000000
0.365700	137.000000
0.365720	139.000000
0.365740	142.000000
0.365760	145.000000
0.365780	148.000000
0.365800	150.000000
0.365820	152.000000
0.365840	153.000000
0.365860	154.000000
0.365880	154.000000
0.365900	153.000000
0.365920	153.000000
0.365940	151.000000
0.365960	149.000000
0.365980	148.000000
0.366000	146.000000
0.366020	146.000000
0.366040	145.000000
0.366060	145.000000
0.366080	145.000000
0.366100	145.000000
0.366120	146.000000
0.366140	147.000000
0.366160	149.000000
0.366180	150.000000
0.366200	151.000000
0.366220	150.000000
0.366240	149.000000
0.366260	147.000000
0.366280	146.000000
0.366300	146.000000
0.366320	147.000000
0.366340	148.000000
0.366360	149.000000
0.366380	150.000000
0.366400	151.000000
0.366420	151.000000
0.366440	150.000000
0.366460	149.000000
0.366480	147.000000
0.366500	147.000000
0.366520	147.000000
0.366540	147.000000
0.366560	147.000000
0.366580	145.000000
0.366600	144.000000
0.366620	143.000000
0.366640	144.000000
0.366660	145.000000
0.366680	146.000000
0.366700	147.000000
0.366720	147.000000
0.366740	148.000000
0.366760	150.000000
0.366780	151.000000
0.366800	151.000000
0.366820	151.000000
0.366840	150.000000
0.366860	150.000000
0.366880	149.000000
0.366900	148.000000
0.366920	147.000000
0.366940	146.000000
0.366960	145.000000
0.366980	144.000000
0.367000	144.000000
0.367020	144.000000
0.367040	145.000000
0.367060	146.000000
0.367080	147.000000
0.367100	148.000000
0.367120	149.000000
0.367140	149.000000
0.367160	150.000000
0.367180	151.000000
0.367200	152.000000
0.367220	153.000000
0.367240	153.000000
0.367260	152.000000
0.367280	151.000000
0.367300	148.000000
0.367320	144.000000
0.367340	141.000000
0.367360	139.000000
0.367380	139.000000
0.367400	142.000000
0.367420	146.000000
0.367440	149.000000
0.367460	151.000000
0.367480	151.000000
0.367500	149.000000
0.367520	147.000000
0.367540	149.000000
0.367560	152.000000
0.367580	156.000000
0.367600	158.000000
0.367620	156.000000
0.367640	152.000000
0.367660	146.000000
0.367680	141.000000
0.367700	139.000000
0.367720	139.000000
0.367740	143.000000
0.367760	147.000000
0.367780	149.000000
0.367800	149.000000
0.367820	146.000000
0.367840	144.000000
0.367860	143.000000
0.367880	145.000000
0.367900	148.000000
0.367920	153.000000
0.367940	157.000000
0.367960	159.000000
0.367980	158.000000
0.368000	156.000000
0.368020	153.000000
0.368040	150.000000
0.368060	148.000000
0.368080	147.000000
0.368100	145.000000
0.368120	142.000000
0.368140	138.000000
0.368160	133.000000
0.368180	130.000000
0.368200	131.000000
0.368220	134.000000
0.368240	140.000000
0.368260	147.000000
0.368280	154.000000
0.368300	159.000000
0.368320	163.000000
0.368340	166.000000
0.368360	167.000000
0.368380	165.000000
0.368400	161.000000
0.368420	154.000000
0.368440	148.000000
0.368460	142.000000
0.368480	137.000000
0.368500	133.000000
0.368520	131.000000
0.368540	130.000000
0.368560	132.000000
0.368580	135.000000
0.368600	141.000000
0.368620	147.000000
0.368640	153.000000
0.368660	157.000000
0.368680	160.000000
0.368700	162.000000
0.368720	162.000000
0.368740	160.000000
0.368760	157.000000
0.368780	153.000000
0.368800	148.000000
0.368820	144.000000
0.368840	141.000000
0.368860	139.000000
0.368880	138.000000
0.368900	139.000000
0.368920	140.000000
0.368940	143.000000
0.368960	146.000000
0.368980	149.000000
0.369000	152.000000
0.369020	155.000000
0.369040	156.000000
0.369060	155.000000
0.369080	154.000000
0.369100	152.000000
0.369120	150.000000
0.369140	149.000000
0.369160	147.000000
0.369180	146.000000
0.369200	144.000000
0.369220	143.000000
0.369240	143.000000
0.369260	143.000000
0.369280	144.000000
0.369300	145.000000
0.369320	146.000000
0.369340	148.000000
0.369360	150.000000
0.369380	151.000000
0.369400	151.000000
0.369420	150.000000
0.369440	148.000000
0.369460	147.000000
0.369480	147.000000
0.369500	148.000000
0.369520	148.000000
0.369540	149.000000
0.369560	148.000000
0.369580	148.000000
0.369600	147.000000
0.369620	147.000000
0.369640	146.000000
0.369660	147.000000
0.369680	147.000000
0.369700	148.000000
0.369720	148.000000
0.369740	148.000000
0.369760	147.000000
0.369780	147.000000
0.369800	146.000000
0.369820	146.000000
0.369840	147.000000
0.369860	146.000000
0.369880	146.000000
0.369900	146.000000
0.369920	147.000000
0.369940	149.000000
0.369960	151.000000
0.369980	152.000000
0.370000	151.000000
0.370020	150.000000
0.370040	149.000000
0.370060	148.000000
0.370080	148.000000
0.370100	147.000000
0.370120	146.000000
0.370140	146.000000
0.370160	145.000000
0.370180	145.000000
0.370200	145.000000
0.370220	145.000000
0.370240	146.000000
0.370260	146.000000
0.370280	147.000000
0.370300	148.000000
0.370320	148.000000
0.370340	148.000000
0.370360	149.000000
0.370380	151.000000
0.370400	152.000000
0.370420	152.000000
0.370440	152.000000
0.370460	150.000000
0.370480	148.000000
0.370500	146.000000
0.370520	144.000000
0.370540	142.000000
0.370560	142.000000
0.370580	142.000000
0.370600	144.000000
0.370620	147.000000
0.370640	149.000000
0.370660	150.000000
0.370680	148.000000
0.370700	147.000000
0.370720	147.000000
0.370740	150.000000
0.370760	154.000000
0.370780	158.000000
0.370800	158.000000
0.370820	154.000000
0.370840	148.000000
0.370860	142.000000
0.370880	139.000000
0.370900	139.000000
0.370920	141.000000
0.370940	143.000000
0.370960	145.000000
0.370980	145.000000
0.371000	144.000000
0.371020	143.000000
0.371040	142.000000
0.371060	143.000000
0.371080	146.000000
0.371100	150.000000
0.371120	154.000000
0.371140	157.000000
0.371160	158.000000
0.371180	157.000000
0.371200	154.000000
0.371220	151.000000
0.371240	149.000000
0.371260	147.000000
0.371280	145.000000
0.371300	143.000000
0.371320	140.000000
0.371340	137.000000
0.371360	134.000000
0.371380	132.000000
0.371400	133.000000
0.371420	136.000000
0.371440	142.000000
0.371460	149.000000
0.371480	155.000000
0.371500	160.000000
0.371520	163.000000
0.371540	166.000000
0.371560	166.000000
0.371580	164.000000
0.371600	159.000000
0.371620	152.000000
0.371640	146.000000
0.371660	140.000000
0.371680	136.000000
0.371700	132.000000
0.371720	130.000000
0.371740	130.000000
0.371760	133.000000
0.371780	138.000000
0.371800	144.000000
0.371820	151.000000
0.371840	157.000000
0.371860	161.000000
0.371880	164.000000
0.371900	165.000000
0.371920	164.000000
0.371940	161.000000
0.371960	156.000000
0.371980	151.000000
0.372000	145.000000
0.372020	140.000000
0.372040	136.000000
0.372060	133.000000
0.372080	133.000000
0.372100	134.000000
0.372120	138.000000
0.372140	142.000000
0.372160	146.000000
0.372180	150.000000
0.372200	153.000000
0.372220	156.000000
0.372240	157.000000
0.372260	158.000000
0.372280	157.000000
0.372300	155.000000
0.372320	152.000000
0.372340	149.000000
0.372360	146.000000
0.372380	145.000000
0.372400	144.000000
0.372420	143.000000
0.372440	142.000000
0.372460	141.000000
0.372480	142.000000
0.372500	143.000000
0.372520	145.000000
0.372540	148.000000
0.372560	150.000000
0.372580	151.000000
0.372600	151.000000
0.372620	151.000000
0.372640	150.000000
0.372660	149.000000
0.372680	149.000000
0.372700	149.000000
0.372720	148.000000
0.372740	147.000000
0.372760	146.000000
0.372780	146.000000
0.372800	147.000000
0.372820	147.000000
0.372840	148.000000
0.372860	148.000000
0.372880	147.000000
0.372900	147.000000
0.372920	146.000000
0.372940	145.000000
0.372960	145.000000
0.372980	144.000000
0.373000	145.000000
0.373020	145.000000
0.373040	146.000000
0.373060	147.000000
0.373080	148.000000
0.373100	148.000000
0.373120	149.000000
0.373140	150.000000
0.373160	151.000000
0.373180	151.000000
0.373200	150.000000
0.373220	149.000000
0.373240	148.000000
0.373260	147.000000
0.373280	146.000000
0.373300	146.000000
0.373320	146.000000
0.373340	146.000000
0.373360	147.000000
0.373380	147.000000
0.373400	147.000000
0.373420	147.000000
0.373440	147.000000
0.373460	148.000000
0.373480	149.000000
0.373500	149.000000
0.373520	149.000000
0.373540	148.000000
0.373560	148.000000
0.373580	148.000000
0.373600	150.000000
0.373620	151.000000
0.373640	152.000000
0.373660	150.000000
0.373680	148.000000
0.373700	146.000000
0.373720	144.000000
0.373740	143.000000
0.373760	143.000000
0.373780	144.000000
0.373800	146.000000
0.373820	149.000000
0.373840	150.000000
0.373860	149.000000
0.373880	147.000000
0.373900	146.000000
0.373920	147.000000
0.373940	151.000000
0.373960	155.000000
0.373980	157.000000
0.374000	156.000000
0.374020	151.000000
0.374040	145.000000
0.374060	140.000000
0.374080	138.000000
0.374100	140.000000
0.374120	143.000000
0.374140	147.000000
0.374160	148.000000
0.374180	147.000000
0.374200	145.000000
0.374220	143.000000
0.374240	143.000000
0.374260	145.000000
0.374280	148.000000
0.374300	152.000000
0.374320	155.000000
0.374340	158.000000
0.374360	159.000000
0.374380	158.000000
0.374400	155.000000
0.374420	152.000000
0.374440	150.000000
0.374460	147.000000
0.374480	144.000000
0.374500	141.000000
0.374520	137.000000
0.374540	134.000000
0.374560	133.000000
0.374580	133.000000
0.374600	134.000000
0.374620	138.000000
0.374640	143.000000
0.374660	150.000000
0.374680	156.000000
0.374700	162.000000
0.374720	165.000000
0.374740	165.000000
0.374760	164.000000
0.374780	161.000000
0.374800	156.000000
0.374820	150.000000
0.374840	143.000000
0.374860	137.000000
0.374880	133.000000
0.374900	131.000000
0.374920	131.000000
0.374940	133.000000
0.374960	136.000000
0.374980	140.000000
0.375000	146.000000
0.375020	151.000000
0.375040	157.000000
0.375060	161.000000
0.375080	163.000000
0.375100	163.000000
0.375120	161.000000
0.375140	157.000000
0.375160	153.000000
0.375180	149.000000
0.375200	145.000000
0.375220	142.000000
0.375240	139.000000
0.375260	138.000000
0.375280	137.000000
0.375300	138.000000
0.375320	139.000000
0.375340	142.000000
0.375360	146.000000
0.375380	150.000000
0.375400	153.000000
0.375420	155.000000
0.375440	155.000000
0.375460	155.000000
0.375480	154.000000
0.375500	153.000000
0.375520	151.000000
0.375540	148.000000
0.375560	146.000000
0.375580	144.000000
0.375600	143.000000
0.375620	143.000000
0.375640	143.000000
0.375660	143.000000
0.375680	143.000000
0.375700	145.000000
0.375720	146.000000
0.375740	148.000000
0.375760	149.000000
0.375780	150.000000
0.375800	151.000000
0.375820	151.000000
0.375840	150.000000
0.375860	148.000000
0.375880	148.000000
0.375900	148.000000
0.375920	148.000000
0.375940	148.000000
0.375960	147.000000
0.375980	146.000000
0.376000	146.000000
0.376020	147.000000
0.376040	148.000000
0.376060	148.000000
0.376080	148.000000
0.376100	147.000000
0.376120	147.000000
0.376140	147.000000
0.376160	147.000000
0.376180	146.000000
0.376200	146.000000
0.376220	146.000000
0.376240	147.000000
0.376260	148.000000
0.376280	150.000000
0.376300	151.000000
0.376320	151.000000
0.376340	150.000000
0.376360	150.000000
0.376380	149.000000
0.376400	149.000000
0.376420	148.000000
0.376440	146.000000
0.376460	146.000000
0.376480	145.000000
0.376500	146.000000
0.376520	147.000000
0.376540	147.000000
0.376560	148.000000
0.376580	148.000000
0.376600	148.000000
0.376620	148.000000
0.376640	148.000000
0.376660	148.000000
0.376680	148.000000
0.376700	148.000000
0.376720	147.000000
0.376740	147.000000
0.376760	147.000000
0.376780	148.000000
0.376800	150.000000
0.376820	150.000000
0.376840	150.000000
0.376860	149.000000
0.376880	147.000000
0.376900	146.000000
0.376920	144.000000
0.376940	144.000000
0.376960	144.000000
0.376980	145.000000
0.377000	147.000000
0.377020	148.000000
0.377040	149.000000
0.377060	148.000000
0.377080	147.000000
0.377100	148.000000
0.377120	149.000000
0.377140	151.000000
0.377160	153.000000
0.377180	154.000000
0.377200	153.000000
0.377220	151.000000
0.377240	148.000000
0.377260	144.000000
0.377280	142.000000
0.377300	142.000000
0.377320	145.000000
0.377340	147.000000
0.377360	147.000000
0.377380	146.000000
0.377400	144.000000
0.377420	143.000000
0.377440	145.000000
0.377460	147.000000
0.377480	150.000000
0.377500	152.000000
0.377520	154.000000
0.377540	154.000000
0.377560	154.000000
0.377580	152.000000
0.377600	151.000000
0.377620	149.000000
0.377640	148.000000
0.377660	147.000000
0.377680	144.000000
0.377700	142.000000
0.377720	139.000000
0.377740	137.000000
0.377760	135.000000
0.377780	136.000000
0.377800	139.000000
0.377820	143.000000
0.377840	148.000000
0.377860	153.000000
0.377880	156.000000
0.377900	159.000000
0.377920	161.000000
0.377940	162.000000
0.377960	161.000000
0.377980	157.000000
0.378000	153.000000
0.378020	148.000000
0.378040	144.000000
0.378060	140.000000
0.378080	137.000000
0.378100	135.000000
0.378120	134.000000
0.378140	135.000000
0.378160	138.000000
0.378180	142.000000
0.378200	147.000000
0.378220	151.000000
0.378240	155.000000
0.378260	158.000000
0.378280	160.000000
0.378300	160.000000
0.378320	158.000000
0.378340	155.000000
0.378360	151.000000
0.378380	148.000000
0.378400	144.000000
0.378420	141.000000
0.378440	138.000000
0.378460	138.000000
0.378480	138.000000
0.378500	140.000000
0.378520	142.000000
0.378540	144.000000
0.378560	147.000000
0.378580	150.000000
0.378600	154.000000
0.378620	156.000000
0.378640	156.000000
0.378660	155.000000
0.378680	153.000000
0.378700	151.000000
0.378720	150.000000
0.378740	147.000000
0.378760	145.000000
0.378780	144.000000
0.378800	143.000000
0.378820	143.000000
0.378840	143.000000
0.378860	143.000000
0.378880	143.000000
0.378900	144.000000
0.378920	147.000000
0.378940	149.000000
0.378960	150.000000
0.378980	150.000000
0.379000	150.000000
0.379020	149.000000
0.379040	149.000000
0.379060	149.000000
0.379080	150.000000
0.379100	150.000000
0.379120	149.000000
0.379140	148.000000
0.379160	147.000000
0.379180	147.000000
0.379200	147.000000
0.379220	147.000000
0.379240	146.000000
0.379260	146.000000
0.379280	146.000000
0.379300	146.000000
0.379320	146.000000
0.379340	145.000000
0.379360	144.000000
0.379380	144.000000
0.379400	145.000000
0.379420	147.000000
0.379440	149.000000
0.379460	149.000000
0.379480	150.000000
0.379500	151.000000
0.379520	153.000000
0.379540	153.000000
0.379560	152.000000
0.379580	150.000000
0.379600	149.000000
0.379620	148.000000
0.379640	147.000000
0.379660	146.000000
0.379680	146.000000
0.379700	146.000000
0.379720	146.000000
0.379740	147.000000
0.379760	147.000000
0.379780	147.000000
0.379800	147.000000
0.379820	147.000000
0.379840	147.000000
0.379860	148.000000
0.379880	150.000000
0.379900	150.000000
0.379920	150.000000
0.379940	149.000000
0.379960	148.000000
0.379980	148.000000
0.380000	149.000000
0.380020	150.000000
0.380040	150.000000
0.380060	148.000000
0.380080	146.000000
0.380100	144.000000
0.380120	144.000000
0.380140	144.000000
0.380160	145.000000
0.380180	146.000000
0.380200	147.000000
0.380220	149.000000
0.380240	149.000000
0.380260	148.000000
0.380280	147.000000
0.380300	148.000000
0.380320	149.000000
0.380340	151.000000
0.380360	152.000000
0.380380	152.000000
0.380400	151.000000
0.380420	149.000000
0.380440	146.000000
0.380460	143.000000
0.380480	142.000000
0.380500	143.000000
0.380520	144.000000
0.380540	145.000000
0.380560	145.000000
0.380580	144.000000
0.380600	144.000000
0.380620	145.000000
0.380640	146.000000
0.380660	147.000000
0.380680	149.000000
0.380700	151.000000
0.380720	153.000000
0.380740	154.000000
0.380760	153.000000
0.380780	152.000000
0.380800	151.000000
0.380820	151.000000
0.380840	150.000000
0.380860	148.000000
0.380880	145.000000
0.380900	143.000000
0.380920	142.000000
0.380940	141.000000
0.380960	139.000000
0.380980	139.000000
0.381000	141.000000
0.381020	144.000000
0.381040	148.000000
0.381060	151.000000
0.381080	154.000000
0.381100	157.000000
0.381120	159.000000
0.381140	159.000000
0.381160	157.000000
0.381180	153.000000
0.381200	150.000000
0.381220	148.000000
0.381240	145.000000
0.381260	139.000000
0.381280	135.000000
0.381300	134.000000
0.381320	137.000000
0.381340	140.000000
0.381360	141.000000
0.381380	141.000000
0.381400	145.000000
0.381420	153.000000
0.381440	160.000000
0.381460	158.000000
0.381480	143.000000
