0.341500	103.000000
0.341520	60.000000
0.341540	123.000000
0.341560	169.000000
0.341580	173.000000
0.341600	150.000000
0.341620	134.000000
0.341640	141.000000
0.341660	155.000000
0.341680	158.000000
0.341700	147.000000
0.341720	139.000000
0.341740	143.000000
0.341760	151.000000
0.341780	152.000000
0.341800	146.000000
0.341820	141.000000
0.341840	144.000000
0.341860	151.000000
0.341880	153.000000
0.341900	148.000000
0.341920	144.000000
0.341940	145.000000
0.341960	151.000000
0.341980	152.000000
0.342000	148.000000
0.342020	144.000000
0.342040	146.000000
0.342060	151.000000
0.342080	152.000000
0.342100	149.000000
0.342120	146.000000
0.342140	147.000000
0.342160	151.000000
0.342180	152.000000
0.342200	149.000000
0.342220	146.000000
0.342240	146.000000
0.342260	149.000000
0.342280	150.000000
0.342300	148.000000
0.342320	146.000000
0.342340	147.000000
0.342360	150.000000
0.342380	151.000000
0.342400	149.000000
0.342420	148.000000
0.342440	149.000000
0.342460	152.000000
0.342480	153.000000
0.342500	151.000000
0.342520	148.000000
0.342540	148.000000
0.342560	150.000000
0.342580	150.000000
0.342600	148.000000
0.342620	146.000000
0.342640	146.000000
0.342660	147.000000
0.342680	147.000000
0.342700	145.000000
0.342720	144.000000
0.342740	144.000000
0.342760	146.000000
0.342780	146.000000
0.342800	145.000000
0.342820	145.000000
0.342840	147.000000
0.342860	150.000000
0.342880	151.000000
0.342900	149.000000
0.342920	148.000000
0.342940	149.000000
0.342960	151.000000
0.342980	152.000000
0.343000	150.000000
0.343020	148.000000
0.343040	147.000000
0.343060	147.000000
0.343080	147.000000
0.343100	146.000000
0.343120	145.000000
0.343140	145.000000
0.343160	146.000000
0.343180	146.000000
0.343200	145.000000
0.343220	145.000000
0.343240	146.000000
0.343260	148.000000
0.343280	149.000000
0.343300	149.000000
0.343320	148.000000
0.343340	149.000000
0.343360	150.000000
0.343380	150.000000
0.343400	149.000000
0.343420	147.000000
0.343440	147.000000
0.343460	149.000000
0.343480	149.000000
0.343500	148.000000
0.343520	147.000000
0.343540	148.000000
0.343560	149.000000
0.343580	150.000000
0.343600	149.000000
0.343620	147.000000
0.343640	147.000000
0.343660	148.000000
0.343680	149.000000
0.343700	148.000000
0.343720	147.000000
0.343740	147.000000
0.343760	148.000000
0.343780	149.000000
0.343800	149.000000
0.343820	148.000000
0.343840	148.000000
0.343860	148.000000
0.343880	148.000000
0.343900	147.000000
0.343920	146.000000
0.343940	147.000000
0.343960	148.000000
0.343980	148.000000
0.344000	148.000000
0.344020	147.000000
0.344040	146.000000
0.344060	147.000000
0.344080	147.000000
0.344100	146.000000
0.344120	146.000000
0.344140	147.000000
0.344160	148.000000
0.344180	149.000000
0.344200	148.000000
0.344220	148.000000
0.344240	148.000000
0.344260	150.000000
0.344280	152.000000
0.344300	152.000000
0.344320	152.000000
0.344340	151.000000
0.344360	151.000000
0.344380	150.000000
0.344400	149.000000
0.344420	148.000000
0.344440	148.000000
0.344460	148.000000
0.344480	148.000000
0.344500	147.000000
0.344520	146.000000
0.344540	145.000000
0.344560	145.000000
0.344580	146.000000
0.344600	145.000000
0.344620	146.000000
0.344640	147.000000
0.344660	148.000000
0.344680	149.000000
0.344700	149.000000
0.344720	149.000000
0.344740	149.000000
0.344760	150.000000
0.344780	150.000000
0.344800	148.000000
0.344820	147.000000
0.344840	147.000000
0.344860	147.000000
0.344880	147.000000
0.344900	147.000000
0.344920	148.000000
0.344940	149.000000
0.344960	150.000000
0.344980	149.000000
0.345000	148.000000
0.345020	146.000000
0.345040	147.000000
0.345060	148.000000
0.345080	149.000000
0.345100	148.000000
0.345120	147.000000
0.345140	147.000000
0.345160	148.000000
0.345180	149.000000
0.345200	150.000000
0.345220	149.000000
0.345240	149.000000
0.345260	149.000000
0.345280	149.000000
0.345300	148.000000
0.345320	147.000000
0.345340	146.000000
0.345360	147.000000
0.345380	147.000000
0.345400	147.000000
0.345420	148.000000
0.345440	148.000000
0.345460	148.000000
0.345480	148.000000
0.345500	148.000000
0.345520	148.000000
0.345540	148.000000
0.345560	148.000000
0.345580	148.000000
0.345600	148.000000
0.345620	147.000000
0.345640	148.000000
0.345660	148.000000
0.345680	148.000000
0.345700	148.000000
0.345720	148.000000
0.345740	149.000000
0.345760	150.000000
0.345780	150.000000
0.345800	150.000000
0.345820	149.000000
0.345840	149.000000
0.345860	150.000000
0.345880	149.000000
0.345900	147.000000
0.345920	146.000000
0.345940	146.000000
0.345960	147.000000
0.345980	148.000000
0.346000	147.000000
0.346020	146.000000
0.346040	146.000000
0.346060	147.000000
0.346080	148.000000
0.346100	150.000000
0.346120	151.000000
0.346140	151.000000
0.346160	152.000000
0.346180	152.000000
0.346200	151.000000
0.346220	150.000000
0.346240	150.000000
0.346260	150.000000
0.346280	149.000000
0.346300	148.000000
0.346320	147.000000
0.346340	147.000000
0.346360	148.000000
0.346380	148.000000
0.346400	147.000000
0.346420	146.000000
0.346440	145.000000
0.346460	146.000000
0.346480	147.000000
0.346500	148.000000
0.346520	148.000000
0.346540	149.000000
0.346560	149.000000
0.346580	150.000000
0.346600	150.000000
0.346620	149.000000
0.346640	149.000000
0.346660	149.000000
0.346680	149.000000
0.346700	148.000000
0.346720	147.000000
0.346740	146.000000
0.346760	146.000000
0.346780	146.000000
0.346800	146.000000
0.346820	147.000000
0.346840	147.000000
0.346860	147.000000
0.346880	146.000000
0.346900	146.000000
0.346920	147.000000
0.346940	148.000000
0.346960	149.000000
0.346980	150.000000
0.347000	149.000000
0.347020	148.000000
0.347040	147.000000
0.347060	147.000000
0.347080	147.000000
0.347100	147.000000
0.347120	148.000000
0.347140	148.000000
0.347160	149.000000
0.347180	149.000000
0.347200	148.000000
0.347220	147.000000
0.347240	147.000000
0.347260	147.000000
0.347280	147.000000
0.347300	146.000000
0.347320	146.000000
0.347340	146.000000
0.347360	147.000000
0.347380	148.000000
0.347400	148.000000
0.347420	148.000000
0.347440	149.000000
0.347460	150.000000
0.347480	150.000000
0.347500	149.000000
0.347520	149.000000
0.347540	149.000000
0.347560	149.000000
0.347580	150.000000
0.347600	150.000000
0.347620	150.000000
0.347640	149.000000
0.347660	149.000000
0.347680	148.000000
0.347700	148.000000
0.347720	147.000000
0.347740	148.000000
0.347760	148.000000
0.347780	148.000000
0.347800	148.000000
0.347820	147.000000
0.347840	147.000000
0.347860	148.000000
0.347880	149.000000
0.347900	150.000000
0.347920	150.000000
0.347940	150.000000
0.347960	149.000000
0.347980	149.000000
0.348000	149.000000
0.348020	149.000000
0.348040	148.000000
0.348060	148.000000
0.348080	148.000000
0.348100	147.000000
0.348120	147.000000
0.348140	147.000000
0.348160	147.000000
0.348180	148.000000
0.348200	148.000000
0.348220	148.000000
0.348240	148.000000
0.348260	148.000000
0.348280	148.000000
0.348300	148.000000
0.348320	148.000000
0.348340	149.000000
0.348360	149.000000
0.348380	148.000000
0.348400	147.000000
0.348420	147.000000
0.348440	147.000000
0.348460	148.000000
0.348480	149.000000
0.348500	148.000000
0.348520	148.000000
0.348540	148.000000
0.348560	149.000000
0.348580	149.000000
0.348600	149.000000
0.348620	149.000000
0.348640	149.000000
0.348660	150.000000
0.348680	150.000000
0.348700	149.000000
0.348720	147.000000
0.348740	146.000000
0.348760	146.000000
0.348780	146.000000
0.348800	146.000000
0.348820	146.000000
0.348840	146.000000
0.348860	146.000000
0.348880	146.000000
0.348900	146.000000
0.348920	146.000000
0.348940	147.000000
0.348960	149.000000
0.348980	152.000000
0.349000	156.000000
0.349020	161.000000
0.349040	165.000000
0.349060	165.000000
0.349080	161.000000
0.349100	154.000000
0.349120	145.000000
0.349140	138.000000
0.349160	134.000000
0.349180	133.000000
0.349200	133.000000
0.349220	133.000000
0.349240	131.000000
0.349260	129.000000
0.349280	127.000000
0.349300	129.000000
0.349320	136.000000
0.349340	149.000000
0.349360	165.000000
0.349380	178.000000
0.349400	184.000000
0.349420	182.000000
0.349440	175.000000
0.349460	167.000000
0.349480	160.000000
0.349500	157.000000
0.349520	156.000000
0.349540	154.000000
0.349560	149.000000
0.349580	140.000000
0.349600	128.000000
0.349620	114.000000
0.349640	103.000000
0.349660	98.000000
0.349680	101.000000
0.349700	110.000000
0.349720	124.000000
0.349740	140.000000
0.349760	157.000000
0.349780	172.000000
0.349800	187.000000
0.349820	199.000000
0.349840	209.000000
0.349860	214.000000
0.349880	213.000000
0.349900	203.000000
0.349920	186.000000
0.349940	162.000000
0.349960	134.000000
0.349980	106.000000
0.350000	82.000000
0.350020	66.000000
0.350040	59.000000
0.350060	63.000000
0.350080	75.000000
0.350100	96.000000
0.350120	124.000000
0.350140	154.000000
0.350160	182.000000
0.350180	204.000000
0.350200	217.000000
0.350220	222.000000
0.350240	219.000000
0.350260	210.000000
0.350280	194.000000
0.350300	172.000000
0.350320	148.000000
0.350340	126.000000
0.350360	107.000000
0.350380	94.000000
0.350400	88.000000
0.350420	90.000000
0.350440	98.000000
0.350460	112.000000
0.350480	128.000000
0.350500	145.000000
0.350520	161.000000
0.350540	173.000000
0.350560	180.000000
0.350580	183.000000
0.350600	181.000000
0.350620	176.000000
0.350640	168.000000
0.350660	159.000000
0.350680	149.000000
0.350700	141.000000
0.350720	134.000000
0.350740	130.000000
0.350760	129.000000
0.350780	131.000000
0.350800	133.000000
0.350820	137.000000
0.350840	142.000000
0.350860	148.000000
0.350880	153.000000
0.350900	156.000000
0.350920	158.000000
0.350940	158.000000
0.350960	158.000000
0.350980	156.000000
0.351000	153.000000
0.351020	150.000000
0.351040	146.000000
0.351060	144.000000
0.351080	142.000000
0.351100	142.000000
0.351120	143.000000
0.351140	145.000000
0.351160	146.000000
0.351180	148.000000
0.351200	148.000000
0.351220	149.000000
0.351240	150.000000
0.351260	151.000000
0.351280	151.000000
0.351300	151.000000
0.351320	151.000000
0.351340	150.000000
0.351360	149.000000
0.351380	149.000000
0.351400	148.000000
0.351420	148.000000
0.351440	148.000000
0.351460	148.000000
0.351480	147.000000
0.351500	146.000000
0.351520	146.000000
0.351540	147.000000
0.351560	148.000000
0.351580	148.000000
0.351600	148.000000
0.351620	147.000000
0.351640	148.000000
0.351660	149.000000
0.351680	150.000000
0.351700	150.000000
0.351720	150.000000
0.351740	150.000000
0.351760	150.000000
0.351780	150.000000
0.351800	149.000000
0.351820	149.000000
0.351840	148.000000
0.351860	147.000000
0.351880	146.000000
0.351900	145.000000
0.351920	144.000000
0.351940	143.000000
0.351960	144.000000
0.351980	145.000000
0.352000	146.000000
0.352020	147.000000
0.352040	147.000000
0.352060	147.000000
0.352080	146.000000
0.352100	145.000000
0.352120	145.000000
0.352140	146.000000
0.352160	150.000000
0.352180	155.000000
0.352200	160.000000
0.352220	164.000000
0.352240	165.000000
0.352260	163.000000
0.352280	158.000000
0.352300	149.000000
0.352320	141.000000
0.352340	135.000000
0.352360	133.000000
0.352380	134.000000
0.352400	136.000000
0.352420	135.000000
0.352440	132.000000
0.352460	129.000000
0.352480	129.000000
0.352500	134.000000
0.352520	144.000000
0.352540	158.000000
0.352560	172.000000
0.352580	180.000000
0.352600	181.000000
0.352620	175.000000
0.352640	166.000000
0.352660	159.000000
0.352680	156.000000
0.352700	156.000000
0.352720	156.000000
0.352740	153.000000
0.352760	145.000000
0.352780	134.000000
0.352800	121.000000
0.352820	110.000000
0.352840	104.000000
0.352860	104.000000
0.352880	110.000000
0.352900	122.000000
0.352920	136.000000
0.352940	152.000000
0.352960	166.000000
0.352980	179.000000
0.353000	191.000000
0.353020	201.000000
0.353040	209.000000
0.353060	211.000000
0.353080	206.000000
0.353100	192.000000
0.353120	170.000000
0.353140	144.000000
0.353160	116.000000
0.353180	92.000000
0.353200	74.000000
0.353220	65.000000
0.353240	66.000000
0.353260	75.000000
0.353280	93.000000
0.353300	116.000000
0.353320	143.000000
0.353340	170.000000
0.353360	193.000000
0.353380	210.000000
0.353400	218.000000
0.353420	219.000000
0.353440	212.000000
0.353460	198.000000
0.353480	179.000000
0.353500	157.000000
0.353520	136.000000
0.353540	116.000000
0.353560	101.000000
0.353580	92.000000
0.353600	91.000000
0.353620	96.000000
0.353640	108.000000
0.353660	122.000000
0.353680	138.000000
0.353700	154.000000
0.353720	167.000000
0.353740	177.000000
0.353760	183.000000
0.353780	183.000000
0.353800	179.000000
0.353820	172.000000
0.353840	164.000000
0.353860	155.000000
0.353880	146.000000
0.353900	137.000000
0.353920	131.000000
0.353940	128.000000
0.353960	128.000000
0.353980	131.000000
0.354000	134.000000
0.354020	138.000000
0.354040	143.000000
0.354060	149.000000
0.354080	154.000000
0.354100	157.000000
0.354120	159.000000
0.354140	160.000000
0.354160	159.000000
0.354180	156.000000
0.354200	153.000000
0.354220	150.000000
0.354240	147.000000
0.354260	146.000000
0.354280	144.000000
0.354300	143.000000
0.354320	142.000000
0.354340	142.000000
0.354360	142.000000
0.354380	143.000000
0.354400	145.000000
0.354420	147.000000
0.354440	148.000000
0.354460	150.000000
0.354480	151.000000
0.354500	152.000000
0.354520	152.000000
0.354540	152.000000
0.354560	151.000000
0.354580	150.000000
0.354600	148.000000
0.354620	147.000000
0.354640	147.000000
0.354660	148.000000
0.354680	148.000000
0.354700	147.000000
0.354720	145.000000
0.354740	143.000000
0.354760	143.000000
0.354780	143.000000
0.354800	144.000000
0.354820	146.000000
0.354840	147.000000
0.354860	148.000000
0.354880	149.000000
0.354900	149.000000
0.354920	149.000000
0.354940	150.000000
0.354960	151.000000
0.354980	151.000000
0.355000	151.000000
0.355020	150.000000
0.355040	149.000000
0.355060	148.000000
0.355080	147.000000
0.355100	145.000000
0.355120	145.000000
0.355140	145.000000
0.355160	146.000000
0.355180	147.000000
0.355200	148.000000
0.355220	147.000000
0.355240	146.000000
0.355260	146.000000
0.355280	146.000000
0.355300	146.000000
0.355320	147.000000
0.355340	149.000000
0.355360	152.000000
0.355380	155.000000
0.355400	158.000000
0.355420	159.000000
0.355440	158.000000
0.355460	155.000000
0.355480	149.000000
0.355500	144.000000
0.355520	141.000000
0.355540	140.000000
0.355560	141.000000
0.355580	142.000000
0.355600	142.000000
0.355620	140.000000
0.355640	137.000000
0.355660	134.000000
0.355680	135.000000
0.355700	140.000000
0.355720	150.000000
0.355740	160.000000
0.355760	168.000000
0.355780	171.000000
0.355800	168.000000
0.355820	162.000000
0.355840	156.000000
0.355860	153.000000
0.355880	152.000000
0.355900	153.000000
0.355920	152.000000
0.355940	149.000000
0.355960	141.000000
0.355980	132.000000
0.356000	122.000000
0.356020	117.000000
0.356040	116.000000
0.356060	121.000000
0.356080	128.000000
0.356100	137.000000
0.356120	146.000000
0.356140	155.000000
0.356160	164.000000
0.356180	174.000000
0.356200	182.000000
0.356220	189.000000
0.356240	192.000000
0.356260	190.000000
0.356280	182.000000
0.356300	168.000000
0.356320	150.000000
0.356340	132.000000
0.356360	116.000000
0.356380	104.000000
0.356400	96.000000
0.356420	94.000000
0.356440	98.000000
0.356460	108.000000
0.356480	122.000000
0.356500	139.000000
0.356520	158.000000
0.356540	175.000000
0.356560	189.000000
0.356580	196.000000
0.356600	198.000000
0.356620	194.000000
0.356640	185.000000
0.356660	172.000000
0.356680	157.000000
0.356700	142.000000
0.356720	128.000000
0.356740	118.000000
0.356760	112.000000
0.356780	109.000000
0.356800	111.000000
0.356820	117.000000
0.356840	126.000000
0.356860	137.000000
0.356880	149.000000
0.356900	159.000000
0.356920	167.000000
0.356940	171.000000
0.356960	172.000000
0.356980	171.000000
0.357000	167.000000
0.357020	162.000000
0.357040	156.000000
0.357060	149.000000
0.357080	143.000000
0.357100	138.000000
0.357120	135.000000
0.357140	134.000000
0.357160	135.000000
0.357180	137.000000
0.357200	140.000000
0.357220	145.000000
0.357240	150.000000
0.357260	156.000000
0.357280	159.000000
0.357300	159.000000
0.357320	158.000000
0.357340	157.000000
0.357360	155.000000
0.357380	154.000000
0.357400	152.000000
0.357420	149.000000
0.357440	146.000000
0.357460	144.000000
0.357480	143.000000
0.357500	143.000000
0.357520	143.000000
0.357540	143.000000
0.357560	144.000000
0.357580	145.000000
0.357600	147.000000
0.357620	148.000000
0.357640	149.000000
0.357660	150.000000
0.357680	152.000000
0.357700	152.000000
0.357720	153.000000
0.357740	152.000000
0.357760	152.000000
0.357780	150.000000
0.357800	149.000000
0.357820	148.000000
0.357840	147.000000
0.357860	145.000000
0.357880	144.000000
0.357900	142.000000
0.357920	142.000000
0.357940	142.000000
0.357960	144.000000
0.357980	145.000000
0.358000	146.000000
0.358020	147.000000
0.358040	148.000000
0.358060	149.000000
0.358080	150.000000
0.358100	150.000000
0.358120	151.000000
0.358140	151.000000
0.358160	150.000000
0.358180	149.000000
0.358200	148.000000
0.358220	147.000000
0.358240	147.000000
0.358260	146.000000
0.358280	145.000000
0.358300	144.000000
0.358320	142.000000
0.358340	142.000000
0.358360	143.000000
0.358380	144.000000
0.358400	145.000000
0.358420	146.000000
0.358440	147.000000
0.358460	147.000000
0.358480	147.000000
0.358500	147.000000
0.358520	147.000000
0.358540	149.000000
0.358560	152.000000
0.358580	155.000000
0.358600	156.000000
0.358620	156.000000
0.358640	153.000000
0.358660	150.000000
0.358680	147.000000
0.358700	144.000000
0.358720	142.000000
0.358740	143.000000
0.358760	144.000000
0.358780	145.000000
0.358800	144.000000
0.358820	142.000000
0.358840	139.000000
0.358860	139.000000
0.358880	142.000000
0.358900	148.000000
0.358920	154.000000
0.358940	158.000000
0.358960	160.000000
0.358980	159.000000
0.359000	155.000000
0.359020	152.000000
0.359040	150.000000
0.359060	151.000000
0.359080	152.000000
0.359100	152.000000
0.359120	150.000000
0.359140	146.000000
0.359160	141.000000
0.359180	136.000000
0.359200	132.000000
0.359220	131.000000
0.359240	132.000000
0.359260	136.000000
0.359280	141.000000
0.359300	147.000000
0.359320	152.000000
0.359340	156.000000
0.359360	160.000000
0.359380	164.000000
0.359400	168.000000
0.359420	170.000000
0.359440	170.000000
0.359460	166.000000
0.359480	159.000000
0.359500	149.000000
0.359520	138.000000
0.359540	129.000000
0.359560	123.000000
0.359580	120.000000
0.359600	121.000000
0.359620	124.000000
0.359640	129.000000
0.359660	137.000000
0.359680	147.000000
0.359700	157.000000
0.359720	165.000000
0.359740	171.000000
0.359760	174.000000
0.359780	174.000000
0.359800	171.000000
0.359820	165.000000
0.359840	157.000000
0.359860	148.000000
0.359880	140.000000
0.359900	133.000000
0.359920	130.000000
0.359940	130.000000
0.359960	131.000000
0.359980	134.000000
0.360000	138.000000
0.360020	143.000000
0.360040	149.000000
0.360060	155.000000
0.360080	159.000000
0.360100	162.000000
0.360120	163.000000
0.360140	162.000000
0.360160	160.000000
0.360180	156.000000
0.360200	151.000000
0.360220	147.000000
0.360240	143.000000
0.360260	141.000000
0.360280	139.000000
0.360300	138.000000
0.360320	138.000000
0.360340	140.000000
0.360360	143.000000
0.360380	147.000000
0.360400	150.000000
0.360420	152.000000
0.360440	154.000000
0.360460	156.000000
0.360480	157.000000
0.360500	157.000000
0.360520	155.000000
0.360540	153.000000
0.360560	150.000000
0.360580	148.000000
0.360600	145.000000
0.360620	143.000000
0.360640	142.000000
0.360660	143.000000
0.360680	143.000000
0.360700	144.000000
0.360720	144.000000
0.360740	145.000000
0.360760	147.000000
0.360780	150.000000
0.360800	151.000000
0.360820	150.000000
0.360840	149.000000
0.360860	149.000000
0.360880	150.000000
0.360900	151.000000
0.360920	151.000000
0.360940	150.000000
0.360960	148.000000
0.360980	146.000000
0.361000	145.000000
0.361020	145.000000
0.361040	145.000000
0.361060	145.000000
0.361080	144.000000
0.361100	144.000000
0.361120	143.000000
0.361140	143.000000
0.361160	144.000000
0.361180	146.000000
0.361200	147.000000
0.361220	148.000000
0.361240	149.000000
0.361260	150.000000
0.361280	151.000000
0.361300	152.000000
0.361320	151.000000
0.361340	150.000000
0.361360	149.000000
0.361380	149.000000
0.361400	149.000000
0.361420	148.000000
0.361440	147.000000
0.361460	146.000000
0.361480	145.000000
0.361500	146.000000
0.361520	146.000000
0.361540	145.000000
0.361560	145.000000
0.361580	146.000000
0.361600	147.000000
0.361620	148.000000
0.361640	148.000000
0.361660	148.000000
0.361680	147.000000
0.361700	147.000000
0.361720	147.000000
0.361740	149.000000
0.361760	150.000000
0.361780	151.000000
0.361800	151.000000
0.361820	149.000000
0.361840	147.000000
0.361860	145.000000
0.361880	144.000000
0.361900	145.000000
0.361920	147.000000
0.361940	149.000000
0.361960	151.000000
0.361980	150.000000
0.362000	148.000000
0.362020	145.000000
0.362040	144.000000
0.362060	145.000000
0.362080	147.000000
0.362100	149.000000
0.362120	151.000000
0.362140	151.000000
0.362160	150.000000
0.362180	148.000000
0.362200	146.000000
0.362220	145.000000
0.362240	146.000000
0.362260	149.000000
0.362280	151.000000
0.362300	151.000000
0.362320	149.000000
0.362340	145.000000
0.362360	142.000000
0.362380	140.000000
0.362400	140.000000
0.362420	142.000000
0.362440	145.000000
0.362460	148.000000
0.362480	151.000000
0.362500	152.000000
0.362520	152.000000
0.362540	152.000000
0.362560	153.000000
0.362580	155.000000
0.362600	157.000000
0.362620	156.000000
0.362640	153.000000
0.362660	149.000000
0.362680	144.000000
0.362700	140.000000
0.362720	137.000000
0.362740	135.000000
0.362760	135.000000
0.362780	137.000000
0.362800	141.000000
0.362820	146.000000
0.362840	150.000000
0.362860	155.000000
0.362880	159.000000
0.362900	162.000000
0.362920	162.000000
0.362940	160.000000
0.362960	157.000000
0.362980	153.000000
0.363000	148.000000
0.363020	143.000000
0.363040	138.000000
0.363060	134.000000
0.363080	132.000000
0.363100	133.000000
0.363120	135.000000
0.363140	139.000000
0.363160	144.000000
0.363180	149.000000
0.363200	154.000000
0.363220	157.000000
0.363240	159.000000
0.363260	159.000000
0.363280	159.000000
0.363300	158.000000
0.363320	155.000000
0.363340	151.000000
0.363360	147.000000
0.363380	143.000000
0.363400	140.000000
0.363420	139.000000
0.363440	139.000000
0.363460	140.000000
0.363480	141.000000
0.363500	143.000000
0.363520	145.000000
0.363540	148.000000
0.363560	151.000000
0.363580	153.000000
0.363600	155.000000
0.363620	156.000000
0.363640	155.000000
0.363660	153.000000
0.363680	152.000000
0.363700	150.000000
0.363720	149.000000
0.363740	147.000000
0.363760	145.000000
0.363780	142.000000
0.363800	141.000000
0.363820	140.000000
0.363840	141.000000
0.363860	142.000000
0.363880	144.000000
0.363900	145.000000
0.363920	147.000000
0.363940	149.000000
0.363960	150.000000
0.363980	151.000000
0.364000	151.000000
0.364020	152.000000
0.364040	151.000000
0.364060	151.000000
0.364080	150.000000
0.364100	149.000000
0.364120	148.000000
0.364140	147.000000
0.364160	147.000000
0.364180	146.000000
0.364200	145.000000
0.364220	145.000000
0.364240	145.000000
0.364260	145.000000
0.364280	145.000000
0.364300	145.000000
0.364320	145.000000
0.364340	146.000000
0.364360	147.000000
0.364380	148.000000
0.364400	150.000000
0.364420	151.000000
0.364440	151.000000
0.364460	151.000000
0.364480	151.000000
0.364500	151.000000
0.364520	151.000000
0.364540	151.000000
0.364560	150.000000
0.364580	149.000000
0.364600	148.000000
0.364620	147.000000
0.364640	147.000000
0.364660	147.000000
0.364680	147.000000
0.364700	146.000000
0.364720	145.000000
0.364740	145.000000
0.364760	146.000000
0.364780	147.000000
0.364800	148.000000
0.364820	149.000000
0.364840	149.000000
0.364860	148.000000
0.364880	147.000000
0.364900	147.000000
0.364920	148.000000
0.364940	149.000000
0.364960	149.000000
0.364980	149.000000
0.365000	147.000000
0.365020	146.000000
0.365040	146.000000
0.365060	146.000000
0.365080	147.000000
0.365100	148.000000
0.365120	149.000000
0.365140	150.000000
0.365160	150.000000
0.365180	149.000000
0.365200	148.000000
0.365220	148.000000
0.365240	148.000000
0.365260	149.000000
0.365280	150.000000
0.365300	152.000000
0.365320	152.000000
0.365340	150.000000
0.365360	147.000000
0.365380	144.000000
0.365400	142.000000
0.365420	143.000000
0.365440	146.000000
0.365460	149.000000
0.365480	151.000000
0.365500	150.000000
0.365520	148.000000
0.365540	145.000000
0.365560	144.000000
0.365580	145.000000
0.365600	147.000000
0.365620	150.000000
0.365640	152.000000
0.365660	153.000000
0.365680	154.000000
0.365700	154.000000
0.365720	153.000000
0.365740	152.000000
0.365760	150.000000
0.365780	149.000000
0.365800	148.000000
0.365820	145.000000
0.365840	141.000000
0.365860	138.000000
0.365880	135.000000
0.365900	135.000000
0.365920	137.000000
0.365940	140.000000
0.365960	144.000000
0.365980	149.000000
0.366000	155.000000
0.366020	160.000000
0.366040	164.000000
0.366060	166.000000
0.366080	165.000000
0.366100	162.000000
0.366120	157.000000
0.366140	151.000000
0.366160	145.000000
0.366180	140.000000
0.366200	135.000000
0.366220	132.000000
0.366240	130.000000
0.366260	131.000000
0.366280	134.000000
0.366300	139.000000
0.366320	145.000000
0.366340	151.000000
0.366360	156.000000
0.366380	161.000000
0.366400	163.000000
0.366420	164.000000
0.366440	163.000000
0.366460	160.000000
0.366480	156.000000
0.366500	152.000000
0.366520	147.000000
0.366540	143.000000
0.366560	139.000000
0.366580	137.000000
0.366600	135.000000
0.366620	135.000000
0.366640	136.000000
0.366660	139.000000
0.366680	143.000000
0.366700	148.000000
0.366720	151.000000
0.366740	154.000000
0.366760	155.000000
0.366780	155.000000
0.366800	156.000000
0.366820	156.000000
0.366840	154.000000
0.366860	152.000000
0.366880	150.000000
0.366900	148.000000
0.366920	147.000000
0.366940	145.000000
0.366960	143.000000
0.366980	141.000000
0.367000	142.000000
0.367020	143.000000
0.367040	144.000000
0.367060	145.000000
0.367080	146.000000
0.367100	148.000000
0.367120	150.000000
0.367140	151.000000
0.367160	151.000000
0.367180	151.000000
0.367200	150.000000
0.367220	151.000000
0.367240	152.000000
0.367260	151.000000
0.367280	150.000000
0.367300	149.000000
0.367320	148.000000
0.367340	148.000000
0.367360	147.000000
0.367380	146.000000
0.367400	145.000000
0.367420	144.000000
0.367440	144.000000
0.367460	144.000000
0.367480	144.000000
0.367500	143.000000
0.367520	143.000000
0.367540	143.000000
0.367560	145.000000
0.367580	147.000000
0.367600	149.000000
0.367620	150.000000
0.367640	151.000000
0.367660	151.000000
0.367680	151.000000
0.367700	151.000000
0.367720	150.000000
0.367740	150.000000
0.367760	149.000000
0.367780	148.000000
0.367800	147.000000
0.367820	145.000000
0.367840	145.000000
0.367860	145.000000
0.367880	146.000000
0.367900	146.000000
0.367920	147.000000
0.367940	148.000000
0.367960	149.000000
0.367980	150.000000
0.368000	150.000000
0.368020	150.000000
0.368040	149.000000
0.368060	149.000000
0.368080	148.000000
0.368100	147.000000
0.368120	147.000000
0.368140	147.000000
0.368160	148.000000
0.368180	148.000000
0.368200	146.000000
0.368220	145.000000
0.368240	143.000000
0.368260	144.000000
0.368280	145.000000
0.368300	147.000000
0.368320	149.000000
0.368340	150.000000
0.368360	150.000000
0.368380	149.000000
0.368400	148.000000
0.368420	148.000000
0.368440	148.000000
0.368460	150.000000
0.368480	152.000000
0.368500	152.000000
0.368520	150.000000
0.368540	146.000000
0.368560	143.000000
0.368580	141.000000
0.368600	142.000000
0.368620	144.000000
0.368640	147.000000
0.368660	149.000000
0.368680	149.000000
0.368700	149.000000
0.368720	148.000000
0.368740	147.000000
0.368760	147.000000
0.368780	147.000000
0.368800	148.000000
0.368820	150.000000
0.368840	152.000000
0.368860	153.000000
0.368880	153.000000
0.368900	153.000000
0.368920	151.000000
0.368940	149.000000
0.368960	147.000000
0.368980	145.000000
0.369000	142.000000
0.369020	140.000000
0.369040	137.000000
0.369060	135.000000
0.369080	135.000000
0.369100	136.000000
0.369120	140.000000
0.369140	145.000000
0.369160	151.000000
0.369180	156.000000
0.369200	160.000000
0.369220	163.000000
0.369240	165.000000
0.369260	165.000000
0.369280	162.000000
0.369300	157.000000
0.369320	150.000000
0.369340	144.000000
0.369360	138.000000
0.369380	133.000000
0.369400	130.000000
0.369420	128.000000
0.369440	128.000000
0.369460	132.000000
0.369480	138.000000
0.369500	146.000000
0.369520	153.000000
0.369540	159.000000
0.369560	163.000000
0.369580	165.000000
0.369600	165.000000
0.369620	164.000000
0.369640	160.000000
0.369660	155.000000
0.369680	150.000000
0.369700	145.000000
0.369720	141.000000
0.369740	137.000000
0.369760	134.000000
0.369780	133.000000
0.369800	134.000000
0.369820	137.000000
0.369840	141.000000
0.369860	145.000000
0.369880	149.000000
0.369900	152.000000
0.369920	155.000000
0.369940	156.000000
0.369960	155.000000
0.369980	154.000000
0.370000	153.000000
0.370020	151.000000
0.370040	150.000000
0.370060	148.000000
0.370080	147.000000
0.370100	145.000000
0.370120	143.000000
0.370140	142.000000
0.370160	142.000000
0.370180	142.000000
0.370200	143.000000
0.370220	144.000000
0.370240	145.000000
0.370260	146.000000
0.370280	147.000000
0.370300	148.000000
0.370320	150.000000
0.370340	151.000000
0.370360	151.000000
0.370380	151.000000
0.370400	150.000000
0.370420	150.000000
0.370440	150.000000
0.370460	150.000000
0.370480	150.000000
0.370500	148.000000
0.370520	147.000000
0.370540	147.000000
0.370560	147.000000
0.370580	146.000000
0.370600	146.000000
0.370620	144.000000
0.370640	144.000000
0.370660	144.000000
0.370680	144.000000
0.370700	145.000000
0.370720	146.000000
0.370740	147.000000
0.370760	148.000000
0.370780	150.000000
0.370800	151.000000
0.370820	152.000000
0.370840	152.000000
0.370860	152.000000
0.370880	152.000000
0.370900	152.000000
0.370920	150.000000
0.370940	148.000000
0.370960	145.000000
0.370980	143.000000
0.371000	142.000000
0.371020	142.000000
0.371040	143.000000
0.371060	144.000000
0.371080	146.000000
0.371100	147.000000
0.371120	149.000000
0.371140	150.000000
0.371160	150.000000
0.371180	151.000000
0.371200	151.000000
0.371220	150.000000
0.371240	149.000000
0.371260	149.000000
0.371280	148.000000
0.371300	148.000000
0.371320	148.000000
0.371340	147.000000
0.371360	147.000000
0.371380	146.000000
0.371400	144.000000
0.371420	144.000000
0.371440	143.000000
0.371460	144.000000
0.371480	146.000000
0.371500	148.000000
0.371520	149.000000
0.371540	150.000000
0.371560	149.000000
0.371580	148.000000
0.371600	148.000000
0.371620	148.000000
0.371640	149.000000
0.371660	151.000000
0.371680	152.000000
0.371700	151.000000
0.371720	148.000000
0.371740	146.000000
0.371760	144.000000
0.371780	143.000000
0.371800	144.000000
0.371820	145.000000
0.371840	147.000000
0.371860	147.000000
0.371880	148.000000
0.371900	147.000000
0.371920	146.000000
0.371940	145.000000
0.371960	146.000000
0.371980	148.000000
0.372000	151.000000
0.372020	153.000000
0.372040	154.000000
0.372060	154.000000
0.372080	153.000000
0.372100	152.000000
0.372120	151.000000
0.372140	149.000000
0.372160	146.000000
0.372180	142.000000
0.372200	139.000000
0.372220	137.000000
0.372240	136.000000
0.372260	135.000000
0.372280	136.000000
0.372300	139.000000
0.372320	143.000000
0.372340	149.000000
0.372360	155.000000
0.372380	160.000000
0.372400	164.000000
0.372420	166.000000
0.372440	167.000000
0.372460	164.000000
0.372480	160.000000
0.372500	153.000000
0.372520	147.000000
0.372540	140.000000
0.372560	135.000000
0.372580	131.000000
0.372600	129.000000
0.372620	128.000000
0.372640	131.000000
0.372660	136.000000
0.372680	143.000000
0.372700	149.000000
0.372720	155.000000
0.372740	159.000000
0.372760	162.000000
0.372780	163.000000
0.372800	162.000000
0.372820	159.000000
0.372840	155.000000
0.372860	150.000000
0.372880	145.000000
0.372900	141.000000
0.372920	138.000000
0.372940	136.000000
0.372960	135.000000
0.372980	135.000000
0.373000	137.000000
0.373020	140.000000
0.373040	144.000000
0.373060	148.000000
0.373080	151.000000
0.373100	153.000000
0.373120	155.000000
0.373140	156.000000
0.373160	156.000000
0.373180	155.000000
0.373200	154.000000
0.373220	152.000000
0.373240	150.000000
0.373260	149.000000
0.373280	147.000000
0.373300	145.000000
0.373320	144.000000
0.373340	142.000000
0.373360	141.000000
0.373380	142.000000
0.373400	143.000000
0.373420	144.000000
0.373440	146.000000
0.373460	146.000000
0.373480	147.000000
0.373500	149.000000
0.373520	150.000000
0.373540	152.000000
0.373560	152.000000
0.373580	152.000000
0.373600	151.000000
0.373620	150.000000
0.373640	150.000000
0.373660	149.000000
0.373680	148.000000
0.373700	147.000000
0.373720	146.000000
0.373740	146.000000
0.373760	145.000000
0.373780	144.000000
0.373800	143.000000
0.373820	143.000000
0.373840	144.000000
0.373860	145.000000
0.373880	147.000000
0.373900	148.000000
0.373920	148.000000
0.373940	149.000000
0.373960	150.000000
0.373980	150.000000
0.374000	151.000000
0.374020	152.000000
0.374040	152.000000
0.374060	153.000000
0.374080	152.000000
0.374100	150.000000
0.374120	148.000000
0.374140	146.000000
0.374160	145.000000
0.374180	145.000000
0.374200	145.000000
0.374220	145.000000
0.374240	146.000000
0.374260	147.000000
0.374280	148.000000
0.374300	149.000000
0.374320	149.000000
0.374340	149.000000
0.374360	151.000000
0.374380	152.000000
0.374400	152.000000
0.374420	150.000000
0.374440	147.000000
0.374460	145.000000
0.374480	145.000000
0.374500	145.000000
0.374520	146.000000
0.374540	145.000000
0.374560	144.000000
0.374580	144.000000
0.374600	144.000000
0.374620	145.000000
0.374640	146.000000
0.374660	147.000000
0.374680	148.000000
0.374700	150.000000
0.374720	151.000000
0.374740	151.000000
0.374760	151.000000
0.374780	150.000000
0.374800	150.000000
0.374820	150.000000
0.374840	151.000000
0.374860	151.000000
0.374880	151.000000
0.374900	149.000000
0.374920	146.000000
0.374940	143.000000
0.374960	142.000000
0.374980	143.000000
0.375000	146.000000
0.375020	149.000000
0.375040	150.000000
0.375060	150.000000
0.375080	149.000000
0.375100	148.000000
0.375120	148.000000
0.375140	148.000000
0.375160	149.000000
0.375180	150.000000
0.375200	151.000000
0.375220	153.000000
0.375240	153.000000
0.375260	153.000000
0.375280	153.000000
0.375300	151.000000
0.375320	150.000000
0.375340	148.000000
0.375360	145.000000
0.375380	142.000000
0.375400	139.000000
0.375420	136.000000
0.375440	135.000000
0.375460	135.000000
0.375480	136.000000
0.375500	139.000000
0.375520	144.000000
0.375540	150.000000
0.375560	156.000000
0.375580	161.000000
0.375600	164.000000
0.375620	165.000000
0.375640	164.000000
0.375660	161.000000
0.375680	155.000000
0.375700	148.000000
0.375720	142.000000
0.375740	138.000000
0.375760	134.000000
0.375780	132.000000
0.375800	131.000000
0.375820	132.000000
0.375840	134.000000
0.375860	139.000000
0.375880	144.000000
0.375900	150.000000
0.375920	155.000000
0.375940	159.000000
0.375960	161.000000
0.375980	162.000000
0.376000	161.000000
0.376020	158.000000
0.376040	155.000000
0.376060	151.000000
0.376080	147.000000
0.376100	143.000000
0.376120	141.000000
0.376140	139.000000
0.376160	138.000000
0.376180	139.000000
0.376200	140.000000
0.376220	143.000000
0.376240	146.000000
0.376260	148.000000
0.376280	149.000000
0.376300	150.000000
0.376320	150.000000
0.376340	151.000000
0.376360	152.000000
0.376380	153.000000
0.376400	154.000000
0.376420	153.000000
0.376440	151.000000
0.376460	148.000000
0.376480	146.000000
0.376500	145.000000
0.376520	145.000000
0.376540	145.000000
0.376560	145.000000
0.376580	144.000000
0.376600	144.000000
0.376620	145.000000
0.376640	146.000000
0.376660	148.000000
0.376680	149.000000
0.376700	150.000000
0.376720	150.000000
0.376740	151.000000
0.376760	151.000000
0.376780	151.000000
0.376800	151.000000
0.376820	151.000000
0.376840	150.000000
0.376860	149.000000
0.376880	148.000000
0.376900	147.000000
0.376920	145.000000
0.376940	144.000000
0.376960	143.000000
0.376980	143.000000
0.377000	143.000000
0.377020	144.000000
0.377040	145.000000
0.377060	146.000000
0.377080	147.000000
0.377100	148.000000
0.377120	149.000000
0.377140	151.000000
0.377160	152.000000
0.377180	153.000000
0.377200	153.000000
0.377220	153.000000
0.377240	151.000000
0.377260	150.000000
0.377280	148.000000
0.377300	147.000000
0.377320	145.000000
0.377340	143.000000
0.377360	142.000000
0.377380	141.000000
0.377400	142.000000
0.377420	143.000000
0.377440	145.000000
0.377460	147.000000
0.377480	149.000000
0.377500	150.000000
0.377520	152.000000
0.377540	153.000000
0.377560	153.000000
0.377580	153.000000
0.377600	152.000000
0.377620	150.000000
0.377640	149.000000
0.377660	148.000000
0.377680	147.000000
0.377700	147.000000
0.377720	146.000000
0.377740	146.000000
0.377760	144.000000
0.377780	143.000000
0.377800	143.000000
0.377820	144.000000
0.377840	145.000000
0.377860	147.000000
0.377880	149.000000
0.377900	151.000000
0.377920	152.000000
0.377940	152.000000
0.377960	150.000000
0.377980	148.000000
0.378000	147.000000
0.378020	148.000000
0.378040	149.000000
0.378060	150.000000
0.378080	149.000000
0.378100	147.000000
0.378120	145.000000
0.378140	143.000000
0.378160	142.000000
0.378180	143.000000
0.378200	145.000000
0.378220	147.000000
0.378240	148.000000
0.378260	148.000000
0.378280	147.000000
0.378300	146.000000
0.378320	146.000000
0.378340	148.000000
0.378360	150.000000
0.378380	152.000000
0.378400	152.000000
0.378420	152.000000
0.378440	152.000000
0.378460	151.000000
0.378480	150.000000
0.378500	149.000000
0.378520	148.000000
0.378540	147.000000
0.378560	145.000000
0.378580	142.000000
0.378600	140.000000
0.378620	138.000000
0.378640	138.000000
0.378660	139.000000
0.378680	141.000000
0.378700	144.000000
0.378720	148.000000
0.378740	152.000000
0.378760	156.000000
0.378780	159.000000
0.378800	161.000000
0.378820	161.000000
0.378840	160.000000
0.378860	158.000000
0.378880	153.000000
0.378900	147.000000
0.378920	142.000000
0.378940	138.000000
0.378960	135.000000
0.378980	134.000000
0.379000	134.000000
0.379020	135.000000
0.379040	138.000000
0.379060	142.000000
0.379080	146.000000
0.379100	150.000000
0.379120	153.000000
0.379140	156.000000
0.379160	158.000000
0.379180	159.000000
0.379200	157.000000
0.379220	155.000000
0.379240	151.000000
0.379260	147.000000
0.379280	144.000000
0.379300	142.000000
0.379320	141.000000
0.379340	141.000000
0.379360	141.000000
0.379380	141.000000
0.379400	142.000000
0.379420	144.000000
0.379440	146.000000
0.379460	148.000000
0.379480	150.000000
0.379500	152.000000
0.379520	152.000000
0.379540	152.000000
0.379560	152.000000
0.379580	152.000000
0.379600	151.000000
0.379620	150.000000
0.379640	149.000000
0.379660	147.000000
0.379680	145.000000
0.379700	144.000000
0.379720	144.000000
0.379740	144.000000
0.379760	145.000000
0.379780	145.000000
0.379800	145.000000
0.379820	145.000000
0.379840	145.000000
0.379860	146.000000
0.379880	147.000000
0.379900	148.000000
0.379920	149.000000
0.379940	150.000000
0.379960	151.000000
0.379980	151.000000
0.380000	151.000000
0.380020	150.000000
0.380040	150.000000
0.380060	149.000000
0.380080	148.000000
0.380100	147.000000
0.380120	145.000000
0.380140	144.000000
0.380160	144.000000
0.380180	144.000000
0.380200	144.000000
0.380220	145.000000
0.380240	146.000000
0.380260	147.000000
0.380280	148.000000
0.380300	149.000000
0.380320	150.000000
0.380340	151.000000
0.380360	152.000000
0.380380	152.000000
0.380400	152.000000
0.380420	152.000000
0.380440	150.000000
0.380460	149.000000
0.380480	148.000000
0.380500	147.000000
0.380520	146.000000
0.380540	144.000000
0.380560	143.000000
0.380580	143.000000
0.380600	144.000000
0.380620	146.000000
0.380640	148.000000
0.380660	149.000000
0.380680	149.000000
0.380700	150.000000
0.380720	151.000000
0.380740	152.000000
0.380760	152.000000
0.380780	151.000000
0.380800	150.000000
0.380820	148.000000
0.380840	147.000000
0.380860	145.000000
0.380880	144.000000
0.380900	144.000000
0.380920	144.000000
0.380940	145.000000
0.380960	145.000000
0.380980	145.000000
0.381000	146.000000
0.381020	147.000000
0.381040	148.000000
0.381060	149.000000
0.381080	151.000000
0.381100	152.000000
0.381120	153.000000
0.381140	152.000000
0.381160	150.000000
0.381180	148.000000
0.381200	147.000000
0.381220	148.000000
0.381240	149.000000
0.381260	147.000000
0.381280	145.000000
0.381300	144.000000
0.381320	144.000000
0.381340	144.000000
0.381360	144.000000
0.381380	144.000000
0.381400	146.000000
0.381420	150.000000
0.381440	153.000000
0.381460	149.000000
0.381480	136.000000
