0.341500	102.000000
0.341520	59.000000
0.341540	122.000000
0.341560	169.000000
0.341580	173.000000
0.341600	150.000000
0.341620	134.000000
0.341640	141.000000
0.341660	156.000000
0.341680	159.000000
0.341700	149.000000
0.341720	140.000000
0.341740	143.000000
0.341760	151.000000
0.341780	153.000000
0.341800	147.000000
0.341820	141.000000
0.341840	145.000000
0.341860	152.000000
0.341880	153.000000
0.341900	148.000000
0.341920	144.000000
0.341940	145.000000
0.341960	150.000000
0.341980	152.000000
0.342000	148.000000
0.342020	145.000000
0.342040	147.000000
0.342060	151.000000
0.342080	152.000000
0.342100	149.000000
0.342120	146.000000
0.342140	147.000000
0.342160	150.000000
0.342180	151.000000
0.342200	148.000000
0.342220	145.000000
0.342240	145.000000
0.342260	148.000000
0.342280	150.000000
0.342300	149.000000
0.342320	147.000000
0.342340	147.000000
0.342360	149.000000
0.342380	148.000000
0.342400	146.000000
0.342420	145.000000
0.342440	147.000000
0.342460	150.000000
0.342480	151.000000
0.342500	149.000000
0.342520	148.000000
0.342540	149.000000
0.342560	150.000000
0.342580	150.000000
0.342600	147.000000
0.342620	146.000000
0.342640	146.000000
0.342660	148.000000
0.342680	148.000000
0.342700	146.000000
0.342720	144.000000
0.342740	145.000000
0.342760	146.000000
0.342780	146.000000
0.342800	144.000000
0.342820	143.000000
0.342840	146.000000
0.342860	149.000000
0.342880	150.000000
0.342900	148.000000
0.342920	147.000000
0.342940	148.000000
0.342960	150.000000
0.342980	151.000000
0.343000	149.000000
0.343020	148.000000
0.343040	148.000000
0.343060	149.000000
0.343080	148.000000
0.343100	146.000000
0.343120	145.000000
0.343140	146.000000
0.343160	148.000000
0.343180	149.000000
0.343200	148.000000
0.343220	147.000000
0.343240	148.000000
0.343260	150.000000
0.343280	150.000000
0.343300	149.000000
0.343320	148.000000
0.343340	149.000000
0.343360	150.000000
0.343380	151.000000
0.343400	150.000000
0.343420	149.000000
0.343440	149.000000
0.343460	149.000000
0.343480	149.000000
0.343500	148.000000
0.343520	147.000000
0.343540	148.000000
0.343560	149.000000
0.343580	149.000000
0.343600	147.000000
0.343620	145.000000
0.343640	146.000000
0.343660	148.000000
0.343680	149.000000
0.343700	148.000000
0.343720	147.000000
0.343740	147.000000
0.343760	148.000000
0.343780	148.000000
0.343800	147.000000
0.343820	146.000000
0.343840	146.000000
0.343860	148.000000
0.343880	149.000000
0.343900	149.000000
0.343920	149.000000
0.343940	149.000000
0.343960	150.000000
0.343980	150.000000
0.344000	149.000000
0.344020	148.000000
0.344040	148.000000
0.344060	149.000000
0.344080	149.000000
0.344100	148.000000
0.344120	147.000000
0.344140	147.000000
0.344160	147.000000
0.344180	147.000000
0.344200	146.000000
0.344220	146.000000
0.344240	147.000000
0.344260	150.000000
0.344280	151.000000
0.344300	150.000000
0.344320	150.000000
0.344340	149.000000
0.344360	150.000000
0.344380	150.000000
0.344400	149.000000
0.344420	148.000000
0.344440	148.000000
0.344460	149.000000
0.344480	148.000000
0.344500	147.000000
0.344520	145.000000
0.344540	145.000000
0.344560	146.000000
0.344580	146.000000
0.344600	147.000000
0.344620	147.000000
0.344640	147.000000
0.344660	148.000000
0.344680	148.000000
0.344700	148.000000
0.344720	148.000000
0.344740	149.000000
0.344760	150.000000
0.344780	151.000000
0.344800	150.000000
0.344820	148.000000
0.344840	148.000000
0.344860	148.000000
0.344880	148.000000
0.344900	147.000000
0.344920	146.000000
0.344940	146.000000
0.344960	147.000000
0.344980	148.000000
0.345000	147.000000
0.345020	147.000000
0.345040	148.000000
0.345060	149.000000
0.345080	149.000000
0.345100	149.000000
0.345120	149.000000
0.345140	148.000000
0.345160	149.000000
0.345180	148.000000
0.345200	147.000000
0.345220	145.000000
0.345240	145.000000
0.345260	146.000000
0.345280	147.000000
0.345300	148.000000
0.345320	149.000000
0.345340	149.000000
0.345360	149.000000
0.345380	149.000000
0.345400	148.000000
0.345420	147.000000
0.345440	148.000000
0.345460	149.000000
0.345480	150.000000
0.345500	149.000000
0.345520	148.000000
0.345540	146.000000
0.345560	146.000000
0.345580	147.000000
0.345600	148.000000
0.345620	148.000000
0.345640	149.000000
0.345660	149.000000
0.345680	148.000000
0.345700	148.000000
0.345720	148.000000
0.345740	149.000000
0.345760	149.000000
0.345780	149.000000
0.345800	148.000000
0.345820	148.000000
0.345840	148.000000
0.345860	149.000000
0.345880	149.000000
0.345900	147.000000
0.345920	146.000000
0.345940	145.000000
0.345960	145.000000
0.345980	146.000000
0.346000	146.000000
0.346020	146.000000
0.346040	147.000000
0.346060	148.000000
0.346080	149.000000
0.346100	149.000000
0.346120	149.000000
0.346140	149.000000
0.346160	150.000000
0.346180	150.000000
0.346200	149.000000
0.346220	149.000000
0.346240	148.000000
0.346260	148.000000
0.346280	148.000000
0.346300	147.000000
0.346320	147.000000
0.346340	146.000000
0.346360	146.000000
0.346380	146.000000
0.346400	145.000000
0.346420	146.000000
0.346440	147.000000
0.346460	148.000000
0.346480	149.000000
0.346500	149.000000
0.346520	149.000000
0.346540	150.000000
0.346560	150.000000
0.346580	150.000000
0.346600	149.000000
0.346620	149.000000
0.346640	149.000000
0.346660	149.000000
0.346680	149.000000
0.346700	149.000000
0.346720	148.000000
0.346740	148.000000
0.346760	149.000000
0.346780	148.000000
0.346800	147.000000
0.346820	147.000000
0.346840	147.000000
0.346860	147.000000
0.346880	147.000000
0.346900	147.000000
0.346920	148.000000
0.346940	148.000000
0.346960	150.000000
0.346980	151.000000
0.347000	151.000000
0.347020	150.000000
0.347040	150.000000
0.347060	149.000000
0.347080	149.000000
0.347100	149.000000
0.347120	149.000000
0.347140	149.000000
0.347160	150.000000
0.347180	149.000000
0.347200	148.000000
0.347220	148.000000
0.347240	148.000000
0.347260	149.000000
0.347280	148.000000
0.347300	147.000000
0.347320	147.000000
0.347340	147.000000
0.347360	148.000000
0.347380	148.000000
0.347400	148.000000
0.347420	147.000000
0.347440	147.000000
0.347460	148.000000
0.347480	148.000000
0.347500	149.000000
0.347520	149.000000
0.347540	150.000000
0.347560	150.000000
0.347580	149.000000
0.347600	148.000000
0.347620	147.000000
0.347640	147.000000
0.347660	147.000000
0.347680	147.000000
0.347700	147.000000
0.347720	146.000000
0.347740	146.000000
0.347760	146.000000
0.347780	146.000000
0.347800	146.000000
0.347820	146.000000
0.347840	147.000000
0.347860	148.000000
0.347880	149.000000
0.347900	149.000000
0.347920	150.000000
0.347940	150.000000
0.347960	150.000000
0.347980	150.000000
0.348000	148.000000
0.348020	148.000000
0.348040	148.000000
0.348060	149.000000
0.348080	148.000000
0.348100	148.000000
0.348120	148.000000
0.348140	149.000000
0.348160	149.000000
0.348180	148.000000
0.348200	147.000000
0.348220	146.000000
0.348240	148.000000
0.348260	149.000000
0.348280	150.000000
0.348300	149.000000
0.348320	148.000000
0.348340	148.000000
0.348360	149.000000
0.348380	149.000000
0.348400	148.000000
0.348420	146.000000
0.348440	146.000000
0.348460	148.000000
0.348480	149.000000
0.348500	149.000000
0.348520	149.000000
0.348540	149.000000
0.348560	149.000000
0.348580	149.000000
0.348600	149.000000
0.348620	148.000000
0.348640	148.000000
0.348660	149.000000
0.348680	149.000000
0.348700	149.000000
0.348720	147.000000
0.348740	145.000000
0.348760	144.000000
0.348780	145.000000
0.348800	146.000000
0.348820	147.000000
0.348840	148.000000
0.348860	149.000000
0.348880	148.000000
0.348900	147.000000
0.348920	147.000000
0.348940	147.000000
0.348960	149.000000
0.348980	151.000000
0.349000	155.000000
0.349020	160.000000
0.349040	164.000000
0.349060	165.000000
0.349080	162.000000
0.349100	154.000000
0.349120	145.000000
0.349140	138.000000
0.349160	134.000000
0.349180	133.000000
0.349200	134.000000
0.349220	135.000000
0.349240	134.000000
0.349260	131.000000
0.349280	128.000000
0.349300	128.000000
0.349320	134.000000
0.349340	147.000000
0.349360	163.000000
0.349380	176.000000
0.349400	183.000000
0.349420	181.000000
0.349440	174.000000
0.349460	165.000000
0.349480	158.000000
0.349500	155.000000
0.349520	154.000000
0.349540	154.000000
0.349560	150.000000
0.349580	141.000000
0.349600	128.000000
0.349620	115.000000
0.349640	106.000000
0.349660	101.000000
0.349680	103.000000
0.349700	109.000000
0.349720	120.000000
0.349740	134.000000
0.349760	150.000000
0.349780	165.000000
0.349800	180.000000
0.349820	193.000000
0.349840	205.000000
0.349860	212.000000
0.349880	213.000000
0.349900	205.000000
0.349920	189.000000
0.349940	167.000000
0.349960	141.000000
0.349980	114.000000
0.350000	90.000000
0.350020	73.000000
0.350040	65.000000
0.350060	66.000000
0.350080	75.000000
0.350100	92.000000
0.350120	116.000000
0.350140	144.000000
0.350160	173.000000
0.350180	197.000000
0.350200	214.000000
0.350220	221.000000
0.350240	220.000000
0.350260	211.000000
0.350280	195.000000
0.350300	175.000000
0.350320	154.000000
0.350340	133.000000
0.350360	115.000000
0.350380	101.000000
0.350400	93.000000
0.350420	92.000000
0.350440	99.000000
0.350460	111.000000
0.350480	127.000000
0.350500	142.000000
0.350520	156.000000
0.350540	167.000000
0.350560	176.000000
0.350580	181.000000
0.350600	180.000000
0.350620	176.000000
0.350640	169.000000
0.350660	160.000000
0.350680	152.000000
0.350700	143.000000
0.350720	136.000000
0.350740	131.000000
0.350760	129.000000
0.350780	129.000000
0.350800	132.000000
0.350820	136.000000
0.350840	142.000000
0.350860	148.000000
0.350880	153.000000
0.350900	157.000000
0.350920	158.000000
0.350940	159.000000
0.350960	159.000000
0.350980	158.000000
0.351000	155.000000
0.351020	151.000000
0.351040	147.000000
0.351060	145.000000
0.351080	143.000000
0.351100	143.000000
0.351120	143.000000
0.351140	144.000000
0.351160	144.000000
0.351180	145.000000
0.351200	146.000000
0.351220	147.000000
0.351240	149.000000
0.351260	151.000000
0.351280	152.000000
0.351300	151.000000
0.351320	150.000000
0.351340	149.000000
0.351360	149.000000
0.351380	149.000000
0.351400	148.000000
0.351420	147.000000
0.351440	146.000000
0.351460	145.000000
0.351480	145.000000
0.351500	146.000000
0.351520	147.000000
0.351540	147.000000
0.351560	148.000000
0.351580	147.000000
0.351600	147.000000
0.351620	147.000000
0.351640	147.000000
0.351660	148.000000
0.351680	149.000000
0.351700	150.000000
0.351720	150.000000
0.351740	151.000000
0.351760	151.000000
0.351780	150.000000
0.351800	149.000000
0.351820	148.000000
0.351840	148.000000
0.351860	149.000000
0.351880	149.000000
0.351900	148.000000
0.351920	147.000000
0.351940	147.000000
0.351960	147.000000
0.351980	147.000000
0.352000	146.000000
0.352020	146.000000
0.352040	146.000000
0.352060	146.000000
0.352080	147.000000
0.352100	146.000000
0.352120	145.000000
0.352140	146.000000
0.352160	149.000000
0.352180	153.000000
0.352200	158.000000
0.352220	163.000000
0.352240	165.000000
0.352260	163.000000
0.352280	158.000000
0.352300	151.000000
0.352320	142.000000
0.352340	136.000000
0.352360	133.000000
0.352380	134.000000
0.352400	135.000000
0.352420	135.000000
0.352440	132.000000
0.352460	128.000000
0.352480	127.000000
0.352500	131.000000
0.352520	141.000000
0.352540	157.000000
0.352560	172.000000
0.352580	181.000000
0.352600	182.000000
0.352620	176.000000
0.352640	167.000000
0.352660	159.000000
0.352680	154.000000
0.352700	153.000000
0.352720	153.000000
0.352740	153.000000
0.352760	148.000000
0.352780	138.000000
0.352800	125.000000
0.352820	112.000000
0.352840	103.000000
0.352860	102.000000
0.352880	109.000000
0.352900	119.000000
0.352920	132.000000
0.352940	145.000000
0.352960	159.000000
0.352980	173.000000
0.353000	186.000000
0.353020	198.000000
0.353040	207.000000
0.353060	211.000000
0.353080	207.000000
0.353100	195.000000
0.353120	176.000000
0.353140	151.000000
0.353160	125.000000
0.353180	101.000000
0.353200	83.000000
0.353220	71.000000
0.353240	68.000000
0.353260	73.000000
0.353280	88.000000
0.353300	109.000000
0.353320	136.000000
0.353340	163.000000
0.353360	187.000000
0.353380	205.000000
0.353400	215.000000
0.353420	217.000000
0.353440	212.000000
0.353460	201.000000
0.353480	184.000000
0.353500	163.000000
0.353520	142.000000
0.353540	122.000000
0.353560	108.000000
0.353580	99.000000
0.353600	95.000000
0.353620	97.000000
0.353640	105.000000
0.353660	118.000000
0.353680	133.000000
0.353700	149.000000
0.353720	163.000000
0.353740	173.000000
0.353760	179.000000
0.353780	180.000000
0.353800	178.000000
0.353820	173.000000
0.353840	166.000000
0.353860	158.000000
0.353880	150.000000
0.353900	142.000000
0.353920	135.000000
0.353940	131.000000
0.353960	129.000000
0.353980	130.000000
0.354000	133.000000
0.354020	137.000000
0.354040	142.000000
0.354060	147.000000
0.354080	151.000000
0.354100	154.000000
0.354120	156.000000
0.354140	157.000000
0.354160	157.000000
0.354180	156.000000
0.354200	153.000000
0.354220	151.000000
0.354240	148.000000
0.354260	147.000000
0.354280	145.000000
0.354300	144.000000
0.354320	143.000000
0.354340	144.000000
0.354360	145.000000
0.354380	146.000000
0.354400	147.000000
0.354420	148.000000
0.354440	148.000000
0.354460	149.000000
0.354480	150.000000
0.354500	151.000000
0.354520	151.000000
0.354540	152.000000
0.354560	152.000000
0.354580	152.000000
0.354600	151.000000
0.354620	150.000000
0.354640	149.000000
0.354660	147.000000
0.354680	147.000000
0.354700	146.000000
0.354720	146.000000
0.354740	146.000000
0.354760	146.000000
0.354780	145.000000
0.354800	144.000000
0.354820	143.000000
0.354840	143.000000
0.354860	144.000000
0.354880	146.000000
0.354900	148.000000
0.354920	149.000000
0.354940	150.000000
0.354960	150.000000
0.354980	150.000000
0.355000	150.000000
0.355020	150.000000
0.355040	149.000000
0.355060	148.000000
0.355080	147.000000
0.355100	145.000000
0.355120	144.000000
0.355140	145.000000
0.355160	145.000000
0.355180	146.000000
0.355200	147.000000
0.355220	146.000000
0.355240	146.000000
0.355260	145.000000
0.355280	144.000000
0.355300	145.000000
0.355320	146.000000
0.355340	149.000000
0.355360	151.000000
0.355380	154.000000
0.355400	157.000000
0.355420	159.000000
0.355440	159.000000
0.355460	156.000000
0.355480	151.000000
0.355500	145.000000
0.355520	139.000000
0.355540	137.000000
0.355560	138.000000
0.355580	140.000000
0.355600	141.000000
0.355620	139.000000
0.355640	136.000000
0.355660	134.000000
0.355680	135.000000
0.355700	141.000000
0.355720	151.000000
0.355740	162.000000
0.355760	169.000000
0.355780	171.000000
0.355800	167.000000
0.355820	160.000000
0.355840	154.000000
0.355860	151.000000
0.355880	151.000000
0.355900	152.000000
0.355920	153.000000
0.355940	151.000000
0.355960	145.000000
0.355980	136.000000
0.356000	126.000000
0.356020	119.000000
0.356040	117.000000
0.356060	119.000000
0.356080	126.000000
0.356100	133.000000
0.356120	142.000000
0.356140	152.000000
0.356160	161.000000
0.356180	171.000000
0.356200	180.000000
0.356220	186.000000
0.356240	190.000000
0.356260	190.000000
0.356280	184.000000
0.356300	173.000000
0.356320	158.000000
0.356340	140.000000
0.356360	123.000000
0.356380	109.000000
0.356400	98.000000
0.356420	94.000000
0.356440	96.000000
0.356460	105.000000
0.356480	119.000000
0.356500	136.000000
0.356520	154.000000
0.356540	171.000000
0.356560	185.000000
0.356580	194.000000
0.356600	197.000000
0.356620	194.000000
0.356640	186.000000
0.356660	174.000000
0.356680	160.000000
0.356700	146.000000
0.356720	133.000000
0.356740	122.000000
0.356760	115.000000
0.356780	112.000000
0.356800	113.000000
0.356820	119.000000
0.356840	128.000000
0.356860	139.000000
0.356880	149.000000
0.356900	158.000000
0.356920	164.000000
0.356940	168.000000
0.356960	171.000000
0.356980	171.000000
0.357000	167.000000
0.357020	162.000000
0.357040	155.000000
0.357060	148.000000
0.357080	142.000000
0.357100	137.000000
0.357120	135.000000
0.357140	134.000000
0.357160	134.000000
0.357180	136.000000
0.357200	138.000000
0.357220	142.000000
0.357240	146.000000
0.357260	150.000000
0.357280	153.000000
0.357300	155.000000
0.357320	156.000000
0.357340	156.000000
0.357360	156.000000
0.357380	154.000000
0.357400	152.000000
0.357420	148.000000
0.357440	145.000000
0.357460	143.000000
0.357480	142.000000
0.357500	142.000000
0.357520	142.000000
0.357540	143.000000
0.357560	145.000000
0.357580	146.000000
0.357600	147.000000
0.357620	149.000000
0.357640	150.000000
0.357660	151.000000
0.357680	153.000000
0.357700	153.000000
0.357720	152.000000
0.357740	151.000000
0.357760	149.000000
0.357780	148.000000
0.357800	148.000000
0.357820	147.000000
0.357840	146.000000
0.357860	145.000000
0.357880	144.000000
0.357900	144.000000
0.357920	144.000000
0.357940	145.000000
0.357960	145.000000
0.357980	145.000000
0.358000	146.000000
0.358020	147.000000
0.358040	149.000000
0.358060	150.000000
0.358080	151.000000
0.358100	152.000000
0.358120	151.000000
0.358140	150.000000
0.358160	149.000000
0.358180	148.000000
0.358200	148.000000
0.358220	149.000000
0.358240	149.000000
0.358260	148.000000
0.358280	146.000000
0.358300	144.000000
0.358320	144.000000
0.358340	144.000000
0.358360	145.000000
0.358380	145.000000
0.358400	146.000000
0.358420	147.000000
0.358440	148.000000
0.358460	149.000000
0.358480	148.000000
0.358500	148.000000
0.358520	148.000000
0.358540	149.000000
0.358560	152.000000
0.358580	154.000000
0.358600	155.000000
0.358620	154.000000
0.358640	153.000000
0.358660	150.000000
0.358680	146.000000
0.358700	142.000000
0.358720	140.000000
0.358740	141.000000
0.358760	143.000000
0.358780	144.000000
0.358800	144.000000
0.358820	142.000000
0.358840	140.000000
0.358860	139.000000
0.358880	142.000000
0.358900	147.000000
0.358920	154.000000
0.358940	159.000000
0.358960	162.000000
0.358980	160.000000
0.359000	156.000000
0.359020	150.000000
0.359040	147.000000
0.359060	147.000000
0.359080	149.000000
0.359100	151.000000
0.359120	151.000000
0.359140	148.000000
0.359160	143.000000
0.359180	137.000000
0.359200	134.000000
0.359220	133.000000
0.359240	134.000000
0.359260	138.000000
0.359280	142.000000
0.359300	147.000000
0.359320	151.000000
0.359340	156.000000
0.359360	160.000000
0.359380	164.000000
0.359400	167.000000
0.359420	169.000000
0.359440	169.000000
0.359460	165.000000
0.359480	158.000000
0.359500	148.000000
0.359520	138.000000
0.359540	130.000000
0.359560	124.000000
0.359580	121.000000
0.359600	120.000000
0.359620	122.000000
0.359640	128.000000
0.359660	136.000000
0.359680	146.000000
0.359700	155.000000
0.359720	164.000000
0.359740	170.000000
0.359760	173.000000
0.359780	174.000000
0.359800	170.000000
0.359820	164.000000
0.359840	156.000000
0.359860	148.000000
0.359880	141.000000
0.359900	136.000000
0.359920	132.000000
0.359940	129.000000
0.359960	129.000000
0.359980	132.000000
0.360000	136.000000
0.360020	141.000000
0.360040	146.000000
0.360060	152.000000
0.360080	156.000000
0.360100	160.000000
0.360120	161.000000
0.360140	161.000000
0.360160	159.000000
0.360180	156.000000
0.360200	151.000000
0.360220	147.000000
0.360240	144.000000
0.360260	142.000000
0.360280	139.000000
0.360300	138.000000
0.360320	138.000000
0.360340	139.000000
0.360360	142.000000
0.360380	145.000000
0.360400	148.000000
0.360420	150.000000
0.360440	152.000000
0.360460	154.000000
0.360480	155.000000
0.360500	155.000000
0.360520	154.000000
0.360540	152.000000
0.360560	150.000000
0.360580	148.000000
0.360600	147.000000
0.360620	146.000000
0.360640	145.000000
0.360660	144.000000
0.360680	143.000000
0.360700	144.000000
0.360720	145.000000
0.360740	147.000000
0.360760	148.000000
0.360780	149.000000
0.360800	150.000000
0.360820	151.000000
0.360840	152.000000
0.360860	154.000000
0.360880	155.000000
0.360900	155.000000
0.360920	153.000000
0.360940	151.000000
0.360960	149.000000
0.360980	148.000000
0.361000	147.000000
0.361020	146.000000
0.361040	146.000000
0.361060	145.000000
0.361080	144.000000
0.361100	143.000000
0.361120	143.000000
0.361140	144.000000
0.361160	144.000000
0.361180	144.000000
0.361200	145.000000
0.361220	146.000000
0.361240	148.000000
0.361260	151.000000
0.361280	153.000000
0.361300	153.000000
0.361320	152.000000
0.361340	151.000000
0.361360	150.000000
0.361380	149.000000
0.361400	148.000000
0.361420	147.000000
0.361440	146.000000
0.361460	145.000000
0.361480	145.000000
0.361500	144.000000
0.361520	144.000000
0.361540	144.000000
0.361560	146.000000
0.361580	147.000000
0.361600	149.000000
0.361620	150.000000
0.361640	150.000000
0.361660	150.000000
0.361680	150.000000
0.361700	150.000000
0.361720	149.000000
0.361740	149.000000
0.361760	150.000000
0.361780	151.000000
0.361800	151.000000
0.361820	149.000000
0.361840	147.000000
0.361860	144.000000
0.361880	144.000000
0.361900	144.000000
0.361920	145.000000
0.361940	146.000000
0.361960	147.000000
0.361980	148.000000
0.362000	147.000000
0.362020	146.000000
0.362040	146.000000
0.362060	147.000000
0.362080	149.000000
0.362100	153.000000
0.362120	155.000000
0.362140	155.000000
0.362160	153.000000
0.362180	149.000000
0.362200	146.000000
0.362220	145.000000
0.362240	145.000000
0.362260	148.000000
0.362280	150.000000
0.362300	151.000000
0.362320	151.000000
0.362340	148.000000
0.362360	145.000000
0.362380	142.000000
0.362400	141.000000
0.362420	142.000000
0.362440	144.000000
0.362460	147.000000
0.362480	150.000000
0.362500	152.000000
0.362520	154.000000
0.362540	155.000000
0.362560	156.000000
0.362580	157.000000
0.362600	156.000000
0.362620	155.000000
0.362640	153.000000
0.362660	149.000000
0.362680	145.000000
0.362700	140.000000
0.362720	136.000000
0.362740	134.000000
0.362760	135.000000
0.362780	138.000000
0.362800	142.000000
0.362820	146.000000
0.362840	151.000000
0.362860	156.000000
0.362880	161.000000
0.362900	163.000000
0.362920	163.000000
0.362940	160.000000
0.362960	156.000000
0.362980	151.000000
0.363000	147.000000
0.363020	143.000000
0.363040	140.000000
0.363060	136.000000
0.363080	134.000000
0.363100	133.000000
0.363120	135.000000
0.363140	138.000000
0.363160	143.000000
0.363180	149.000000
0.363200	153.000000
0.363220	155.000000
0.363240	157.000000
0.363260	159.000000
0.363280	159.000000
0.363300	158.000000
0.363320	155.000000
0.363340	151.000000
0.363360	147.000000
0.363380	143.000000
0.363400	141.000000
0.363420	139.000000
0.363440	139.000000
0.363460	139.000000
0.363480	140.000000
0.363500	141.000000
0.363520	144.000000
0.363540	146.000000
0.363560	149.000000
0.363580	151.000000
0.363600	153.000000
0.363620	154.000000
0.363640	153.000000
0.363660	152.000000
0.363680	151.000000
0.363700	150.000000
0.363720	149.000000
0.363740	147.000000
0.363760	146.000000
0.363780	145.000000
0.363800	144.000000
0.363820	143.000000
0.363840	143.000000
0.363860	144.000000
0.363880	145.000000
0.363900	146.000000
0.363920	148.000000
0.363940	149.000000
0.363960	149.000000
0.363980	150.000000
0.364000	152.000000
0.364020	152.000000
0.364040	152.000000
0.364060	151.000000
0.364080	150.000000
0.364100	149.000000
0.364120	149.000000
0.364140	148.000000
0.364160	147.000000
0.364180	146.000000
0.364200	146.000000
0.364220	146.000000
0.364240	146.000000
0.364260	145.000000
0.364280	145.000000
0.364300	144.000000
0.364320	144.000000
0.364340	144.000000
0.364360	145.000000
0.364380	146.000000
0.364400	147.000000
0.364420	147.000000
0.364440	148.000000
0.364460	150.000000
0.364480	151.000000
0.364500	152.000000
0.364520	152.000000
0.364540	151.000000
0.364560	150.000000
0.364580	148.000000
0.364600	147.000000
0.364620	146.000000
0.364640	146.000000
0.364660	146.000000
0.364680	146.000000
0.364700	146.000000
0.364720	146.000000
0.364740	147.000000
0.364760	148.000000
0.364780	148.000000
0.364800	149.000000
0.364820	148.000000
0.364840	148.000000
0.364860	148.000000
0.364880	148.000000
0.364900	149.000000
0.364920	148.000000
0.364940	148.000000
0.364960	148.000000
0.364980	147.000000
0.365000	146.000000
0.365020	145.000000
0.365040	143.000000
0.365060	142.000000
0.365080	143.000000
0.365100	146.000000
0.365120	150.000000
0.365140	152.000000
0.365160	153.000000
0.365180	152.000000
0.365200	150.000000
0.365220	148.000000
0.365240	147.000000
0.365260	148.000000
0.365280	150.000000
0.365300	152.000000
0.365320	151.000000
0.365340	149.000000
0.365360	145.000000
0.365380	141.000000
0.365400	140.000000
0.365420	141.000000
0.365440	144.000000
0.365460	148.000000
0.365480	150.000000
0.365500	150.000000
0.365520	149.000000
0.365540	147.000000
0.365560	146.000000
0.365580	147.000000
0.365600	149.000000
0.365620	150.000000
0.365640	151.000000
0.365660	152.000000
0.365680	152.000000
0.365700	152.000000
0.365720	152.000000
0.365740	152.000000
0.365760	152.000000
0.365780	151.000000
0.365800	148.000000
0.365820	145.000000
0.365840	141.000000
0.365860	138.000000
0.365880	136.000000
0.365900	136.000000
0.365920	137.000000
0.365940	140.000000
0.365960	144.000000
0.365980	149.000000
0.366000	154.000000
0.366020	159.000000
0.366040	163.000000
0.366060	165.000000
0.366080	165.000000
0.366100	162.000000
0.366120	158.000000
0.366140	153.000000
0.366160	147.000000
0.366180	141.000000
0.366200	136.000000
0.366220	132.000000
0.366240	130.000000
0.366260	130.000000
0.366280	133.000000
0.366300	137.000000
0.366320	142.000000
0.366340	148.000000
0.366360	154.000000
0.366380	158.000000
0.366400	162.000000
0.366420	163.000000
0.366440	162.000000
0.366460	159.000000
0.366480	154.000000
0.366500	150.000000
0.366520	146.000000
0.366540	142.000000
0.366560	140.000000
0.366580	137.000000
0.366600	136.000000
0.366620	136.000000
0.366640	138.000000
0.366660	141.000000
0.366680	144.000000
0.366700	146.000000
0.366720	148.000000
0.366740	151.000000
0.366760	154.000000
0.366780	155.000000
0.366800	155.000000
0.366820	154.000000
0.366840	152.000000
0.366860	151.000000
0.366880	150.000000
0.366900	148.000000
0.366920	146.000000
0.366940	144.000000
0.366960	142.000000
0.366980	142.000000
0.367000	142.000000
0.367020	143.000000
0.367040	143.000000
0.367060	144.000000
0.367080	146.000000
0.367100	147.000000
0.367120	149.000000
0.367140	150.000000
0.367160	151.000000
0.367180	151.000000
0.367200	152.000000
0.367220	152.000000
0.367240	152.000000
0.367260	151.000000
0.367280	149.000000
0.367300	148.000000
0.367320	147.000000
0.367340	147.000000
0.367360	147.000000
0.367380	146.000000
0.367400	146.000000
0.367420	145.000000
0.367440	145.000000
0.367460	146.000000
0.367480	146.000000
0.367500	146.000000
0.367520	146.000000
0.367540	147.000000
0.367560	147.000000
0.367580	148.000000
0.367600	149.000000
0.367620	151.000000
0.367640	152.000000
0.367660	152.000000
0.367680	151.000000
0.367700	151.000000
0.367720	150.000000
0.367740	150.000000
0.367760	149.000000
0.367780	148.000000
0.367800	147.000000
0.367820	146.000000
0.367840	145.000000
0.367860	145.000000
0.367880	145.000000
0.367900	146.000000
0.367920	147.000000
0.367940	148.000000
0.367960	149.000000
0.367980	149.000000
0.368000	150.000000
0.368020	150.000000
0.368040	151.000000
0.368060	150.000000
0.368080	150.000000
0.368100	150.000000
0.368120	150.000000
0.368140	149.000000
0.368160	149.000000
0.368180	147.000000
0.368200	145.000000
0.368220	144.000000
0.368240	144.000000
0.368260	145.000000
0.368280	146.000000
0.368300	148.000000
0.368320	149.000000
0.368340	151.000000
0.368360	151.000000
0.368380	150.000000
0.368400	147.000000
0.368420	146.000000
0.368440	147.000000
0.368460	149.000000
0.368480	151.000000
0.368500	150.000000
0.368520	148.000000
0.368540	144.000000
0.368560	141.000000
0.368580	141.000000
0.368600	142.000000
0.368620	145.000000
0.368640	147.000000
0.368660	149.000000
0.368680	150.000000
0.368700	149.000000
0.368720	148.000000
0.368740	147.000000
0.368760	147.000000
0.368780	148.000000
0.368800	150.000000
0.368820	152.000000
0.368840	153.000000
0.368860	153.000000
0.368880	153.000000
0.368900	151.000000
0.368920	150.000000
0.368940	148.000000
0.368960	147.000000
0.368980	145.000000
0.369000	143.000000
0.369020	140.000000
0.369040	138.000000
0.369060	136.000000
0.369080	135.000000
0.369100	136.000000
0.369120	139.000000
0.369140	143.000000
0.369160	149.000000
0.369180	156.000000
0.369200	161.000000
0.369220	165.000000
0.369240	166.000000
0.369260	165.000000
0.369280	163.000000
0.369300	159.000000
0.369320	153.000000
0.369340	146.000000
0.369360	139.000000
0.369380	133.000000
0.369400	129.000000
0.369420	128.000000
0.369440	129.000000
0.369460	132.000000
0.369480	137.000000
0.369500	143.000000
0.369520	149.000000
0.369540	155.000000
0.369560	159.000000
0.369580	162.000000
0.369600	163.000000
0.369620	163.000000
0.369640	161.000000
0.369660	157.000000
0.369680	152.000000
0.369700	146.000000
0.369720	141.000000
0.369740	139.000000
0.369760	137.000000
0.369780	136.000000
0.369800	136.000000
0.369820	137.000000
0.369840	140.000000
0.369860	143.000000
0.369880	147.000000
0.369900	150.000000
0.369920	153.000000
0.369940	155.000000
0.369960	156.000000
0.369980	155.000000
0.370000	154.000000
0.370020	152.000000
0.370040	152.000000
0.370060	151.000000
0.370080	150.000000
0.370100	147.000000
0.370120	145.000000
0.370140	144.000000
0.370160	144.000000
0.370180	145.000000
0.370200	145.000000
0.370220	145.000000
0.370240	145.000000
0.370260	146.000000
0.370280	147.000000
0.370300	148.000000
0.370320	148.000000
0.370340	149.000000
0.370360	149.000000
0.370380	149.000000
0.370400	150.000000
0.370420	150.000000
0.370440	150.000000
0.370460	150.000000
0.370480	150.000000
0.370500	149.000000
0.370520	148.000000
0.370540	147.000000
0.370560	146.000000
0.370580	146.000000
0.370600	146.000000
0.370620	145.000000
0.370640	145.000000
0.370660	145.000000
0.370680	144.000000
0.370700	144.000000
0.370720	144.000000
0.370740	146.000000
0.370760	148.000000
0.370780	150.000000
0.370800	153.000000
0.370820	154.000000
0.370840	154.000000
0.370860	153.000000
0.370880	152.000000
0.370900	151.000000
0.370920	150.000000
0.370940	148.000000
0.370960	147.000000
0.370980	145.000000
0.371000	145.000000
0.371020	144.000000
0.371040	144.000000
0.371060	145.000000
0.371080	145.000000
0.371100	146.000000
0.371120	148.000000
0.371140	149.000000
0.371160	151.000000
0.371180	152.000000
0.371200	152.000000
0.371220	150.000000
0.371240	149.000000
0.371260	148.000000
0.371280	148.000000
0.371300	148.000000
0.371320	147.000000
0.371340	146.000000
0.371360	145.000000
0.371380	144.000000
0.371400	143.000000
0.371420	144.000000
0.371440	145.000000
0.371460	146.000000
0.371480	148.000000
0.371500	150.000000
0.371520	151.000000
0.371540	151.000000
0.371560	150.000000
0.371580	149.000000
0.371600	148.000000
0.371620	148.000000
0.371640	148.000000
0.371660	149.000000
0.371680	149.000000
0.371700	149.000000
0.371720	147.000000
0.371740	145.000000
0.371760	144.000000
0.371780	143.000000
0.371800	143.000000
0.371820	145.000000
0.371840	147.000000
0.371860	149.000000
0.371880	149.000000
0.371900	147.000000
0.371920	146.000000
0.371940	145.000000
0.371960	146.000000
0.371980	149.000000
0.372000	151.000000
0.372020	152.000000
0.372040	152.000000
0.372060	152.000000
0.372080	152.000000
0.372100	151.000000
0.372120	151.000000
0.372140	149.000000
0.372160	147.000000
0.372180	145.000000
0.372200	143.000000
0.372220	140.000000
0.372240	137.000000
0.372260	136.000000
0.372280	136.000000
0.372300	138.000000
0.372320	142.000000
0.372340	147.000000
0.372360	152.000000
0.372380	157.000000
0.372400	161.000000
0.372420	165.000000
0.372440	166.000000
0.372460	165.000000
0.372480	161.000000
0.372500	155.000000
0.372520	149.000000
0.372540	143.000000
0.372560	137.000000
0.372580	133.000000
0.372600	130.000000
0.372620	128.000000
0.372640	130.000000
0.372660	134.000000
0.372680	141.000000
0.372700	149.000000
0.372720	155.000000
0.372740	160.000000
0.372760	162.000000
0.372780	163.000000
0.372800	163.000000
0.372820	160.000000
0.372840	157.000000
0.372860	153.000000
0.372880	149.000000
0.372900	145.000000
0.372920	142.000000
0.372940	139.000000
0.372960	137.000000
0.372980	137.000000
0.373000	138.000000
0.373020	140.000000
0.373040	143.000000
0.373060	146.000000
0.373080	149.000000
0.373100	151.000000
0.373120	154.000000
0.373140	155.000000
0.373160	155.000000
0.373180	155.000000
0.373200	154.000000
0.373220	153.000000
0.373240	151.000000
0.373260	148.000000
0.373280	146.000000
0.373300	145.000000
0.373320	145.000000
0.373340	144.000000
0.373360	144.000000
0.373380	143.000000
0.373400	143.000000
0.373420	144.000000
0.373440	145.000000
0.373460	145.000000
0.373480	146.000000
0.373500	147.000000
0.373520	149.000000
0.373540	150.000000
0.373560	151.000000
0.373580	151.000000
0.373600	152.000000
0.373620	152.000000
0.373640	152.000000
0.373660	152.000000
0.373680	150.000000
0.373700	148.000000
0.373720	146.000000
0.373740	145.000000
0.373760	145.000000
0.373780	145.000000
0.373800	146.000000
0.373820	145.000000
0.373840	145.000000
0.373860	145.000000
0.373880	145.000000
0.373900	146.000000
0.373920	146.000000
0.373940	147.000000
0.373960	148.000000
0.373980	149.000000
0.374000	151.000000
0.374020	153.000000
0.374040	153.000000
0.374060	152.000000
0.374080	151.000000
0.374100	150.000000
0.374120	149.000000
0.374140	147.000000
0.374160	145.000000
0.374180	144.000000
0.374200	144.000000
0.374220	144.000000
0.374240	145.000000
0.374260	145.000000
0.374280	145.000000
0.374300	146.000000
0.374320	147.000000
0.374340	149.000000
0.374360	150.000000
0.374380	150.000000
0.374400	149.000000
0.374420	148.000000
0.374440	148.000000
0.374460	147.000000
0.374480	147.000000
0.374500	147.000000
0.374520	147.000000
0.374540	146.000000
0.374560	146.000000
0.374580	145.000000
0.374600	144.000000
0.374620	144.000000
0.374640	145.000000
0.374660	147.000000
0.374680	150.000000
0.374700	152.000000
0.374720	153.000000
0.374740	153.000000
0.374760	151.000000
0.374780	150.000000
0.374800	150.000000
0.374820	150.000000
0.374840	150.000000
0.374860	150.000000
0.374880	149.000000
0.374900	147.000000
0.374920	146.000000
0.374940	144.000000
0.374960	143.000000
0.374980	143.000000
0.375000	145.000000
0.375020	147.000000
0.375040	148.000000
0.375060	148.000000
0.375080	146.000000
0.375100	145.000000
0.375120	145.000000
0.375140	146.000000
0.375160	147.000000
0.375180	148.000000
0.375200	149.000000
0.375220	150.000000
0.375240	151.000000
0.375260	152.000000
0.375280	152.000000
0.375300	151.000000
0.375320	150.000000
0.375340	149.000000
0.375360	148.000000
0.375380	145.000000
0.375400	142.000000
0.375420	139.000000
0.375440	137.000000
0.375460	137.000000
0.375480	138.000000
0.375500	140.000000
0.375520	144.000000
0.375540	148.000000
0.375560	154.000000
0.375580	159.000000
0.375600	162.000000
0.375620	163.000000
0.375640	163.000000
0.375660	160.000000
0.375680	157.000000
0.375700	152.000000
0.375720	147.000000
0.375740	141.000000
0.375760	136.000000
0.375780	133.000000
0.375800	132.000000
0.375820	132.000000
0.375840	135.000000
0.375860	139.000000
0.375880	144.000000
0.375900	149.000000
0.375920	154.000000
0.375940	158.000000
0.375960	160.000000
0.375980	161.000000
0.376000	160.000000
0.376020	158.000000
0.376040	154.000000
0.376060	150.000000
0.376080	147.000000
0.376100	144.000000
0.376120	142.000000
0.376140	140.000000
0.376160	139.000000
0.376180	139.000000
0.376200	140.000000
0.376220	142.000000
0.376240	144.000000
0.376260	146.000000
0.376280	149.000000
0.376300	151.000000
0.376320	152.000000
0.376340	153.000000
0.376360	152.000000
0.376380	151.000000
0.376400	150.000000
0.376420	150.000000
0.376440	149.000000
0.376460	148.000000
0.376480	147.000000
0.376500	146.000000
0.376520	144.000000
0.376540	143.000000
0.376560	143.000000
0.376580	144.000000
0.376600	144.000000
0.376620	144.000000
0.376640	144.000000
0.376660	145.000000
0.376680	147.000000
0.376700	149.000000
0.376720	151.000000
0.376740	152.000000
0.376760	152.000000
0.376780	152.000000
0.376800	152.000000
0.376820	151.000000
0.376840	150.000000
0.376860	149.000000
0.376880	147.000000
0.376900	147.000000
0.376920	146.000000
0.376940	145.000000
0.376960	144.000000
0.376980	143.000000
0.377000	143.000000
0.377020	143.000000
0.377040	143.000000
0.377060	143.000000
0.377080	144.000000
0.377100	146.000000
0.377120	149.000000
0.377140	152.000000
0.377160	153.000000
0.377180	153.000000
0.377200	153.000000
0.377220	153.000000
0.377240	153.000000
0.377260	152.000000
0.377280	151.000000
0.377300	149.000000
0.377320	146.000000
0.377340	144.000000
0.377360	143.000000
0.377380	142.000000
0.377400	141.000000
0.377420	141.000000
0.377440	142.000000
0.377460	143.000000
0.377480	145.000000
0.377500	147.000000
0.377520	149.000000
0.377540	151.000000
0.377560	151.000000
0.377580	150.000000
0.377600	149.000000
0.377620	148.000000
0.377640	147.000000
0.377660	147.000000
0.377680	146.000000
0.377700	146.000000
0.377720	146.000000
0.377740	146.000000
0.377760	145.000000
0.377780	144.000000
0.377800	144.000000
0.377820	145.000000
0.377840	145.000000
0.377860	147.000000
0.377880	149.000000
0.377900	151.000000
0.377920	153.000000
0.377940	153.000000
0.377960	152.000000
0.377980	150.000000
0.378000	149.000000
0.378020	149.000000
0.378040	150.000000
0.378060	150.000000
0.378080	149.000000
0.378100	147.000000
0.378120	145.000000
0.378140	143.000000
0.378160	143.000000
0.378180	144.000000
0.378200	145.000000
0.378220	147.000000
0.378240	148.000000
0.378260	148.000000
0.378280	148.000000
0.378300	148.000000
0.378320	148.000000
0.378340	148.000000
0.378360	149.000000
0.378380	150.000000
0.378400	151.000000
0.378420	153.000000
0.378440	153.000000
0.378460	152.000000
0.378480	151.000000
0.378500	151.000000
0.378520	150.000000
0.378540	148.000000
0.378560	146.000000
0.378580	143.000000
0.378600	141.000000
0.378620	140.000000
0.378640	140.000000
0.378660	140.000000
0.378680	141.000000
0.378700	143.000000
0.378720	147.000000
0.378740	151.000000
0.378760	155.000000
0.378780	159.000000
0.378800	161.000000
0.378820	163.000000
0.378840	162.000000
0.378860	160.000000
0.378880	155.000000
0.378900	150.000000
0.378920	145.000000
0.378940	141.000000
0.378960	138.000000
0.378980	136.000000
0.379000	135.000000
0.379020	136.000000
0.379040	138.000000
0.379060	141.000000
0.379080	145.000000
0.379100	149.000000
0.379120	153.000000
0.379140	155.000000
0.379160	157.000000
0.379180	157.000000
0.379200	156.000000
0.379220	154.000000
0.379240	151.000000
0.379260	148.000000
0.379280	146.000000
0.379300	145.000000
0.379320	143.000000
0.379340	142.000000
0.379360	140.000000
0.379380	140.000000
0.379400	141.000000
0.379420	143.000000
0.379440	145.000000
0.379460	147.000000
0.379480	149.000000
0.379500	151.000000
0.379520	151.000000
0.379540	151.000000
0.379560	151.000000
0.379580	150.000000
0.379600	150.000000
0.379620	150.000000
0.379640	150.000000
0.379660	148.000000
0.379680	147.000000
0.379700	146.000000
0.379720	145.000000
0.379740	144.000000
0.379760	144.000000
0.379780	144.000000
0.379800	145.000000
0.379820	146.000000
0.379840	147.000000
0.379860	147.000000
0.379880	147.000000
0.379900	148.000000
0.379920	149.000000
0.379940	150.000000
0.379960	151.000000
0.379980	152.000000
0.380000	152.000000
0.380020	152.000000
0.380040	151.000000
0.380060	149.000000
0.380080	148.000000
0.380100	147.000000
0.380120	147.000000
0.380140	146.000000
0.380160	144.000000
0.380180	143.000000
0.380200	143.000000
0.380220	143.000000
0.380240	144.000000
0.380260	145.000000
0.380280	146.000000
0.380300	147.000000
0.380320	149.000000
0.380340	151.000000
0.380360	152.000000
0.380380	151.000000
0.380400	151.000000
0.380420	151.000000
0.380440	151.000000
0.380460	150.000000
0.380480	149.000000
0.380500	147.000000
0.380520	145.000000
0.380540	144.000000
0.380560	143.000000
0.380580	142.000000
0.380600	143.000000
0.380620	144.000000
0.380640	146.000000
0.380660	147.000000
0.380680	148.000000
0.380700	149.000000
0.380720	151.000000
0.380740	152.000000
0.380760	152.000000
0.380780	152.000000
0.380800	151.000000
0.380820	150.000000
0.380840	149.000000
0.380860	147.000000
0.380880	145.000000
0.380900	144.000000
0.380920	144.000000
0.380940	144.000000
0.380960	144.000000
0.380980	144.000000
0.381000	144.000000
0.381020	145.000000
0.381040	147.000000
0.381060	148.000000
0.381080	149.000000
0.381100	150.000000
0.381120	150.000000
0.381140	150.000000
0.381160	149.000000
0.381180	147.000000
0.381200	147.000000
0.381220	148.000000
0.381240	149.000000
0.381260	149.000000
0.381280	147.000000
0.381300	146.000000
0.381320	146.000000
0.381340	146.000000
0.381360	145.000000
0.381380	145.000000
0.381400	146.000000
0.381420	150.000000
0.381440	153.000000
0.381460	148.000000
0.381480	135.000000
