0.272800	102.000000
0.272820	58.000000
0.272840	120.000000
0.272860	166.000000
0.272880	170.000000
0.272900	147.000000
0.272920	132.000000
0.272940	140.000000
0.272960	155.000000
0.272980	158.000000
0.273000	148.000000
0.273020	140.000000
0.273040	143.000000
0.273060	151.000000
0.273080	153.000000
0.273100	147.000000
0.273120	141.000000
0.273140	144.000000
0.273160	150.000000
0.273180	152.000000
0.273200	147.000000
0.273220	143.000000
0.273240	144.000000
0.273260	149.000000
0.273280	151.000000
0.273300	147.000000
0.273320	143.000000
0.273340	145.000000
0.273360	149.000000
0.273380	150.000000
0.273400	147.000000
0.273420	144.000000
0.273440	145.000000
0.273460	149.000000
0.273480	150.000000
0.273500	147.000000
0.273520	145.000000
0.273540	145.000000
0.273560	148.000000
0.273580	149.000000
0.273600	147.000000
0.273620	145.000000
0.273640	146.000000
0.273660	148.000000
0.273680	149.000000
0.273700	147.000000
0.273720	146.000000
0.273740	146.000000
0.273760	149.000000
0.273780	149.000000
0.273800	147.000000
0.273820	146.000000
0.273840	146.000000
0.273860	149.000000
0.273880	149.000000
0.273900	148.000000
0.273920	146.000000
0.273940	147.000000
0.273960	148.000000
0.273980	148.000000
0.274000	147.000000
0.274020	145.000000
0.274040	146.000000
0.274060	148.000000
0.274080	149.000000
0.274100	148.000000
0.274120	146.000000
0.274140	147.000000
0.274160	148.000000
0.274180	148.000000
0.274200	147.000000
0.274220	146.000000
0.274240	146.000000
0.274260	148.000000
0.274280	148.000000
0.274300	147.000000
0.274320	146.000000
0.274340	147.000000
0.274360	148.000000
0.274380	149.000000
0.274400	147.000000
0.274420	146.000000
0.274440	146.000000
0.274460	147.000000
0.274480	148.000000
0.274500	147.000000
0.274520	146.000000
0.274540	146.000000
0.274560	147.000000
0.274580	148.000000
0.274600	147.000000
0.274620	146.000000
0.274640	146.000000
0.274660	147.000000
0.274680	148.000000
0.274700	147.000000
0.274720	146.000000
0.274740	146.000000
0.274760	147.000000
0.274780	147.000000
0.274800	147.000000
0.274820	146.000000
0.274840	147.000000
0.274860	147.000000
0.274880	148.000000
0.274900	147.000000
0.274920	146.000000
0.274940	147.000000
0.274960	148.000000
0.274980	148.000000
0.275000	147.000000
0.275020	146.000000
0.275040	146.000000
0.275060	147.000000
0.275080	148.000000
0.275100	147.000000
0.275120	147.000000
0.275140	147.000000
0.275160	148.000000
0.275180	148.000000
0.275200	147.000000
0.275220	147.000000
0.275240	147.000000
0.275260	148.000000
0.275280	148.000000
0.275300	147.000000
0.275320	147.000000
0.275340	147.000000
0.275360	148.000000
0.275380	148.000000
0.275400	148.000000
0.275420	147.000000
0.275440	147.000000
0.275460	148.000000
0.275480	148.000000
0.275500	147.000000
0.275520	147.000000
0.275540	148.000000
0.275560	149.000000
0.275580	149.000000
0.275600	148.000000
0.275620	147.000000
0.275640	147.000000
0.275660	148.000000
0.275680	148.000000
0.275700	147.000000
0.275720	147.000000
0.275740	147.000000
0.275760	147.000000
0.275780	147.000000
0.275800	147.000000
0.275820	147.000000
0.275840	147.000000
0.275860	148.000000
0.275880	148.000000
0.275900	147.000000
0.275920	146.000000
0.275940	147.000000
0.275960	147.000000
0.275980	148.000000
0.276000	147.000000
0.276020	146.000000
0.276040	147.000000
0.276060	147.000000
0.276080	147.000000
0.276100	147.000000
0.276120	146.000000
0.276140	147.000000
0.276160	147.000000
0.276180	147.000000
0.276200	147.000000
0.276220	146.000000
0.276240	146.000000
0.276260	147.000000
0.276280	148.000000
0.276300	147.000000
0.276320	146.000000
0.276340	147.000000
0.276360	147.000000
0.276380	147.000000
0.276400	147.000000
0.276420	147.000000
0.276440	147.000000
0.276460	148.000000
0.276480	148.000000
0.276500	147.000000
0.276520	146.000000
0.276540	147.000000
0.276560	147.000000
0.276580	147.000000
0.276600	147.000000
0.276620	146.000000
0.276640	147.000000
0.276660	148.000000
0.276680	148.000000
0.276700	147.000000
0.276720	146.000000
0.276740	147.000000
0.276760	147.000000
0.276780	148.000000
0.276800	147.000000
0.276820	146.000000
0.276840	147.000000
0.276860	148.000000
0.276880	148.000000
0.276900	148.000000
0.276920	147.000000
0.276940	147.000000
0.276960	147.000000
0.276980	147.000000
0.277000	147.000000
0.277020	147.000000
0.277040	147.000000
0.277060	148.000000
0.277080	149.000000
0.277100	148.000000
0.277120	147.000000
0.277140	147.000000
0.277160	148.000000
0.277180	148.000000
0.277200	148.000000
0.277220	147.000000
0.277240	147.000000
0.277260	147.000000
0.277280	147.000000
0.277300	147.000000
0.277320	147.000000
0.277340	147.000000
0.277360	147.000000
0.277380	147.000000
0.277400	147.000000
0.277420	146.000000
0.277440	147.000000
0.277460	148.000000
0.277480	148.000000
0.277500	148.000000
0.277520	147.000000
0.277540	147.000000
0.277560	147.000000
0.277580	147.000000
0.277600	147.000000
0.277620	147.000000
0.277640	147.000000
0.277660	147.000000
0.277680	147.000000
0.277700	147.000000
0.277720	147.000000
0.277740	147.000000
0.277760	147.000000
0.277780	147.000000
0.277800	147.000000
0.277820	147.000000
0.277840	147.000000
0.277860	148.000000
0.277880	148.000000
0.277900	148.000000
0.277920	147.000000
0.277940	147.000000
0.277960	147.000000
0.277980	147.000000
0.278000	147.000000
0.278020	147.000000
0.278040	147.000000
0.278060	147.000000
0.278080	148.000000
0.278100	147.000000
0.278120	147.000000
0.278140	147.000000
0.278160	148.000000
0.278180	148.000000
0.278200	147.000000
0.278220	146.000000
0.278240	147.000000
0.278260	147.000000
0.278280	147.000000
0.278300	147.000000
0.278320	147.000000
0.278340	147.000000
0.278360	147.000000
0.278380	148.000000
0.278400	147.000000
0.278420	147.000000
0.278440	147.000000
0.278460	147.000000
0.278480	147.000000
0.278500	147.000000
0.278520	147.000000
0.278540	147.000000
0.278560	147.000000
0.278580	147.000000
0.278600	147.000000
0.278620	147.000000
0.278640	147.000000
0.278660	147.000000
0.278680	147.000000
0.278700	147.000000
0.278720	147.000000
0.278740	147.000000
0.278760	147.000000
0.278780	147.000000
0.278800	147.000000
0.278820	147.000000
0.278840	147.000000
0.278860	147.000000
0.278880	148.000000
0.278900	147.000000
0.278920	147.000000
0.278940	147.000000
0.278960	147.000000
0.278980	147.000000
0.279000	147.000000
0.279020	147.000000
0.279040	147.000000
0.279060	147.000000
0.279080	148.000000
0.279100	147.000000
0.279120	147.000000
0.279140	147.000000
0.279160	147.000000
0.279180	147.000000
0.279200	147.000000
0.279220	147.000000
0.279240	147.000000
0.279260	148.000000
0.279280	147.000000
0.279300	147.000000
0.279320	147.000000
0.279340	147.000000
0.279360	147.000000
0.279380	147.000000
0.279400	147.000000
0.279420	147.000000
0.279440	147.000000
0.279460	147.000000
0.279480	147.000000
0.279500	147.000000
0.279520	147.000000
0.279540	147.000000
0.279560	147.000000
0.279580	147.000000
0.279600	147.000000
0.279620	147.000000
0.279640	147.000000
0.279660	147.000000
0.279680	147.000000
0.279700	147.000000
0.279720	146.000000
0.279740	146.000000
0.279760	147.000000
0.279780	147.000000
0.279800	147.000000
0.279820	147.000000
0.279840	147.000000
0.279860	148.000000
0.279880	148.000000
0.279900	147.000000
0.279920	147.000000
0.279940	147.000000
0.279960	148.000000
0.279980	148.000000
0.280000	148.000000
0.280020	147.000000
0.280040	147.000000
0.280060	147.000000
0.280080	147.000000
0.280100	147.000000
0.280120	147.000000
0.280140	147.000000
0.280160	147.000000
0.280180	147.000000
0.280200	147.000000
0.280220	146.000000
0.280240	147.000000
0.280260	147.000000
0.280280	147.000000
0.280300	147.000000
0.280320	147.000000
0.280340	148.000000
0.280360	148.000000
0.280380	148.000000
0.280400	147.000000
0.280420	145.000000
0.280440	143.000000
0.280460	143.000000
0.280480	143.000000
0.280500	143.000000
0.280520	145.000000
0.280540	149.000000
0.280560	154.000000
0.280580	160.000000
0.280600	164.000000
0.280620	165.000000
0.280640	163.000000
0.280660	158.000000
0.280680	151.000000
0.280700	144.000000
0.280720	139.000000
0.280740	136.000000
0.280760	134.000000
0.280780	133.000000
0.280800	129.000000
0.280820	125.000000
0.280840	123.000000
0.280860	125.000000
0.280880	132.000000
0.280900	145.000000
0.280920	159.000000
0.280940	171.000000
0.280960	177.000000
0.280980	177.000000
0.281000	173.000000
0.281020	167.000000
0.281040	162.000000
0.281060	160.000000
0.281080	158.000000
0.281100	155.000000
0.281120	149.000000
0.281140	139.000000
0.281160	127.000000
0.281180	114.000000
0.281200	103.000000
0.281220	99.000000
0.281240	102.000000
0.281260	111.000000
0.281280	124.000000
0.281300	139.000000
0.281320	154.000000
0.281340	169.000000
0.281360	184.000000
0.281380	198.000000
0.281400	209.000000
0.281420	215.000000
0.281440	214.000000
0.281460	204.000000
0.281480	185.000000
0.281500	160.000000
0.281520	131.000000
0.281540	103.000000
0.281560	79.000000
0.281580	63.000000
0.281600	56.000000
0.281620	59.000000
0.281640	72.000000
0.281660	94.000000
0.281680	122.000000
0.281700	152.000000
0.281720	181.000000
0.281740	204.000000
0.281760	220.000000
0.281780	227.000000
0.281800	224.000000
0.281820	213.000000
0.281840	195.000000
0.281860	172.000000
0.281880	146.000000
0.281900	121.000000
0.281920	100.000000
0.281940	86.000000
0.281960	80.000000
0.281980	82.000000
0.282000	92.000000
0.282020	107.000000
0.282040	127.000000
0.282060	147.000000
0.282080	166.000000
0.282100	180.000000
0.282120	189.000000
0.282140	193.000000
0.282160	191.000000
0.282180	184.000000
0.282200	173.000000
0.282220	159.000000
0.282240	146.000000
0.282260	134.000000
0.282280	125.000000
0.282300	119.000000
0.282320	117.000000
0.282340	118.000000
0.282360	124.000000
0.282380	131.000000
0.282400	140.000000
0.282420	148.000000
0.282440	155.000000
0.282460	161.000000
0.282480	164.000000
0.282500	165.000000
0.282520	164.000000
0.282540	161.000000
0.282560	157.000000
0.282580	152.000000
0.282600	148.000000
0.282620	143.000000
0.282640	139.000000
0.282660	138.000000
0.282680	137.000000
0.282700	138.000000
0.282720	139.000000
0.282740	142.000000
0.282760	144.000000
0.282780	147.000000
0.282800	149.000000
0.282820	151.000000
0.282840	152.000000
0.282860	153.000000
0.282880	153.000000
0.282900	152.000000
0.282920	150.000000
0.282940	149.000000
0.282960	148.000000
0.282980	146.000000
0.283000	145.000000
0.283020	144.000000
0.283040	144.000000
0.283060	144.000000
0.283080	145.000000
0.283100	146.000000
0.283120	146.000000
0.283140	146.000000
0.283160	147.000000
0.283180	148.000000
0.283200	149.000000
0.283220	149.000000
0.283240	148.000000
0.283260	148.000000
0.283280	148.000000
0.283300	148.000000
0.283320	148.000000
0.283340	148.000000
0.283360	148.000000
0.283380	147.000000
0.283400	147.000000
0.283420	147.000000
0.283440	147.000000
0.283460	147.000000
0.283480	147.000000
0.283500	147.000000
0.283520	147.000000
0.283540	147.000000
0.283560	147.000000
0.283580	147.000000
0.283600	148.000000
0.283620	148.000000
0.283640	149.000000
0.283660	149.000000
0.283680	149.000000
0.283700	149.000000
0.283720	148.000000
0.283740	146.000000
0.283760	145.000000
0.283780	144.000000
0.283800	143.000000
0.283820	143.000000
0.283840	143.000000
0.283860	145.000000
0.283880	147.000000
0.283900	149.000000
0.283920	150.000000
0.283940	151.000000
0.283960	151.000000
0.283980	151.000000
0.284000	151.000000
0.284020	152.000000
0.284040	153.000000
0.284060	152.000000
0.284080	150.000000
0.284100	146.000000
0.284120	143.000000
0.284140	140.000000
0.284160	138.000000
0.284180	139.000000
0.284200	141.000000
0.284220	143.000000
0.284240	144.000000
0.284260	144.000000
0.284280	144.000000
0.284300	145.000000
0.284320	146.000000
0.284340	149.000000
0.284360	153.000000
0.284380	157.000000
0.284400	159.000000
0.284420	160.000000
0.284440	159.000000
0.284460	157.000000
0.284480	153.000000
0.284500	149.000000
0.284520	144.000000
0.284540	140.000000
0.284560	136.000000
0.284580	132.000000
0.284600	129.000000
0.284620	128.000000
0.284640	129.000000
0.284660	133.000000
0.284680	140.000000
0.284700	147.000000
0.284720	154.000000
0.284740	161.000000
0.284760	167.000000
0.284780	170.000000
0.284800	171.000000
0.284820	169.000000
0.284840	164.000000
0.284860	157.000000
0.284880	150.000000
0.284900	141.000000
0.284920	134.000000
0.284940	128.000000
0.284960	125.000000
0.284980	124.000000
0.285000	126.000000
0.285020	131.000000
0.285040	137.000000
0.285060	145.000000
0.285080	152.000000
0.285100	158.000000
0.285120	162.000000
0.285140	165.000000
0.285160	165.000000
0.285180	163.000000
0.285200	159.000000
0.285220	154.000000
0.285240	149.000000
0.285260	144.000000
0.285280	140.000000
0.285300	138.000000
0.285320	136.000000
0.285340	136.000000
0.285360	137.000000
0.285380	140.000000
0.285400	143.000000
0.285420	146.000000
0.285440	149.000000
0.285460	152.000000
0.285480	154.000000
0.285500	154.000000
0.285520	154.000000
0.285540	153.000000
0.285560	152.000000
0.285580	150.000000
0.285600	148.000000
0.285620	146.000000
0.285640	145.000000
0.285660	144.000000
0.285680	143.000000
0.285700	143.000000
0.285720	143.000000
0.285740	144.000000
0.285760	145.000000
0.285780	146.000000
0.285800	147.000000
0.285820	148.000000
0.285840	149.000000
0.285860	150.000000
0.285880	150.000000
0.285900	150.000000
0.285920	149.000000
0.285940	148.000000
0.285960	148.000000
0.285980	147.000000
0.286000	147.000000
0.286020	147.000000
0.286040	146.000000
0.286060	146.000000
0.286080	145.000000
0.286100	145.000000
0.286120	145.000000
0.286140	146.000000
0.286160	147.000000
0.286180	147.000000
0.286200	148.000000
0.286220	148.000000
0.286240	148.000000
0.286260	148.000000
0.286280	148.000000
0.286300	147.000000
0.286320	147.000000
0.286340	147.000000
0.286360	147.000000
0.286380	147.000000
0.286400	147.000000
0.286420	146.000000
0.286440	147.000000
0.286460	147.000000
0.286480	147.000000
0.286500	147.000000
0.286520	146.000000
0.286540	146.000000
0.286560	147.000000
0.286580	147.000000
0.286600	148.000000
0.286620	147.000000
0.286640	147.000000
0.286660	147.000000
0.286680	147.000000
0.286700	148.000000
0.286720	148.000000
0.286740	148.000000
0.286760	148.000000
0.286780	147.000000
0.286800	147.000000
0.286820	147.000000
0.286840	148.000000
0.286860	148.000000
0.286880	148.000000
0.286900	148.000000
0.286920	147.000000
0.286940	146.000000
0.286960	145.000000
0.286980	144.000000
0.287000	144.000000
0.287020	145.000000
0.287040	146.000000
0.287060	147.000000
0.287080	148.000000
0.287100	149.000000
0.287120	150.000000
0.287140	150.000000
0.287160	150.000000
0.287180	150.000000
0.287200	150.000000
0.287220	150.000000
0.287240	150.000000
0.287260	149.000000
0.287280	147.000000
0.287300	145.000000
0.287320	143.000000
0.287340	142.000000
0.287360	142.000000
0.287380	143.000000
0.287400	145.000000
0.287420	146.000000
0.287440	146.000000
0.287460	146.000000
0.287480	146.000000
0.287500	147.000000
0.287520	148.000000
0.287540	150.000000
0.287560	152.000000
0.287580	153.000000
0.287600	154.000000
0.287620	153.000000
0.287640	152.000000
0.287660	151.000000
0.287680	149.000000
0.287700	147.000000
0.287720	144.000000
0.287740	142.000000
0.287760	139.000000
0.287780	137.000000
0.287800	136.000000
0.287820	136.000000
0.287840	138.000000
0.287860	141.000000
0.287880	145.000000
0.287900	149.000000
0.287920	154.000000
0.287940	158.000000
0.287960	160.000000
0.287980	161.000000
0.288000	160.000000
0.288020	158.000000
0.288040	155.000000
0.288060	150.000000
0.288080	146.000000
0.288100	141.000000
0.288120	137.000000
0.288140	135.000000
0.288160	134.000000
0.288180	136.000000
0.288200	138.000000
0.288220	141.000000
0.288240	145.000000
0.288260	149.000000
0.288280	152.000000
0.288300	155.000000
0.288320	157.000000
0.288340	157.000000
0.288360	156.000000
0.288380	155.000000
0.288400	152.000000
0.288420	149.000000
0.288440	146.000000
0.288460	144.000000
0.288480	142.000000
0.288500	141.000000
0.288520	141.000000
0.288540	141.000000
0.288560	142.000000
0.288580	144.000000
0.288600	145.000000
0.288620	147.000000
0.288640	149.000000
0.288660	150.000000
0.288680	152.000000
0.288700	152.000000
0.288720	151.000000
0.288740	150.000000
0.288760	149.000000
0.288780	148.000000
0.288800	147.000000
0.288820	146.000000
0.288840	146.000000
0.288860	145.000000
0.288880	145.000000
0.288900	145.000000
0.288920	146.000000
0.288940	146.000000
0.288960	146.000000
0.288980	147.000000
0.289000	148.000000
0.289020	149.000000
0.289040	149.000000
0.289060	149.000000
0.289080	149.000000
0.289100	148.000000
0.289120	148.000000
0.289140	148.000000
0.289160	148.000000
0.289180	147.000000
0.289200	147.000000
0.289220	146.000000
0.289240	146.000000
0.289260	146.000000
0.289280	147.000000
0.289300	147.000000
0.289320	146.000000
0.289340	146.000000
0.289360	146.000000
0.289380	147.000000
0.289400	147.000000
0.289420	148.000000
0.289440	148.000000
0.289460	148.000000
0.289480	148.000000
0.289500	147.000000
0.289520	147.000000
0.289540	147.000000
0.289560	147.000000
0.289580	147.000000
0.289600	147.000000
0.289620	147.000000
0.289640	147.000000
0.289660	147.000000
0.289680	147.000000
0.289700	147.000000
0.289720	147.000000
0.289740	147.000000
0.289760	148.000000
0.289780	148.000000
0.289800	148.000000
0.289820	148.000000
0.289840	147.000000
0.289860	148.000000
0.289880	148.000000
0.289900	148.000000
0.289920	148.000000
0.289940	148.000000
0.289960	148.000000
0.289980	147.000000
0.290000	147.000000
0.290020	147.000000
0.290040	147.000000
0.290060	147.000000
0.290080	147.000000
0.290100	146.000000
0.290120	146.000000
0.290140	146.000000
0.290160	146.000000
0.290180	145.000000
0.290200	146.000000
0.290220	146.000000
0.290240	147.000000
0.290260	148.000000
0.290280	148.000000
0.290300	148.000000
0.290320	148.000000
0.290340	148.000000
0.290360	148.000000
0.290380	149.000000
0.290400	149.000000
0.290420	149.000000
0.290440	149.000000
0.290460	148.000000
0.290480	146.000000
0.290500	145.000000
0.290520	144.000000
0.290540	144.000000
0.290560	145.000000
0.290580	145.000000
0.290600	145.000000
0.290620	145.000000
0.290640	146.000000
0.290660	146.000000
0.290680	146.000000
0.290700	147.000000
0.290720	148.000000
0.290740	149.000000
0.290760	150.000000
0.290780	151.000000
0.290800	151.000000
0.290820	151.000000
0.290840	150.000000
0.290860	149.000000
0.290880	148.000000
0.290900	146.000000
0.290920	145.000000
0.290940	144.000000
0.290960	143.000000
0.290980	141.000000
0.291000	140.000000
0.291020	140.000000
0.291040	142.000000
0.291060	144.000000
0.291080	147.000000
0.291100	149.000000
0.291120	152.000000
0.291140	154.000000
0.291160	155.000000
0.291180	155.000000
0.291200	155.000000
0.291220	153.000000
0.291240	151.000000
0.291260	149.000000
0.291280	146.000000
0.291300	143.000000
0.291320	141.000000
0.291340	140.000000
0.291360	139.000000
0.291380	140.000000
0.291400	141.000000
0.291420	142.000000
0.291440	145.000000
0.291460	148.000000
0.291480	150.000000
0.291500	152.000000
0.291520	153.000000
0.291540	153.000000
0.291560	152.000000
0.291580	151.000000
0.291600	150.000000
0.291620	148.000000
0.291640	147.000000
0.291660	145.000000
0.291680	144.000000
0.291700	143.000000
0.291720	143.000000
0.291740	143.000000
0.291760	144.000000
0.291780	145.000000
0.291800	146.000000
0.291820	148.000000
0.291840	149.000000
0.291860	149.000000
0.291880	150.000000
0.291900	150.000000
0.291920	149.000000
0.291940	149.000000
0.291960	148.000000
0.291980	147.000000
0.292000	147.000000
0.292020	146.000000
0.292040	145.000000
0.292060	145.000000
0.292080	145.000000
0.292100	145.000000
0.292120	146.000000
0.292140	146.000000
0.292160	147.000000
0.292180	147.000000
0.292200	147.000000
0.292220	147.000000
0.292240	148.000000
0.292260	148.000000
0.292280	148.000000
0.292300	148.000000
0.292320	148.000000
0.292340	148.000000
0.292360	148.000000
0.292380	147.000000
0.292400	147.000000
0.292420	147.000000
0.292440	147.000000
0.292460	146.000000
0.292480	146.000000
0.292500	146.000000
0.292520	146.000000
0.292540	147.000000
0.292560	147.000000
0.292580	147.000000
0.292600	147.000000
0.292620	147.000000
0.292640	148.000000
0.292660	148.000000
0.292680	148.000000
0.292700	148.000000
0.292720	148.000000
0.292740	148.000000
0.292760	148.000000
0.292780	148.000000
0.292800	147.000000
0.292820	146.000000
0.292840	146.000000
0.292860	146.000000
0.292880	146.000000
0.292900	146.000000
0.292920	146.000000
0.292940	146.000000
0.292960	147.000000
0.292980	147.000000
0.293000	147.000000
0.293020	148.000000
0.293040	148.000000
0.293060	148.000000
0.293080	148.000000
0.293100	148.000000
0.293120	147.000000
0.293140	147.000000
0.293160	148.000000
0.293180	148.000000
0.293200	147.000000
0.293220	147.000000
0.293240	147.000000
0.293260	147.000000
0.293280	147.000000
0.293300	147.000000
0.293320	147.000000
0.293340	146.000000
0.293360	146.000000
0.293380	147.000000
0.293400	147.000000
0.293420	147.000000
0.293440	148.000000
0.293460	148.000000
0.293480	148.000000
0.293500	148.000000
0.293520	148.000000
0.293540	148.000000
0.293560	148.000000
0.293580	148.000000
0.293600	149.000000
0.293620	149.000000
0.293640	149.000000
0.293660	148.000000
0.293680	147.000000
0.293700	146.000000
0.293720	145.000000
0.293740	145.000000
0.293760	145.000000
0.293780	146.000000
0.293800	146.000000
0.293820	146.000000
0.293840	147.000000
0.293860	147.000000
0.293880	147.000000
0.293900	147.000000
0.293920	148.000000
0.293940	149.000000
0.293960	149.000000
0.293980	150.000000
0.294000	150.000000
0.294020	150.000000
0.294040	149.000000
0.294060	149.000000
0.294080	148.000000
0.294100	147.000000
0.294120	145.000000
0.294140	144.000000
0.294160	143.000000
0.294180	143.000000
0.294200	143.000000
0.294220	143.000000
0.294240	144.000000
0.294260	145.000000
0.294280	147.000000
0.294300	149.000000
0.294320	150.000000
0.294340	151.000000
0.294360	152.000000
0.294380	152.000000
0.294400	152.000000
0.294420	151.000000
0.294440	150.000000
0.294460	148.000000
0.294480	146.000000
0.294500	144.000000
0.294520	143.000000
0.294540	142.000000
0.294560	142.000000
0.294580	143.000000
0.294600	144.000000
0.294620	145.000000
0.294640	147.000000
0.294660	148.000000
0.294680	150.000000
0.294700	150.000000
0.294720	151.000000
0.294740	151.000000
0.294760	150.000000
0.294780	150.000000
0.294800	148.000000
0.294820	147.000000
0.294840	146.000000
0.294860	145.000000
0.294880	145.000000
0.294900	145.000000
0.294920	145.000000
0.294940	145.000000
0.294960	146.000000
0.294980	146.000000
0.295000	147.000000
0.295020	147.000000
0.295040	148.000000
0.295060	149.000000
0.295080	149.000000
0.295100	149.000000
0.295120	149.000000
0.295140	149.000000
0.295160	149.000000
0.295180	148.000000
0.295200	148.000000
0.295220	147.000000
0.295240	146.000000
0.295260	146.000000
0.295280	146.000000
0.295300	146.000000
0.295320	146.000000
0.295340	147.000000
0.295360	147.000000
0.295380	147.000000
0.295400	147.000000
0.295420	147.000000
0.295440	147.000000
0.295460	147.000000
0.295480	147.000000
0.295500	147.000000
0.295520	147.000000
0.295540	147.000000
0.295560	147.000000
0.295580	147.000000
0.295600	147.000000
0.295620	147.000000
0.295640	147.000000
0.295660	146.000000
0.295680	146.000000
0.295700	146.000000
0.295720	146.000000
0.295740	146.000000
0.295760	146.000000
0.295780	147.000000
0.295800	147.000000
0.295820	147.000000
0.295840	147.000000
0.295860	147.000000
0.295880	147.000000
0.295900	147.000000
0.295920	147.000000
0.295940	147.000000
0.295960	147.000000
0.295980	147.000000
0.296000	147.000000
0.296020	147.000000
0.296040	147.000000
0.296060	146.000000
0.296080	146.000000
0.296100	146.000000
0.296120	146.000000
0.296140	146.000000
0.296160	147.000000
0.296180	147.000000
0.296200	148.000000
0.296220	148.000000
0.296240	148.000000
0.296260	148.000000
0.296280	148.000000
0.296300	148.000000
0.296320	148.000000
0.296340	148.000000
0.296360	147.000000
0.296380	147.000000
0.296400	147.000000
0.296420	147.000000
0.296440	147.000000
0.296460	147.000000
0.296480	147.000000
0.296500	147.000000
0.296520	147.000000
0.296540	147.000000
0.296560	147.000000
0.296580	147.000000
0.296600	147.000000
0.296620	147.000000
0.296640	147.000000
0.296660	147.000000
0.296680	147.000000
0.296700	147.000000
0.296720	147.000000
0.296740	147.000000
0.296760	147.000000
0.296780	147.000000
0.296800	147.000000
0.296820	147.000000
0.296840	147.000000
0.296860	147.000000
0.296880	147.000000
0.296900	147.000000
0.296920	147.000000
0.296940	147.000000
0.296960	147.000000
0.296980	147.000000
0.297000	147.000000
0.297020	147.000000
0.297040	147.000000
0.297060	147.000000
0.297080	147.000000
0.297100	147.000000
0.297120	147.000000
0.297140	148.000000
0.297160	148.000000
0.297180	149.000000
0.297200	149.000000
0.297220	148.000000
0.297240	148.000000
0.297260	148.000000
0.297280	147.000000
0.297300	147.000000
0.297320	146.000000
0.297340	145.000000
0.297360	145.000000
0.297380	145.000000
0.297400	145.000000
0.297420	145.000000
0.297440	146.000000
0.297460	146.000000
0.297480	147.000000
0.297500	148.000000
0.297520	149.000000
0.297540	150.000000
0.297560	150.000000
0.297580	150.000000
0.297600	150.000000
0.297620	149.000000
0.297640	148.000000
0.297660	147.000000
0.297680	146.000000
0.297700	145.000000
0.297720	144.000000
0.297740	144.000000
0.297760	144.000000
0.297780	145.000000
0.297800	146.000000
0.297820	146.000000
0.297840	147.000000
0.297860	148.000000
0.297880	149.000000
0.297900	149.000000
0.297920	149.000000
0.297940	149.000000
0.297960	148.000000
0.297980	148.000000
0.298000	148.000000
0.298020	147.000000
0.298040	147.000000
0.298060	146.000000
0.298080	146.000000
0.298100	146.000000
0.298120	146.000000
0.298140	146.000000
0.298160	147.000000
0.298180	147.000000
0.298200	147.000000
0.298220	148.000000
0.298240	148.000000
0.298260	148.000000
0.298280	148.000000
0.298300	148.000000
0.298320	148.000000
0.298340	147.000000
0.298360	147.000000
0.298380	147.000000
0.298400	147.000000
0.298420	146.000000
0.298440	146.000000
0.298460	146.000000
0.298480	146.000000
0.298500	146.000000
0.298520	146.000000
0.298540	146.000000
0.298560	147.000000
0.298580	147.000000
0.298600	148.000000
0.298620	148.000000
0.298640	148.000000
0.298660	148.000000
0.298680	148.000000
0.298700	148.000000
0.298720	147.000000
0.298740	147.000000
0.298760	147.000000
0.298780	147.000000
0.298800	147.000000
0.298820	147.000000
0.298840	147.000000
0.298860	147.000000
0.298880	147.000000
0.298900	147.000000
0.298920	147.000000
0.298940	147.000000
0.298960	147.000000
0.298980	147.000000
0.299000	148.000000
0.299020	148.000000
0.299040	148.000000
0.299060	148.000000
0.299080	148.000000
0.299100	147.000000
0.299120	147.000000
0.299140	147.000000
0.299160	147.000000
0.299180	147.000000
0.299200	147.000000
0.299220	146.000000
0.299240	146.000000
0.299260	146.000000
0.299280	146.000000
0.299300	146.000000
0.299320	147.000000
0.299340	147.000000
0.299360	147.000000
0.299380	147.000000
0.299400	147.000000
0.299420	147.000000
0.299440	148.000000
0.299460	148.000000
0.299480	148.000000
0.299500	148.000000
0.299520	148.000000
0.299540	147.000000
0.299560	147.000000
0.299580	147.000000
0.299600	147.000000
0.299620	147.000000
0.299640	146.000000
0.299660	146.000000
0.299680	146.000000
0.299700	147.000000
0.299720	147.000000
0.299740	146.000000
0.299760	146.000000
0.299780	146.000000
0.299800	147.000000
0.299820	147.000000
0.299840	148.000000
0.299860	148.000000
0.299880	148.000000
0.299900	148.000000
0.299920	148.000000
0.299940	147.000000
0.299960	147.000000
0.299980	147.000000
0.300000	147.000000
0.300020	147.000000
0.300040	147.000000
0.300060	147.000000
0.300080	146.000000
0.300100	146.000000
0.300120	146.000000
0.300140	147.000000
0.300160	147.000000
0.300180	147.000000
0.300200	147.000000
0.300220	147.000000
0.300240	147.000000
0.300260	147.000000
0.300280	147.000000
0.300300	147.000000
0.300320	147.000000
0.300340	148.000000
0.300360	148.000000
0.300380	148.000000
0.300400	148.000000
0.300420	148.000000
0.300440	148.000000
0.300460	148.000000
0.300480	148.000000
0.300500	148.000000
0.300520	147.000000
0.300540	146.000000
0.300560	146.000000
0.300580	145.000000
0.300600	145.000000
0.300620	145.000000
0.300640	145.000000
0.300660	146.000000
0.300680	147.000000
0.300700	148.000000
0.300720	148.000000
0.300740	149.000000
0.300760	149.000000
0.300780	149.000000
0.300800	149.000000
0.300820	149.000000
0.300840	148.000000
0.300860	147.000000
0.300880	147.000000
0.300900	146.000000
0.300920	145.000000
0.300940	145.000000
0.300960	145.000000
0.300980	145.000000
0.301000	146.000000
0.301020	146.000000
0.301040	147.000000
0.301060	147.000000
0.301080	148.000000
0.301100	149.000000
0.301120	149.000000
0.301140	148.000000
0.301160	148.000000
0.301180	147.000000
0.301200	147.000000
0.301220	147.000000
0.301240	147.000000
0.301260	146.000000
0.301280	146.000000
0.301300	146.000000
0.301320	146.000000
0.301340	147.000000
0.301360	147.000000
0.301380	147.000000
0.301400	147.000000
0.301420	147.000000
0.301440	147.000000
0.301460	147.000000
0.301480	147.000000
0.301500	147.000000
0.301520	147.000000
0.301540	147.000000
0.301560	147.000000
0.301580	147.000000
0.301600	147.000000
0.301620	147.000000
0.301640	146.000000
0.301660	146.000000
0.301680	146.000000
0.301700	146.000000
0.301720	146.000000
0.301740	146.000000
0.301760	147.000000
0.301780	147.000000
0.301800	148.000000
0.301820	148.000000
0.301840	147.000000
0.301860	147.000000
0.301880	147.000000
0.301900	147.000000
0.301920	147.000000
0.301940	147.000000
0.301960	147.000000
0.301980	147.000000
0.302000	147.000000
0.302020	146.000000
0.302040	146.000000
0.302060	146.000000
0.302080	147.000000
0.302100	147.000000
0.302120	147.000000
0.302140	147.000000
0.302160	147.000000
0.302180	147.000000
0.302200	148.000000
0.302220	148.000000
0.302240	148.000000
0.302260	148.000000
0.302280	148.000000
0.302300	148.000000
0.302320	148.000000
0.302340	148.000000
0.302360	147.000000
0.302380	147.000000
0.302400	147.000000
0.302420	147.000000
0.302440	147.000000
0.302460	147.000000
0.302480	146.000000
0.302500	146.000000
0.302520	146.000000
0.302540	147.000000
0.302560	147.000000
0.302580	148.000000
0.302600	148.000000
0.302620	148.000000
0.302640	148.000000
0.302660	148.000000
0.302680	148.000000
0.302700	148.000000
0.302720	148.000000
0.302740	147.000000
0.302760	147.000000
0.302780	147.000000
0.302800	146.000000
0.302820	147.000000
0.302840	147.000000
0.302860	147.000000
0.302880	147.000000
0.302900	147.000000
0.302920	147.000000
0.302940	147.000000
0.302960	147.000000
0.302980	147.000000
0.303000	147.000000
0.303020	147.000000
0.303040	147.000000
0.303060	147.000000
0.303080	147.000000
0.303100	147.000000
0.303120	147.000000
0.303140	146.000000
0.303160	147.000000
0.303180	147.000000
0.303200	147.000000
0.303220	147.000000
0.303240	147.000000
0.303260	147.000000
0.303280	147.000000
0.303300	148.000000
0.303320	148.000000
0.303340	148.000000
0.303360	147.000000
0.303380	147.000000
0.303400	147.000000
0.303420	147.000000
0.303440	147.000000
0.303460	147.000000
0.303480	147.000000
0.303500	147.000000
0.303520	147.000000
0.303540	148.000000
0.303560	148.000000
0.303580	147.000000
0.303600	147.000000
0.303620	147.000000
0.303640	147.000000
0.303660	147.000000
0.303680	147.000000
0.303700	147.000000
0.303720	147.000000
0.303740	147.000000
0.303760	147.000000
0.303780	147.000000
0.303800	146.000000
0.303820	146.000000
0.303840	146.000000
0.303860	147.000000
0.303880	147.000000
0.303900	148.000000
0.303920	148.000000
0.303940	148.000000
0.303960	148.000000
0.303980	148.000000
0.304000	148.000000
0.304020	148.000000
0.304040	148.000000
0.304060	148.000000
0.304080	148.000000
0.304100	147.000000
0.304120	146.000000
0.304140	146.000000
0.304160	146.000000
0.304180	146.000000
0.304200	146.000000
0.304220	146.000000
0.304240	147.000000
0.304260	147.000000
0.304280	148.000000
0.304300	148.000000
0.304320	148.000000
0.304340	148.000000
0.304360	148.000000
0.304380	147.000000
0.304400	147.000000
0.304420	147.000000
0.304440	147.000000
0.304460	147.000000
0.304480	147.000000
0.304500	147.000000
0.304520	146.000000
0.304540	146.000000
0.304560	146.000000
0.304580	147.000000
0.304600	147.000000
0.304620	147.000000
0.304640	148.000000
0.304660	148.000000
0.304680	148.000000
0.304700	148.000000
0.304720	148.000000
0.304740	148.000000
0.304760	147.000000
0.304780	147.000000
0.304800	147.000000
0.304820	147.000000
0.304840	147.000000
0.304860	147.000000
0.304880	147.000000
0.304900	147.000000
0.304920	147.000000
0.304940	147.000000
0.304960	147.000000
0.304980	147.000000
0.305000	147.000000
0.305020	147.000000
0.305040	147.000000
0.305060	147.000000
0.305080	147.000000
0.305100	147.000000
0.305120	148.000000
0.305140	148.000000
0.305160	148.000000
0.305180	147.000000
0.305200	147.000000
0.305220	147.000000
0.305240	147.000000
0.305260	147.000000
0.305280	146.000000
0.305300	146.000000
0.305320	146.000000
0.305340	147.000000
0.305360	147.000000
0.305380	147.000000
0.305400	147.000000
0.305420	148.000000
0.305440	148.000000
0.305460	148.000000
0.305480	148.000000
0.305500	148.000000
0.305520	147.000000
0.305540	147.000000
0.305560	147.000000
0.305580	147.000000
0.305600	147.000000
0.305620	147.000000
0.305640	147.000000
0.305660	146.000000
0.305680	146.000000
0.305700	147.000000
0.305720	147.000000
0.305740	147.000000
0.305760	147.000000
0.305780	147.000000
0.305800	147.000000
0.305820	148.000000
0.305840	148.000000
0.305860	147.000000
0.305880	147.000000
0.305900	148.000000
0.305920	148.000000
0.305940	148.000000
0.305960	147.000000
0.305980	147.000000
0.306000	147.000000
0.306020	147.000000
0.306040	147.000000
0.306060	147.000000
0.306080	147.000000
0.306100	147.000000
0.306120	147.000000
0.306140	146.000000
0.306160	146.000000
0.306180	146.000000
0.306200	147.000000
0.306220	147.000000
0.306240	148.000000
0.306260	148.000000
0.306280	147.000000
0.306300	147.000000
0.306320	147.000000
0.306340	147.000000
0.306360	147.000000
0.306380	147.000000
0.306400	147.000000
0.306420	147.000000
0.306440	147.000000
0.306460	147.000000
0.306480	147.000000
0.306500	147.000000
0.306520	147.000000
0.306540	147.000000
0.306560	147.000000
0.306580	147.000000
0.306600	147.000000
0.306620	147.000000
0.306640	147.000000
0.306660	147.000000
0.306680	147.000000
0.306700	147.000000
0.306720	147.000000
0.306740	147.000000
0.306760	147.000000
0.306780	147.000000
0.306800	147.000000
0.306820	147.000000
0.306840	147.000000
0.306860	147.000000
0.306880	147.000000
0.306900	147.000000
0.306920	147.000000
0.306940	146.000000
0.306960	146.000000
0.306980	146.000000
0.307000	146.000000
0.307020	146.000000
0.307040	146.000000
0.307060	147.000000
0.307080	147.000000
0.307100	148.000000
0.307120	148.000000
0.307140	148.000000
0.307160	148.000000
0.307180	148.000000
0.307200	148.000000
0.307220	148.000000
0.307240	148.000000
0.307260	148.000000
0.307280	148.000000
0.307300	147.000000
0.307320	147.000000
0.307340	147.000000
0.307360	146.000000
0.307380	146.000000
0.307400	146.000000
0.307420	147.000000
0.307440	147.000000
0.307460	148.000000
0.307480	148.000000
0.307500	148.000000
0.307520	148.000000
0.307540	148.000000
0.307560	148.000000
0.307580	147.000000
0.307600	147.000000
0.307620	147.000000
0.307640	147.000000
0.307660	147.000000
0.307680	147.000000
0.307700	147.000000
0.307720	147.000000
0.307740	147.000000
0.307760	147.000000
0.307780	147.000000
0.307800	147.000000
0.307820	147.000000
0.307840	147.000000
0.307860	147.000000
0.307880	147.000000
0.307900	147.000000
0.307920	147.000000
0.307940	147.000000
0.307960	147.000000
0.307980	147.000000
0.308000	147.000000
0.308020	147.000000
0.308040	147.000000
0.308060	147.000000
0.308080	147.000000
0.308100	147.000000
0.308120	147.000000
0.308140	147.000000
0.308160	147.000000
0.308180	147.000000
0.308200	147.000000
0.308220	147.000000
0.308240	147.000000
0.308260	147.000000
0.308280	147.000000
0.308300	147.000000
0.308320	147.000000
0.308340	147.000000
0.308360	148.000000
0.308380	148.000000
0.308400	148.000000
0.308420	147.000000
0.308440	147.000000
0.308460	146.000000
0.308480	146.000000
0.308500	146.000000
0.308520	146.000000
0.308540	147.000000
0.308560	147.000000
0.308580	147.000000
0.308600	147.000000
0.308620	147.000000
0.308640	148.000000
0.308660	148.000000
0.308680	148.000000
0.308700	148.000000
0.308720	147.000000
0.308740	147.000000
0.308760	147.000000
0.308780	147.000000
0.308800	147.000000
0.308820	147.000000
0.308840	147.000000
0.308860	147.000000
0.308880	146.000000
0.308900	146.000000
0.308920	146.000000
0.308940	147.000000
0.308960	147.000000
0.308980	147.000000
0.309000	148.000000
0.309020	148.000000
0.309040	148.000000
0.309060	148.000000
0.309080	148.000000
0.309100	148.000000
0.309120	147.000000
0.309140	147.000000
0.309160	147.000000
0.309180	147.000000
0.309200	147.000000
0.309220	147.000000
0.309240	147.000000
0.309260	147.000000
0.309280	147.000000
0.309300	147.000000
0.309320	147.000000
0.309340	147.000000
0.309360	147.000000
0.309380	147.000000
0.309400	148.000000
0.309420	148.000000
0.309440	148.000000
0.309460	148.000000
0.309480	147.000000
0.309500	147.000000
0.309520	147.000000
0.309540	147.000000
0.309560	147.000000
0.309580	147.000000
0.309600	147.000000
0.309620	147.000000
0.309640	147.000000
0.309660	147.000000
0.309680	147.000000
0.309700	147.000000
0.309720	147.000000
0.309740	147.000000
0.309760	147.000000
0.309780	147.000000
0.309800	147.000000
0.309820	147.000000
0.309840	147.000000
0.309860	147.000000
0.309880	147.000000
0.309900	147.000000
0.309920	147.000000
0.309940	147.000000
0.309960	147.000000
0.309980	147.000000
0.310000	147.000000
0.310020	147.000000
0.310040	147.000000
0.310060	147.000000
0.310080	147.000000
0.310100	148.000000
0.310120	148.000000
0.310140	148.000000
0.310160	147.000000
0.310180	147.000000
0.310200	146.000000
0.310220	146.000000
0.310240	147.000000
0.310260	146.000000
0.310280	146.000000
0.310300	147.000000
0.310320	147.000000
0.310340	147.000000
0.310360	147.000000
0.310380	147.000000
0.310400	148.000000
0.310420	148.000000
0.310440	148.000000
0.310460	148.000000
0.310480	147.000000
0.310500	147.000000
0.310520	147.000000
0.310540	147.000000
0.310560	147.000000
0.310580	147.000000
0.310600	147.000000
0.310620	147.000000
0.310640	147.000000
0.310660	147.000000
0.310680	147.000000
0.310700	147.000000
0.310720	147.000000
0.310740	148.000000
0.310760	148.000000
0.310780	148.000000
0.310800	148.000000
0.310820	147.000000
0.310840	147.000000
0.310860	147.000000
0.310880	147.000000
0.310900	147.000000
0.310920	147.000000
0.310940	147.000000
0.310960	147.000000
0.310980	147.000000
0.311000	147.000000
0.311020	147.000000
0.311040	147.000000
0.311060	147.000000
0.311080	147.000000
0.311100	147.000000
0.311120	147.000000
0.311140	147.000000
0.311160	147.000000
0.311180	147.000000
0.311200	147.000000
0.311220	147.000000
0.311240	147.000000
0.311260	147.000000
0.311280	147.000000
0.311300	147.000000
0.311320	147.000000
0.311340	147.000000
0.311360	147.000000
0.311380	147.000000
0.311400	147.000000
0.311420	147.000000
0.311440	148.000000
0.311460	147.000000
0.311480	147.000000
0.311500	147.000000
0.311520	147.000000
0.311540	148.000000
0.311560	147.000000
0.311580	147.000000
0.311600	146.000000
0.311620	146.000000
0.311640	146.000000
0.311660	147.000000
0.311680	147.000000
0.311700	147.000000
0.311720	147.000000
0.311740	147.000000
0.311760	147.000000
0.311780	147.000000
0.311800	147.000000
0.311820	148.000000
0.311840	148.000000
0.311860	148.000000
0.311880	148.000000
0.311900	147.000000
0.311920	147.000000
0.311940	147.000000
0.311960	147.000000
0.311980	146.000000
0.312000	146.000000
0.312020	146.000000
0.312040	147.000000
0.312060	147.000000
0.312080	147.000000
0.312100	146.000000
0.312120	146.000000
0.312140	146.000000
0.312160	147.000000
0.312180	147.000000
0.312200	147.000000
0.312220	148.000000
0.312240	148.000000
0.312260	148.000000
0.312280	148.000000
0.312300	147.000000
0.312320	148.000000
0.312340	147.000000
0.312360	147.000000
0.312380	146.000000
0.312400	147.000000
0.312420	147.000000
0.312440	148.000000
0.312460	147.000000
0.312480	147.000000
0.312500	147.000000
0.312520	149.000000
0.312540	149.000000
0.312560	148.000000
0.312580	146.000000
0.312600	146.000000
0.312620	147.000000
0.312640	148.000000
0.312660	147.000000
0.312680	145.000000
0.312700	145.000000
0.312720	148.000000
0.312740	151.000000
0.312760	147.000000
0.312780	135.000000
