0.341500	102.000000
0.341520	58.000000
0.341540	122.000000
0.341560	169.000000
0.341580	173.000000
0.341600	150.000000
0.341620	135.000000
0.341640	142.000000
0.341660	158.000000
0.341680	163.000000
0.341700	154.000000
0.341720	145.000000
0.341740	147.000000
0.341760	154.000000
0.341780	154.000000
0.341800	146.000000
0.341820	141.000000
0.341840	144.000000
0.341860	152.000000
0.341880	153.000000
0.341900	148.000000
0.341920	143.000000
0.341940	146.000000
0.341960	153.000000
0.341980	156.000000
0.342000	154.000000
0.342020	151.000000
0.342040	153.000000
0.342060	158.000000
0.342080	160.000000
0.342100	157.000000
0.342120	152.000000
0.342140	151.000000
0.342160	151.000000
0.342180	148.000000
0.342200	143.000000
0.342220	138.000000
0.342240	138.000000
0.342260	141.000000
0.342280	144.000000
0.342300	143.000000
0.342320	143.000000
0.342340	146.000000
0.342360	150.000000
0.342380	153.000000
0.342400	153.000000
0.342420	152.000000
0.342440	154.000000
0.342460	159.000000
0.342480	161.000000
0.342500	159.000000
0.342520	154.000000
0.342540	151.000000
0.342560	149.000000
0.342580	148.000000
0.342600	146.000000
0.342620	144.000000
0.342640	143.000000
0.342660	144.000000
0.342680	144.000000
0.342700	144.000000
0.342720	144.000000
0.342740	147.000000
0.342760	150.000000
0.342780	152.000000
0.342800	151.000000
0.342820	150.000000
0.342840	151.000000
0.342860	153.000000
0.342880	154.000000
0.342900	153.000000
0.342920	151.000000
0.342940	151.000000
0.342960	151.000000
0.342980	151.000000
0.343000	149.000000
0.343020	148.000000
0.343040	149.000000
0.343060	151.000000
0.343080	152.000000
0.343100	150.000000
0.343120	149.000000
0.343140	148.000000
0.343160	149.000000
0.343180	149.000000
0.343200	148.000000
0.343220	147.000000
0.343240	148.000000
0.343260	150.000000
0.343280	149.000000
0.343300	147.000000
0.343320	147.000000
0.343340	149.000000
0.343360	153.000000
0.343380	155.000000
0.343400	154.000000
0.343420	152.000000
0.343440	151.000000
0.343460	152.000000
0.343480	152.000000
0.343500	150.000000
0.343520	148.000000
0.343540	146.000000
0.343560	146.000000
0.343580	146.000000
0.343600	144.000000
0.343620	142.000000
0.343640	142.000000
0.343660	143.000000
0.343680	144.000000
0.343700	145.000000
0.343720	145.000000
0.343740	147.000000
0.343760	150.000000
0.343780	151.000000
0.343800	150.000000
0.343820	148.000000
0.343840	147.000000
0.343860	149.000000
0.343880	151.000000
0.343900	153.000000
0.343920	153.000000
0.343940	152.000000
0.343960	150.000000
0.343980	148.000000
0.344000	146.000000
0.344020	145.000000
0.344040	144.000000
0.344060	144.000000
0.344080	144.000000
0.344100	144.000000
0.344120	145.000000
0.344140	147.000000
0.344160	151.000000
0.344180	153.000000
0.344200	153.000000
0.344220	152.000000
0.344240	153.000000
0.344260	154.000000
0.344280	155.000000
0.344300	153.000000
0.344320	151.000000
0.344340	151.000000
0.344360	151.000000
0.344380	151.000000
0.344400	150.000000
0.344420	148.000000
0.344440	147.000000
0.344460	148.000000
0.344480	148.000000
0.344500	148.000000
0.344520	148.000000
0.344540	148.000000
0.344560	149.000000
0.344580	150.000000
0.344600	151.000000
0.344620	150.000000
0.344640	150.000000
0.344660	150.000000
0.344680	151.000000
0.344700	150.000000
0.344720	150.000000
0.344740	150.000000
0.344760	151.000000
0.344780	152.000000
0.344800	151.000000
0.344820	150.000000
0.344840	150.000000
0.344860	151.000000
0.344880	152.000000
0.344900	153.000000
0.344920	153.000000
0.344940	152.000000
0.344960	150.000000
0.344980	147.000000
0.345000	145.000000
0.345020	145.000000
0.345040	147.000000
0.345060	149.000000
0.345080	149.000000
0.345100	148.000000
0.345120	148.000000
0.345140	150.000000
0.345160	153.000000
0.345180	154.000000
0.345200	155.000000
0.345220	154.000000
0.345240	155.000000
0.345260	156.000000
0.345280	157.000000
0.345300	155.000000
0.345320	152.000000
0.345340	148.000000
0.345360	146.000000
0.345380	145.000000
0.345400	145.000000
0.345420	144.000000
0.345440	143.000000
0.345460	142.000000
0.345480	142.000000
0.345500	142.000000
0.345520	142.000000
0.345540	144.000000
0.345560	145.000000
0.345580	147.000000
0.345600	148.000000
0.345620	149.000000
0.345640	150.000000
0.345660	152.000000
0.345680	153.000000
0.345700	154.000000
0.345720	154.000000
0.345740	153.000000
0.345760	150.000000
0.345780	147.000000
0.345800	144.000000
0.345820	143.000000
0.345840	144.000000
0.345860	145.000000
0.345880	145.000000
0.345900	144.000000
0.345920	143.000000
0.345940	144.000000
0.345960	146.000000
0.345980	148.000000
0.346000	149.000000
0.346020	150.000000
0.346040	151.000000
0.346060	153.000000
0.346080	153.000000
0.346100	151.000000
0.346120	149.000000
0.346140	147.000000
0.346160	147.000000
0.346180	147.000000
0.346200	148.000000
0.346220	148.000000
0.346240	148.000000
0.346260	149.000000
0.346280	150.000000
0.346300	150.000000
0.346320	150.000000
0.346340	151.000000
0.346360	151.000000
0.346380	151.000000
0.346400	150.000000
0.346420	150.000000
0.346440	150.000000
0.346460	151.000000
0.346480	151.000000
0.346500	150.000000
0.346520	148.000000
0.346540	147.000000
0.346560	148.000000
0.346580	149.000000
0.346600	149.000000
0.346620	149.000000
0.346640	150.000000
0.346660	150.000000
0.346680	151.000000
0.346700	151.000000
0.346720	151.000000
0.346740	151.000000
0.346760	150.000000
0.346780	149.000000
0.346800	147.000000
0.346820	146.000000
0.346840	147.000000
0.346860	147.000000
0.346880	147.000000
0.346900	147.000000
0.346920	147.000000
0.346940	148.000000
0.346960	149.000000
0.346980	150.000000
0.347000	150.000000
0.347020	150.000000
0.347040	151.000000
0.347060	153.000000
0.347080	153.000000
0.347100	153.000000
0.347120	153.000000
0.347140	152.000000
0.347160	151.000000
0.347180	148.000000
0.347200	146.000000
0.347220	145.000000
0.347240	146.000000
0.347260	147.000000
0.347280	148.000000
0.347300	147.000000
0.347320	146.000000
0.347340	146.000000
0.347360	148.000000
0.347380	150.000000
0.347400	150.000000
0.347420	150.000000
0.347440	150.000000
0.347460	152.000000
0.347480	152.000000
0.347500	151.000000
0.347520	150.000000
0.347540	149.000000
0.347560	150.000000
0.347580	151.000000
0.347600	151.000000
0.347620	150.000000
0.347640	148.000000
0.347660	147.000000
0.347680	147.000000
0.347700	147.000000
0.347720	147.000000
0.347740	148.000000
0.347760	149.000000
0.347780	150.000000
0.347800	149.000000
0.347820	148.000000
0.347840	148.000000
0.347860	149.000000
0.347880	151.000000
0.347900	152.000000
0.347920	152.000000
0.347940	151.000000
0.347960	150.000000
0.347980	149.000000
0.348000	148.000000
0.348020	147.000000
0.348040	147.000000
0.348060	148.000000
0.348080	149.000000
0.348100	148.000000
0.348120	147.000000
0.348140	146.000000
0.348160	147.000000
0.348180	147.000000
0.348200	147.000000
0.348220	146.000000
0.348240	146.000000
0.348260	148.000000
0.348280	149.000000
0.348300	150.000000
0.348320	149.000000
0.348340	149.000000
0.348360	151.000000
0.348380	153.000000
0.348400	154.000000
0.348420	154.000000
0.348440	152.000000
0.348460	151.000000
0.348480	151.000000
0.348500	151.000000
0.348520	151.000000
0.348540	150.000000
0.348560	148.000000
0.348580	147.000000
0.348600	146.000000
0.348620	145.000000
0.348640	145.000000
0.348660	145.000000
0.348680	146.000000
0.348700	146.000000
0.348720	147.000000
0.348740	147.000000
0.348760	147.000000
0.348780	149.000000
0.348800	150.000000
0.348820	152.000000
0.348840	154.000000
0.348860	155.000000
0.348880	155.000000
0.348900	155.000000
0.348920	154.000000
0.348940	152.000000
0.348960	149.000000
0.348980	147.000000
0.349000	147.000000
0.349020	147.000000
0.349040	148.000000
0.349060	148.000000
0.349080	148.000000
0.349100	147.000000
0.349120	148.000000
0.349140	149.000000
0.349160	150.000000
0.349180	150.000000
0.349200	150.000000
0.349220	150.000000
0.349240	152.000000
0.349260	154.000000
0.349280	155.000000
0.349300	154.000000
0.349320	151.000000
0.349340	148.000000
0.349360	146.000000
0.349380	145.000000
0.349400	144.000000
0.349420	144.000000
0.349440	144.000000
0.349460	144.000000
0.349480	144.000000
0.349500	143.000000
0.349520	143.000000
0.349540	143.000000
0.349560	144.000000
0.349580	146.000000
0.349600	149.000000
0.349620	153.000000
0.349640	158.000000
0.349660	163.000000
0.349680	167.000000
0.349700	170.000000
0.349720	169.000000
0.349740	166.000000
0.349760	159.000000
0.349780	149.000000
0.349800	139.000000
0.349820	129.000000
0.349840	124.000000
0.349860	122.000000
0.349880	122.000000
0.349900	123.000000
0.349920	125.000000
0.349940	127.000000
0.349960	131.000000
0.349980	140.000000
0.350000	153.000000
0.350020	169.000000
0.350040	184.000000
0.350060	194.000000
0.350080	196.000000
0.350100	191.000000
0.350120	180.000000
0.350140	169.000000
0.350160	161.000000
0.350180	154.000000
0.350200	147.000000
0.350220	138.000000
0.350240	124.000000
0.350260	109.000000
0.350280	95.000000
0.350300	86.000000
0.350320	85.000000
0.350340	93.000000
0.350360	108.000000
0.350380	129.000000
0.350400	152.000000
0.350420	176.000000
0.350440	197.000000
0.350460	215.000000
0.350480	227.000000
0.350500	234.000000
0.350520	234.000000
0.350540	228.000000
0.350560	210.000000
0.350580	180.000000
0.350600	141.000000
0.350620	99.000000
0.350640	63.000000
0.350660	39.000000
0.350680	28.000000
0.350700	28.000000
0.350720	40.000000
0.350740	67.000000
0.350760	106.000000
0.350780	151.000000
0.350800	192.000000
0.350820	219.000000
0.350840	232.000000
0.350860	236.000000
0.350880	236.000000
0.350900	231.000000
0.350920	215.000000
0.350940	186.000000
0.350960	149.000000
0.350980	112.000000
0.351000	82.000000
0.351020	64.000000
0.351040	56.000000
0.351060	59.000000
0.351080	72.000000
0.351100	94.000000
0.351120	122.000000
0.351140	150.000000
0.351160	175.000000
0.351180	194.000000
0.351200	206.000000
0.351220	210.000000
0.351240	207.000000
0.351260	195.000000
0.351280	178.000000
0.351300	159.000000
0.351320	142.000000
0.351340	128.000000
0.351360	117.000000
0.351380	109.000000
0.351400	107.000000
0.351420	111.000000
0.351440	120.000000
0.351460	133.000000
0.351480	145.000000
0.351500	155.000000
0.351520	163.000000
0.351540	169.000000
0.351560	172.000000
0.351580	173.000000
0.351600	172.000000
0.351620	168.000000
0.351640	162.000000
0.351660	155.000000
0.351680	148.000000
0.351700	141.000000
0.351720	137.000000
0.351740	136.000000
0.351760	136.000000
0.351780	136.000000
0.351800	138.000000
0.351820	141.000000
0.351840	144.000000
0.351860	148.000000
0.351880	150.000000
0.351900	151.000000
0.351920	152.000000
0.351940	153.000000
0.351960	154.000000
0.351980	154.000000
0.352000	152.000000
0.352020	150.000000
0.352040	150.000000
0.352060	150.000000
0.352080	151.000000
0.352100	151.000000
0.352120	149.000000
0.352140	147.000000
0.352160	147.000000
0.352180	147.000000
0.352200	147.000000
0.352220	146.000000
0.352240	145.000000
0.352260	144.000000
0.352280	144.000000
0.352300	146.000000
0.352320	149.000000
0.352340	150.000000
0.352360	151.000000
0.352380	151.000000
0.352400	152.000000
0.352420	153.000000
0.352440	154.000000
0.352460	153.000000
0.352480	151.000000
0.352500	148.000000
0.352520	147.000000
0.352540	147.000000
0.352560	147.000000
0.352580	144.000000
0.352600	142.000000
0.352620	141.000000
0.352640	142.000000
0.352660	144.000000
0.352680	145.000000
0.352700	145.000000
0.352720	145.000000
0.352740	146.000000
0.352760	148.000000
0.352780	150.000000
0.352800	153.000000
0.352820	157.000000
0.352840	162.000000
0.352860	169.000000
0.352880	172.000000
0.352900	172.000000
0.352920	167.000000
0.352940	160.000000
0.352960	153.000000
0.352980	146.000000
0.353000	137.000000
0.353020	129.000000
0.353040	122.000000
0.353060	120.000000
0.353080	121.000000
0.353100	122.000000
0.353120	123.000000
0.353140	126.000000
0.353160	134.000000
0.353180	148.000000
0.353200	165.000000
0.353220	180.000000
0.353240	191.000000
0.353260	195.000000
0.353280	193.000000
0.353300	185.000000
0.353320	177.000000
0.353340	168.000000
0.353360	161.000000
0.353380	153.000000
0.353400	142.000000
0.353420	129.000000
0.353440	115.000000
0.353460	100.000000
0.353480	89.000000
0.353500	83.000000
0.353520	85.000000
0.353540	96.000000
0.353560	115.000000
0.353580	138.000000
0.353600	162.000000
0.353620	185.000000
0.353640	205.000000
0.353660	221.000000
0.353680	232.000000
0.353700	235.000000
0.353720	231.000000
0.353740	217.000000
0.353760	194.000000
0.353780	163.000000
0.353800	127.000000
0.353820	90.000000
0.353840	59.000000
0.353860	39.000000
0.353880	32.000000
0.353900	36.000000
0.353920	53.000000
0.353940	81.000000
0.353960	119.000000
0.353980	161.000000
0.354000	197.000000
0.354020	222.000000
0.354040	234.000000
0.354060	237.000000
0.354080	234.000000
0.354100	224.000000
0.354120	204.000000
0.354140	175.000000
0.354160	141.000000
0.354180	110.000000
0.354200	88.000000
0.354220	76.000000
0.354240	73.000000
0.354260	77.000000
0.354280	89.000000
0.354300	109.000000
0.354320	133.000000
0.354340	156.000000
0.354360	175.000000
0.354380	186.000000
0.354400	192.000000
0.354420	192.000000
0.354440	188.000000
0.354460	180.000000
0.354480	169.000000
0.354500	156.000000
0.354520	143.000000
0.354540	132.000000
0.354560	124.000000
0.354580	120.000000
0.354600	120.000000
0.354620	124.000000
0.354640	130.000000
0.354660	138.000000
0.354680	146.000000
0.354700	153.000000
0.354720	158.000000
0.354740	162.000000
0.354760	163.000000
0.354780	162.000000
0.354800	160.000000
0.354820	158.000000
0.354840	155.000000
0.354860	153.000000
0.354880	151.000000
0.354900	148.000000
0.354920	146.000000
0.354940	144.000000
0.354960	144.000000
0.354980	145.000000
0.355000	146.000000
0.355020	146.000000
0.355040	146.000000
0.355060	146.000000
0.355080	147.000000
0.355100	147.000000
0.355120	148.000000
0.355140	148.000000
0.355160	149.000000
0.355180	150.000000
0.355200	151.000000
0.355220	152.000000
0.355240	153.000000
0.355260	153.000000
0.355280	153.000000
0.355300	151.000000
0.355320	150.000000
0.355340	148.000000
0.355360	147.000000
0.355380	146.000000
0.355400	145.000000
0.355420	144.000000
0.355440	144.000000
0.355460	144.000000
0.355480	145.000000
0.355500	147.000000
0.355520	148.000000
0.355540	149.000000
0.355560	150.000000
0.355580	151.000000
0.355600	152.000000
0.355620	152.000000
0.355640	152.000000
0.355660	151.000000
0.355680	150.000000
0.355700	148.000000
0.355720	145.000000
0.355740	143.000000
0.355760	142.000000
0.355780	143.000000
0.355800	144.000000
0.355820	146.000000
0.355840	147.000000
0.355860	149.000000
0.355880	150.000000
0.355900	151.000000
0.355920	150.000000
0.355940	149.000000
0.355960	149.000000
0.355980	151.000000
0.356000	154.000000
0.356020	158.000000
0.356040	160.000000
0.356060	162.000000
0.356080	162.000000
0.356100	160.000000
0.356120	156.000000
0.356140	151.000000
0.356160	147.000000
0.356180	143.000000
0.356200	140.000000
0.356220	137.000000
0.356240	134.000000
0.356260	131.000000
0.356280	129.000000
0.356300	129.000000
0.356320	132.000000
0.356340	137.000000
0.356360	144.000000
0.356380	154.000000
0.356400	163.000000
0.356420	171.000000
0.356440	176.000000
0.356460	176.000000
0.356480	175.000000
0.356500	172.000000
0.356520	169.000000
0.356540	164.000000
0.356560	157.000000
0.356580	149.000000
0.356600	141.000000
0.356620	131.000000
0.356640	121.000000
0.356660	110.000000
0.356680	103.000000
0.356700	101.000000
0.356720	106.000000
0.356740	116.000000
0.356760	131.000000
0.356780	147.000000
0.356800	163.000000
0.356820	179.000000
0.356840	193.000000
0.356860	204.000000
0.356880	212.000000
0.356900	213.000000
0.356920	207.000000
0.356940	193.000000
0.356960	174.000000
0.356980	151.000000
0.357000	126.000000
0.357020	102.000000
0.357040	84.000000
0.357060	73.000000
0.357080	70.000000
0.357100	76.000000
0.357120	90.000000
0.357140	110.000000
0.357160	134.000000
0.357180	160.000000
0.357200	184.000000
0.357220	202.000000
0.357240	212.000000
0.357260	214.000000
0.357280	210.000000
0.357300	200.000000
0.357320	185.000000
0.357340	165.000000
0.357360	144.000000
0.357380	124.000000
0.357400	110.000000
0.357420	103.000000
0.357440	102.000000
0.357460	106.000000
0.357480	113.000000
0.357500	123.000000
0.357520	135.000000
0.357540	147.000000
0.357560	158.000000
0.357580	167.000000
0.357600	172.000000
0.357620	174.000000
0.357640	173.000000
0.357660	168.000000
0.357680	162.000000
0.357700	156.000000
0.357720	150.000000
0.357740	144.000000
0.357760	139.000000
0.357780	136.000000
0.357800	135.000000
0.357820	138.000000
0.357840	142.000000
0.357860	146.000000
0.357880	148.000000
0.357900	148.000000
0.357920	148.000000
0.357940	150.000000
0.357960	153.000000
0.357980	157.000000
0.358000	158.000000
0.358020	159.000000
0.358040	158.000000
0.358060	156.000000
0.358080	155.000000
0.358100	154.000000
0.358120	152.000000
0.358140	151.000000
0.358160	148.000000
0.358180	146.000000
0.358200	145.000000
0.358220	144.000000
0.358240	144.000000
0.358260	144.000000
0.358280	144.000000
0.358300	145.000000
0.358320	146.000000
0.358340	148.000000
0.358360	150.000000
0.358380	151.000000
0.358400	153.000000
0.358420	154.000000
0.358440	154.000000
0.358460	154.000000
0.358480	153.000000
0.358500	152.000000
0.358520	151.000000
0.358540	149.000000
0.358560	146.000000
0.358580	142.000000
0.358600	140.000000
0.358620	139.000000
0.358640	141.000000
0.358660	143.000000
0.358680	146.000000
0.358700	148.000000
0.358720	150.000000
0.358740	152.000000
0.358760	154.000000
0.358780	155.000000
0.358800	154.000000
0.358820	153.000000
0.358840	151.000000
0.358860	150.000000
0.358880	148.000000
0.358900	146.000000
0.358920	145.000000
0.358940	143.000000
0.358960	143.000000
0.358980	144.000000
0.359000	145.000000
0.359020	147.000000
0.359040	149.000000
0.359060	151.000000
0.359080	151.000000
0.359100	150.000000
0.359120	150.000000
0.359140	150.000000
0.359160	151.000000
0.359180	153.000000
0.359200	155.000000
0.359220	155.000000
0.359240	155.000000
0.359260	153.000000
0.359280	152.000000
0.359300	150.000000
0.359320	149.000000
0.359340	148.000000
0.359360	147.000000
0.359380	147.000000
0.359400	147.000000
0.359420	146.000000
0.359440	145.000000
0.359460	142.000000
0.359480	138.000000
0.359500	136.000000
0.359520	137.000000
0.359540	140.000000
0.359560	146.000000
0.359580	153.000000
0.359600	159.000000
0.359620	162.000000
0.359640	164.000000
0.359660	163.000000
0.359680	161.000000
0.359700	160.000000
0.359720	158.000000
0.359740	157.000000
0.359760	154.000000
0.359780	150.000000
0.359800	144.000000
0.359820	137.000000
0.359840	130.000000
0.359860	124.000000
0.359880	121.000000
0.359900	122.000000
0.359920	127.000000
0.359940	135.000000
0.359960	144.000000
0.359980	153.000000
0.360000	161.000000
0.360020	169.000000
0.360040	177.000000
0.360060	183.000000
0.360080	186.000000
0.360100	186.000000
0.360120	180.000000
0.360140	170.000000
0.360160	157.000000
0.360180	142.000000
0.360200	127.000000
0.360220	114.000000
0.360240	107.000000
0.360260	106.000000
0.360280	109.000000
0.360300	115.000000
0.360320	124.000000
0.360340	136.000000
0.360360	150.000000
0.360380	164.000000
0.360400	175.000000
0.360420	182.000000
0.360440	184.000000
0.360460	182.000000
0.360480	177.000000
0.360500	170.000000
0.360520	161.000000
0.360540	152.000000
0.360560	143.000000
0.360580	136.000000
0.360600	130.000000
0.360620	127.000000
0.360640	126.000000
0.360660	129.000000
0.360680	134.000000
0.360700	139.000000
0.360720	144.000000
0.360740	149.000000
0.360760	155.000000
0.360780	159.000000
0.360800	160.000000
0.360820	159.000000
0.360840	157.000000
0.360860	155.000000
0.360880	155.000000
0.360900	155.000000
0.360920	152.000000
0.360940	148.000000
0.360960	143.000000
0.360980	142.000000
0.361000	142.000000
0.361020	143.000000
0.361040	144.000000
0.361060	144.000000
0.361080	145.000000
0.361100	146.000000
0.361120	148.000000
0.361140	150.000000
0.361160	151.000000
0.361180	153.000000
0.361200	155.000000
0.361220	156.000000
0.361240	155.000000
0.361260	153.000000
0.361280	152.000000
0.361300	151.000000
0.361320	149.000000
0.361340	148.000000
0.361360	146.000000
0.361380	144.000000
0.361400	143.000000
0.361420	142.000000
0.361440	141.000000
0.361460	140.000000
0.361480	141.000000
0.361500	144.000000
0.361520	148.000000
0.361540	150.000000
0.361560	151.000000
0.361580	151.000000
0.361600	151.000000
0.361620	153.000000
0.361640	154.000000
0.361660	153.000000
0.361680	152.000000
0.361700	151.000000
0.361720	150.000000
0.361740	148.000000
0.361760	146.000000
0.361780	143.000000
0.361800	140.000000
0.361820	139.000000
0.361840	140.000000
0.361860	142.000000
0.361880	145.000000
0.361900	148.000000
0.361920	151.000000
0.361940	153.000000
0.361960	155.000000
0.361980	155.000000
0.362000	154.000000
0.362020	153.000000
0.362040	152.000000
0.362060	151.000000
0.362080	149.000000
0.362100	147.000000
0.362120	145.000000
0.362140	143.000000
0.362160	142.000000
0.362180	142.000000
0.362200	142.000000
0.362220	143.000000
0.362240	144.000000
0.362260	147.000000
0.362280	149.000000
0.362300	151.000000
0.362320	153.000000
0.362340	154.000000
0.362360	154.000000
0.362380	154.000000
0.362400	152.000000
0.362420	151.000000
0.362440	149.000000
0.362460	148.000000
0.362480	149.000000
0.362500	149.000000
0.362520	150.000000
0.362540	149.000000
0.362560	149.000000
0.362580	149.000000
0.362600	149.000000
0.362620	148.000000
0.362640	145.000000
0.362660	142.000000
0.362680	141.000000
0.362700	142.000000
0.362720	145.000000
0.362740	149.000000
0.362760	151.000000
0.362780	151.000000
0.362800	151.000000
0.362820	152.000000
0.362840	153.000000
0.362860	155.000000
0.362880	155.000000
0.362900	154.000000
0.362920	153.000000
0.362940	152.000000
0.362960	151.000000
0.362980	148.000000
0.363000	143.000000
0.363020	139.000000
0.363040	135.000000
0.363060	133.000000
0.363080	134.000000
0.363100	136.000000
0.363120	140.000000
0.363140	145.000000
0.363160	150.000000
0.363180	155.000000
0.363200	160.000000
0.363220	165.000000
0.363240	168.000000
0.363260	169.000000
0.363280	168.000000
0.363300	163.000000
0.363320	156.000000
0.363340	148.000000
0.363360	142.000000
0.363380	137.000000
0.363400	135.000000
0.363420	133.000000
0.363440	132.000000
0.363460	133.000000
0.363480	135.000000
0.363500	140.000000
0.363520	145.000000
0.363540	150.000000
0.363560	155.000000
0.363580	161.000000
0.363600	164.000000
0.363620	165.000000
0.363640	162.000000
0.363660	158.000000
0.363680	153.000000
0.363700	150.000000
0.363720	147.000000
0.363740	145.000000
0.363760	142.000000
0.363780	141.000000
0.363800	142.000000
0.363820	144.000000
0.363840	146.000000
0.363860	146.000000
0.363880	147.000000
0.363900	148.000000
0.363920	150.000000
0.363940	153.000000
0.363960	154.000000
0.363980	153.000000
0.364000	152.000000
0.364020	152.000000
0.364040	151.000000
0.364060	149.000000
0.364080	147.000000
0.364100	144.000000
0.364120	143.000000
0.364140	143.000000
0.364160	143.000000
0.364180	144.000000
0.364200	145.000000
0.364220	147.000000
0.364240	148.000000
0.364260	150.000000
0.364280	151.000000
0.364300	151.000000
0.364320	150.000000
0.364340	149.000000
0.364360	148.000000
0.364380	148.000000
0.364400	149.000000
0.364420	149.000000
0.364440	150.000000
0.364460	150.000000
0.364480	149.000000
0.364500	149.000000
0.364520	149.000000
0.364540	150.000000
0.364560	150.000000
0.364580	150.000000
0.364600	149.000000
0.364620	148.000000
0.364640	148.000000
0.364660	148.000000
0.364680	149.000000
0.364700	150.000000
0.364720	151.000000
0.364740	152.000000
0.364760	152.000000
0.364780	151.000000
0.364800	151.000000
0.364820	152.000000
0.364840	153.000000
0.364860	154.000000
0.364880	153.000000
0.364900	151.000000
0.364920	148.000000
0.364940	147.000000
0.364960	146.000000
0.364980	146.000000
0.365000	144.000000
0.365020	142.000000
0.365040	142.000000
0.365060	144.000000
0.365080	146.000000
0.365100	149.000000
0.365120	150.000000
0.365140	150.000000
0.365160	151.000000
0.365180	152.000000
0.365200	154.000000
0.365220	154.000000
0.365240	153.000000
0.365260	149.000000
0.365280	145.000000
0.365300	141.000000
0.365320	140.000000
0.365340	141.000000
0.365360	143.000000
0.365380	146.000000
0.365400	148.000000
0.365420	151.000000
0.365440	153.000000
0.365460	153.000000
0.365480	152.000000
0.365500	151.000000
0.365520	151.000000
0.365540	151.000000
0.365560	151.000000
0.365580	149.000000
0.365600	147.000000
0.365620	146.000000
0.365640	146.000000
0.365660	146.000000
0.365680	146.000000
0.365700	147.000000
0.365720	149.000000
0.365740	151.000000
0.365760	152.000000
0.365780	151.000000
0.365800	150.000000
0.365820	149.000000
0.365840	149.000000
0.365860	149.000000
0.365880	147.000000
0.365900	146.000000
0.365920	145.000000
0.365940	145.000000
0.365960	146.000000
0.365980	147.000000
0.366000	147.000000
0.366020	146.000000
0.366040	146.000000
0.366060	147.000000
0.366080	146.000000
0.366100	146.000000
0.366120	146.000000
0.366140	147.000000
0.366160	147.000000
0.366180	147.000000
0.366200	146.000000
0.366220	145.000000
0.366240	146.000000
0.366260	148.000000
0.366280	150.000000
0.366300	150.000000
0.366320	151.000000
0.366340	151.000000
0.366360	153.000000
0.366380	154.000000
0.366400	155.000000
0.366420	154.000000
0.366440	153.000000
0.366460	153.000000
0.366480	152.000000
0.366500	149.000000
0.366520	145.000000
0.366540	141.000000
0.366560	139.000000
0.366580	140.000000
0.366600	142.000000
0.366620	144.000000
0.366640	145.000000
0.366660	148.000000
0.366680	151.000000
0.366700	154.000000
0.366720	158.000000
0.366740	161.000000
0.366760	161.000000
0.366780	159.000000
0.366800	154.000000
0.366820	148.000000
0.366840	142.000000
0.366860	137.000000
0.366880	135.000000
0.366900	134.000000
0.366920	136.000000
0.366940	140.000000
0.366960	145.000000
0.366980	150.000000
0.367000	154.000000
0.367020	157.000000
0.367040	160.000000
0.367060	161.000000
0.367080	162.000000
0.367100	161.000000
0.367120	159.000000
0.367140	155.000000
0.367160	151.000000
0.367180	147.000000
0.367200	143.000000
0.367220	140.000000
0.367240	138.000000
0.367260	138.000000
0.367280	139.000000
0.367300	140.000000
0.367320	142.000000
0.367340	145.000000
0.367360	148.000000
0.367380	151.000000
0.367400	153.000000
0.367420	154.000000
0.367440	156.000000
0.367460	156.000000
0.367480	156.000000
0.367500	153.000000
0.367520	151.000000
0.367540	149.000000
0.367560	148.000000
0.367580	148.000000
0.367600	148.000000
0.367620	147.000000
0.367640	146.000000
0.367660	146.000000
0.367680	147.000000
0.367700	148.000000
0.367720	149.000000
0.367740	150.000000
0.367760	151.000000
0.367780	152.000000
0.367800	152.000000
0.367820	151.000000
0.367840	149.000000
0.367860	149.000000
0.367880	149.000000
0.367900	149.000000
0.367920	149.000000
0.367940	148.000000
0.367960	148.000000
0.367980	148.000000
0.368000	149.000000
0.368020	150.000000
0.368040	151.000000
0.368060	152.000000
0.368080	151.000000
0.368100	150.000000
0.368120	147.000000
0.368140	145.000000
0.368160	144.000000
0.368180	145.000000
0.368200	145.000000
0.368220	144.000000
0.368240	142.000000
0.368260	142.000000
0.368280	145.000000
0.368300	149.000000
0.368320	153.000000
0.368340	154.000000
0.368360	153.000000
0.368380	152.000000
0.368400	151.000000
0.368420	150.000000
0.368440	149.000000
0.368460	147.000000
0.368480	145.000000
0.368500	145.000000
0.368520	145.000000
0.368540	146.000000
0.368560	147.000000
0.368580	148.000000
0.368600	149.000000
0.368620	150.000000
0.368640	151.000000
0.368660	152.000000
0.368680	152.000000
0.368700	151.000000
0.368720	151.000000
0.368740	151.000000
0.368760	151.000000
0.368780	150.000000
0.368800	148.000000
0.368820	146.000000
0.368840	144.000000
0.368860	144.000000
0.368880	146.000000
0.368900	149.000000
0.368920	150.000000
0.368940	152.000000
0.368960	153.000000
0.368980	154.000000
0.369000	154.000000
0.369020	152.000000
0.369040	151.000000
0.369060	149.000000
0.369080	147.000000
0.369100	147.000000
0.369120	146.000000
0.369140	147.000000
0.369160	146.000000
0.369180	145.000000
0.369200	143.000000
0.369220	142.000000
0.369240	142.000000
0.369260	144.000000
0.369280	147.000000
0.369300	149.000000
0.369320	149.000000
0.369340	147.000000
0.369360	146.000000
0.369380	145.000000
0.369400	145.000000
0.369420	146.000000
0.369440	147.000000
0.369460	150.000000
0.369480	154.000000
0.369500	156.000000
0.369520	155.000000
0.369540	153.000000
0.369560	150.000000
0.369580	150.000000
0.369600	150.000000
0.369620	150.000000
0.369640	148.000000
0.369660	144.000000
0.369680	141.000000
0.369700	138.000000
0.369720	136.000000
0.369740	136.000000
0.369760	137.000000
0.369780	141.000000
0.369800	147.000000
0.369820	154.000000
0.369840	160.000000
0.369860	164.000000
0.369880	165.000000
0.369900	165.000000
0.369920	164.000000
0.369940	162.000000
0.369960	158.000000
0.369980	152.000000
0.370000	144.000000
0.370020	136.000000
0.370040	129.000000
0.370060	126.000000
0.370080	126.000000
0.370100	128.000000
0.370120	133.000000
0.370140	138.000000
0.370160	144.000000
0.370180	151.000000
0.370200	157.000000
0.370220	162.000000
0.370240	164.000000
0.370260	164.000000
0.370280	164.000000
0.370300	161.000000
0.370320	157.000000
0.370340	151.000000
0.370360	145.000000
0.370380	140.000000
0.370400	138.000000
0.370420	137.000000
0.370440	136.000000
0.370460	137.000000
0.370480	139.000000
0.370500	142.000000
0.370520	146.000000
0.370540	148.000000
0.370560	149.000000
0.370580	151.000000
0.370600	153.000000
0.370620	155.000000
0.370640	156.000000
0.370660	155.000000
0.370680	153.000000
0.370700	152.000000
0.370720	151.000000
0.370740	150.000000
0.370760	149.000000
0.370780	146.000000
0.370800	144.000000
0.370820	143.000000
0.370840	142.000000
0.370860	143.000000
0.370880	145.000000
0.370900	148.000000
0.370920	150.000000
0.370940	152.000000
0.370960	153.000000
0.370980	154.000000
0.371000	155.000000
0.371020	155.000000
0.371040	153.000000
0.371060	150.000000
0.371080	148.000000
0.371100	148.000000
0.371120	147.000000
0.371140	146.000000
0.371160	144.000000
0.371180	144.000000
0.371200	144.000000
0.371220	147.000000
0.371240	148.000000
0.371260	149.000000
0.371280	149.000000
0.371300	149.000000
0.371320	150.000000
0.371340	151.000000
0.371360	150.000000
0.371380	148.000000
0.371400	146.000000
0.371420	144.000000
0.371440	144.000000
0.371460	144.000000
0.371480	145.000000
0.371500	148.000000
0.371520	150.000000
0.371540	153.000000
0.371560	154.000000
0.371580	154.000000
0.371600	152.000000
0.371620	151.000000
0.371640	150.000000
0.371660	149.000000
0.371680	149.000000
0.371700	148.000000
0.371720	147.000000
0.371740	147.000000
0.371760	147.000000
0.371780	147.000000
0.371800	148.000000
0.371820	149.000000
0.371840	149.000000
0.371860	149.000000
0.371880	148.000000
0.371900	147.000000
0.371920	147.000000
0.371940	148.000000
0.371960	149.000000
0.371980	149.000000
0.372000	149.000000
0.372020	148.000000
0.372040	148.000000
0.372060	147.000000
0.372080	147.000000
0.372100	148.000000
0.372120	150.000000
0.372140	151.000000
0.372160	153.000000
0.372180	154.000000
0.372200	154.000000
0.372220	154.000000
0.372240	154.000000
0.372260	153.000000
0.372280	151.000000
0.372300	149.000000
0.372320	148.000000
0.372340	147.000000
0.372360	147.000000
0.372380	145.000000
0.372400	143.000000
0.372420	142.000000
0.372440	143.000000
0.372460	144.000000
0.372480	146.000000
0.372500	147.000000
0.372520	147.000000
0.372540	147.000000
0.372560	148.000000
0.372580	149.000000
0.372600	151.000000
0.372620	152.000000
0.372640	153.000000
0.372660	155.000000
0.372680	156.000000
0.372700	156.000000
0.372720	155.000000
0.372740	154.000000
0.372760	152.000000
0.372780	150.000000
0.372800	148.000000
0.372820	145.000000
0.372840	141.000000
0.372860	137.000000
0.372880	134.000000
0.372900	133.000000
0.372920	134.000000
0.372940	135.000000
0.372960	139.000000
0.372980	144.000000
0.373000	151.000000
0.373020	159.000000
0.373040	166.000000
0.373060	171.000000
0.373080	173.000000
0.373100	172.000000
0.373120	168.000000
0.373140	162.000000
0.373160	155.000000
0.373180	147.000000
0.373200	139.000000
0.373220	130.000000
0.373240	123.000000
0.373260	120.000000
0.373280	122.000000
0.373300	128.000000
0.373320	136.000000
0.373340	143.000000
0.373360	150.000000
0.373380	156.000000
0.373400	161.000000
0.373420	166.000000
0.373440	169.000000
0.373460	170.000000
0.373480	168.000000
0.373500	162.000000
0.373520	155.000000
0.373540	148.000000
0.373560	141.000000
0.373580	135.000000
0.373600	132.000000
0.373620	131.000000
0.373640	132.000000
0.373660	136.000000
0.373680	139.000000
0.373700	142.000000
0.373720	143.000000
0.373740	146.000000
0.373760	149.000000
0.373780	153.000000
0.373800	156.000000
0.373820	156.000000
0.373840	155.000000
0.373860	153.000000
0.373880	153.000000
0.373900	152.000000
0.373920	150.000000
0.373940	146.000000
0.373960	142.000000
0.373980	141.000000
0.374000	142.000000
0.374020	144.000000
0.374040	145.000000
0.374060	145.000000
0.374080	145.000000
0.374100	147.000000
0.374120	149.000000
0.374140	151.000000
0.374160	151.000000
0.374180	151.000000
0.374200	152.000000
0.374220	151.000000
0.374240	150.000000
0.374260	148.000000
0.374280	147.000000
0.374300	147.000000
0.374320	149.000000
0.374340	150.000000
0.374360	150.000000
0.374380	149.000000
0.374400	149.000000
0.374420	151.000000
0.374440	152.000000
0.374460	152.000000
0.374480	150.000000
0.374500	148.000000
0.374520	147.000000
0.374540	146.000000
0.374560	147.000000
0.374580	148.000000
0.374600	150.000000
0.374620	150.000000
0.374640	150.000000
0.374660	149.000000
0.374680	149.000000
0.374700	150.000000
0.374720	151.000000
0.374740	153.000000
0.374760	152.000000
0.374780	151.000000
0.374800	149.000000
0.374820	148.000000
0.374840	148.000000
0.374860	146.000000
0.374880	145.000000
0.374900	144.000000
0.374920	145.000000
0.374940	146.000000
0.374960	147.000000
0.374980	148.000000
0.375000	149.000000
0.375020	150.000000
0.375040	151.000000
0.375060	152.000000
0.375080	152.000000
0.375100	151.000000
0.375120	150.000000
0.375140	148.000000
0.375160	147.000000
0.375180	146.000000
0.375200	145.000000
0.375220	145.000000
0.375240	146.000000
0.375260	146.000000
0.375280	147.000000
0.375300	147.000000
0.375320	148.000000
0.375340	149.000000
0.375360	151.000000
0.375380	152.000000
0.375400	153.000000
0.375420	153.000000
0.375440	152.000000
0.375460	152.000000
0.375480	151.000000
0.375500	150.000000
0.375520	149.000000
0.375540	147.000000
0.375560	146.000000
0.375580	144.000000
0.375600	143.000000
0.375620	143.000000
0.375640	143.000000
0.375660	144.000000
0.375680	145.000000
0.375700	146.000000
0.375720	147.000000
0.375740	149.000000
0.375760	150.000000
0.375780	151.000000
0.375800	152.000000
0.375820	154.000000
0.375840	155.000000
0.375860	155.000000
0.375880	156.000000
0.375900	156.000000
0.375920	155.000000
0.375940	153.000000
0.375960	150.000000
0.375980	147.000000
0.376000	144.000000
0.376020	141.000000
0.376040	137.000000
0.376060	133.000000
0.376080	131.000000
0.376100	131.000000
0.376120	133.000000
0.376140	137.000000
0.376160	143.000000
0.376180	149.000000
0.376200	156.000000
0.376220	163.000000
0.376240	167.000000
0.376260	170.000000
0.376280	169.000000
0.376300	166.000000
0.376320	162.000000
0.376340	156.000000
0.376360	148.000000
0.376380	140.000000
0.376400	133.000000
0.376420	128.000000
0.376440	124.000000
0.376460	122.000000
0.376480	124.000000
0.376500	128.000000
0.376520	135.000000
0.376540	143.000000
0.376560	151.000000
0.376580	159.000000
0.376600	165.000000
0.376620	170.000000
0.376640	172.000000
0.376660	171.000000
0.376680	168.000000
0.376700	164.000000
0.376720	157.000000
0.376740	149.000000
0.376760	141.000000
0.376780	134.000000
0.376800	131.000000
0.376820	130.000000
0.376840	132.000000
0.376860	135.000000
0.376880	138.000000
0.376900	143.000000
0.376920	148.000000
0.376940	153.000000
0.376960	157.000000
0.376980	158.000000
0.377000	158.000000
0.377020	157.000000
0.377040	157.000000
0.377060	156.000000
0.377080	154.000000
0.377100	152.000000
0.377120	149.000000
0.377140	146.000000
0.377160	143.000000
0.377180	140.000000
0.377200	139.000000
0.377220	139.000000
0.377240	140.000000
0.377260	142.000000
0.377280	144.000000
0.377300	147.000000
0.377320	149.000000
0.377340	151.000000
0.377360	151.000000
0.377380	151.000000
0.377400	151.000000
0.377420	151.000000
0.377440	150.000000
0.377460	150.000000
0.377480	150.000000
0.377500	150.000000
0.377520	150.000000
0.377540	150.000000
0.377560	148.000000
0.377580	146.000000
0.377600	144.000000
0.377620	145.000000
0.377640	147.000000
0.377660	149.000000
0.377680	150.000000
0.377700	150.000000
0.377720	150.000000
0.377740	151.000000
0.377760	152.000000
0.377780	152.000000
0.377800	152.000000
0.377820	151.000000
0.377840	151.000000
0.377860	151.000000
0.377880	151.000000
0.377900	150.000000
0.377920	150.000000
0.377940	151.000000
0.377960	152.000000
0.377980	151.000000
0.378000	150.000000
0.378020	147.000000
0.378040	145.000000
0.378060	145.000000
0.378080	146.000000
0.378100	147.000000
0.378120	148.000000
0.378140	148.000000
0.378160	149.000000
0.378180	149.000000
0.378200	150.000000
0.378220	152.000000
0.378240	152.000000
0.378260	151.000000
0.378280	150.000000
0.378300	149.000000
0.378320	148.000000
0.378340	148.000000
0.378360	147.000000
0.378380	145.000000
0.378400	144.000000
0.378420	143.000000
0.378440	144.000000
0.378460	145.000000
0.378480	145.000000
0.378500	146.000000
0.378520	147.000000
0.378540	150.000000
0.378560	152.000000
0.378580	153.000000
0.378600	152.000000
0.378620	152.000000
0.378640	151.000000
0.378660	151.000000
0.378680	150.000000
0.378700	148.000000
0.378720	145.000000
0.378740	143.000000
0.378760	141.000000
0.378780	141.000000
0.378800	142.000000
0.378820	143.000000
0.378840	144.000000
0.378860	144.000000
0.378880	145.000000
0.378900	146.000000
0.378920	147.000000
0.378940	149.000000
0.378960	152.000000
0.378980	154.000000
0.379000	156.000000
0.379020	156.000000
0.379040	154.000000
0.379060	153.000000
0.379080	152.000000
0.379100	152.000000
0.379120	152.000000
0.379140	151.000000
0.379160	149.000000
0.379180	146.000000
0.379200	143.000000
0.379220	140.000000
0.379240	137.000000
0.379260	135.000000
0.379280	135.000000
0.379300	137.000000
0.379320	141.000000
0.379340	145.000000
0.379360	149.000000
0.379380	153.000000
0.379400	157.000000
0.379420	161.000000
0.379440	164.000000
0.379460	165.000000
0.379480	165.000000
0.379500	163.000000
0.379520	160.000000
0.379540	154.000000
0.379560	146.000000
0.379580	137.000000
0.379600	130.000000
0.379620	127.000000
0.379640	127.000000
0.379660	130.000000
0.379680	135.000000
0.379700	140.000000
0.379720	145.000000
0.379740	151.000000
0.379760	157.000000
0.379780	163.000000
0.379800	167.000000
0.379820	169.000000
0.379840	168.000000
0.379860	164.000000
0.379880	159.000000
0.379900	154.000000
0.379920	149.000000
0.379940	144.000000
0.379960	140.000000
0.379980	136.000000
0.380000	134.000000
0.380020	133.000000
0.380040	134.000000
0.380060	136.000000
0.380080	141.000000
0.380100	145.000000
0.380120	149.000000
0.380140	153.000000
0.380160	155.000000
0.380180	156.000000
0.380200	157.000000
0.380220	157.000000
0.380240	155.000000
0.380260	153.000000
0.380280	151.000000
0.380300	149.000000
0.380320	148.000000
0.380340	147.000000
0.380360	145.000000
0.380380	144.000000
0.380400	142.000000
0.380420	142.000000
0.380440	142.000000
0.380460	143.000000
0.380480	144.000000
0.380500	146.000000
0.380520	149.000000
0.380540	152.000000
0.380560	154.000000
0.380580	155.000000
0.380600	154.000000
0.380620	154.000000
0.380640	152.000000
0.380660	150.000000
0.380680	147.000000
0.380700	145.000000
0.380720	144.000000
0.380740	144.000000
0.380760	144.000000
0.380780	144.000000
0.380800	145.000000
0.380820	145.000000
0.380840	147.000000
0.380860	148.000000
0.380880	149.000000
0.380900	149.000000
0.380920	148.000000
0.380940	146.000000
0.380960	146.000000
0.380980	146.000000
0.381000	147.000000
0.381020	149.000000
0.381040	149.000000
0.381060	150.000000
0.381080	150.000000
0.381100	149.000000
0.381120	149.000000
0.381140	148.000000
0.381160	147.000000
0.381180	147.000000
0.381200	147.000000
0.381220	145.000000
0.381240	143.000000
0.381260	141.000000
0.381280	141.000000
0.381300	143.000000
0.381320	147.000000
0.381340	150.000000
0.381360	150.000000
0.381380	150.000000
0.381400	151.000000
0.381420	155.000000
0.381440	157.000000
0.381460	151.000000
0.381480	137.000000
