0.343700	102.000000
0.343720	58.000000
0.343740	119.000000
0.343760	165.000000
0.343780	170.000000
0.343800	149.000000
0.343820	137.000000
0.343840	147.000000
0.343860	162.000000
0.343880	164.000000
0.343900	151.000000
0.343920	141.000000
0.343940	144.000000
0.343960	152.000000
0.343980	153.000000
0.344000	146.000000
0.344020	141.000000
0.344040	144.000000
0.344060	150.000000
0.344080	151.000000
0.344100	146.000000
0.344120	142.000000
0.344140	145.000000
0.344160	151.000000
0.344180	153.000000
0.344200	149.000000
0.344220	146.000000
0.344240	148.000000
0.344260	154.000000
0.344280	155.000000
0.344300	152.000000
0.344320	148.000000
0.344340	148.000000
0.344360	150.000000
0.344380	149.000000
0.344400	145.000000
0.344420	142.000000
0.344440	143.000000
0.344460	146.000000
0.344480	146.000000
0.344500	144.000000
0.344520	143.000000
0.344540	145.000000
0.344560	151.000000
0.344580	153.000000
0.344600	152.000000
0.344620	149.000000
0.344640	149.000000
0.344660	151.000000
0.344680	152.000000
0.344700	151.000000
0.344720	150.000000
0.344740	150.000000
0.344760	151.000000
0.344780	151.000000
0.344800	148.000000
0.344820	146.000000
0.344840	147.000000
0.344860	150.000000
0.344880	150.000000
0.344900	149.000000
0.344920	148.000000
0.344940	148.000000
0.344960	150.000000
0.344980	151.000000
0.345000	149.000000
0.345020	146.000000
0.345040	145.000000
0.345060	146.000000
0.345080	147.000000
0.345100	148.000000
0.345120	148.000000
0.345140	149.000000
0.345160	151.000000
0.345180	152.000000
0.345200	153.000000
0.345220	153.000000
0.345240	154.000000
0.345260	154.000000
0.345280	153.000000
0.345300	150.000000
0.345320	150.000000
0.345340	151.000000
0.345360	151.000000
0.345380	150.000000
0.345400	146.000000
0.345420	144.000000
0.345440	144.000000
0.345460	146.000000
0.345480	146.000000
0.345500	145.000000
0.345520	145.000000
0.345540	147.000000
0.345560	149.000000
0.345580	150.000000
0.345600	150.000000
0.345620	150.000000
0.345640	152.000000
0.345660	155.000000
0.345680	155.000000
0.345700	153.000000
0.345720	151.000000
0.345740	150.000000
0.345760	151.000000
0.345780	150.000000
0.345800	147.000000
0.345820	144.000000
0.345840	144.000000
0.345860	145.000000
0.345880	146.000000
0.345900	145.000000
0.345920	144.000000
0.345940	145.000000
0.345960	148.000000
0.345980	150.000000
0.346000	151.000000
0.346020	151.000000
0.346040	151.000000
0.346060	151.000000
0.346080	151.000000
0.346100	149.000000
0.346120	148.000000
0.346140	148.000000
0.346160	150.000000
0.346180	151.000000
0.346200	151.000000
0.346220	149.000000
0.346240	149.000000
0.346260	150.000000
0.346280	151.000000
0.346300	150.000000
0.346320	149.000000
0.346340	148.000000
0.346360	149.000000
0.346380	150.000000
0.346400	150.000000
0.346420	149.000000
0.346440	148.000000
0.346460	147.000000
0.346480	146.000000
0.346500	146.000000
0.346520	146.000000
0.346540	148.000000
0.346560	150.000000
0.346580	151.000000
0.346600	151.000000
0.346620	151.000000
0.346640	150.000000
0.346660	151.000000
0.346680	150.000000
0.346700	149.000000
0.346720	147.000000
0.346740	147.000000
0.346760	147.000000
0.346780	147.000000
0.346800	146.000000
0.346820	144.000000
0.346840	143.000000
0.346860	144.000000
0.346880	145.000000
0.346900	146.000000
0.346920	146.000000
0.346940	147.000000
0.346960	149.000000
0.346980	150.000000
0.347000	151.000000
0.347020	151.000000
0.347040	152.000000
0.347060	153.000000
0.347080	153.000000
0.347100	153.000000
0.347120	152.000000
0.347140	151.000000
0.347160	150.000000
0.347180	150.000000
0.347200	148.000000
0.347220	146.000000
0.347240	145.000000
0.347260	144.000000
0.347280	144.000000
0.347300	144.000000
0.347320	145.000000
0.347340	146.000000
0.347360	147.000000
0.347380	149.000000
0.347400	150.000000
0.347420	150.000000
0.347440	150.000000
0.347460	149.000000
0.347480	149.000000
0.347500	150.000000
0.347520	151.000000
0.347540	152.000000
0.347560	152.000000
0.347580	150.000000
0.347600	148.000000
0.347620	147.000000
0.347640	147.000000
0.347660	147.000000
0.347680	147.000000
0.347700	147.000000
0.347720	148.000000
0.347740	149.000000
0.347760	150.000000
0.347780	149.000000
0.347800	148.000000
0.347820	148.000000
0.347840	149.000000
0.347860	150.000000
0.347880	150.000000
0.347900	149.000000
0.347920	149.000000
0.347940	151.000000
0.347960	152.000000
0.347980	151.000000
0.348000	150.000000
0.348020	150.000000
0.348040	150.000000
0.348060	151.000000
0.348080	151.000000
0.348100	150.000000
0.348120	150.000000
0.348140	150.000000
0.348160	149.000000
0.348180	147.000000
0.348200	145.000000
0.348220	144.000000
0.348240	145.000000
0.348260	148.000000
0.348280	151.000000
0.348300	151.000000
0.348320	151.000000
0.348340	151.000000
0.348360	152.000000
0.348380	153.000000
0.348400	154.000000
0.348420	153.000000
0.348440	151.000000
0.348460	151.000000
0.348480	151.000000
0.348500	151.000000
0.348520	151.000000
0.348540	151.000000
0.348560	149.000000
0.348580	146.000000
0.348600	144.000000
0.348620	144.000000
0.348640	146.000000
0.348660	147.000000
0.348680	148.000000
0.348700	147.000000
0.348720	146.000000
0.348740	146.000000
0.348760	147.000000
0.348780	147.000000
0.348800	148.000000
0.348820	149.000000
0.348840	150.000000
0.348860	152.000000
0.348880	152.000000
0.348900	152.000000
0.348920	152.000000
0.348940	151.000000
0.348960	150.000000
0.348980	149.000000
0.349000	147.000000
0.349020	147.000000
0.349040	147.000000
0.349060	147.000000
0.349080	147.000000
0.349100	146.000000
0.349120	146.000000
0.349140	148.000000
0.349160	152.000000
0.349180	156.000000
0.349200	158.000000
0.349220	159.000000
0.349240	159.000000
0.349260	156.000000
0.349280	150.000000
0.349300	142.000000
0.349320	137.000000
0.349340	135.000000
0.349360	138.000000
0.349380	140.000000
0.349400	141.000000
0.349420	139.000000
0.349440	137.000000
0.349460	136.000000
0.349480	140.000000
0.349500	148.000000
0.349520	159.000000
0.349540	170.000000
0.349560	176.000000
0.349580	175.000000
0.349600	168.000000
0.349620	159.000000
0.349640	152.000000
0.349660	150.000000
0.349680	150.000000
0.349700	151.000000
0.349720	149.000000
0.349740	146.000000
0.349760	140.000000
0.349780	131.000000
0.349800	123.000000
0.349820	118.000000
0.349840	119.000000
0.349860	126.000000
0.349880	136.000000
0.349900	147.000000
0.349920	156.000000
0.349940	165.000000
0.349960	173.000000
0.349980	181.000000
0.350000	187.000000
0.350020	191.000000
0.350040	190.000000
0.350060	184.000000
0.350080	172.000000
0.350100	154.000000
0.350120	133.000000
0.350140	113.000000
0.350160	97.000000
0.350180	86.000000
0.350200	83.000000
0.350220	88.000000
0.350240	101.000000
0.350260	120.000000
0.350280	143.000000
0.350300	166.000000
0.350320	186.000000
0.350340	202.000000
0.350360	210.000000
0.350380	210.000000
0.350400	201.000000
0.350420	186.000000
0.350440	166.000000
0.350460	146.000000
0.350480	125.000000
0.350500	108.000000
0.350520	97.000000
0.350540	93.000000
0.350560	96.000000
0.350580	106.000000
0.350600	120.000000
0.350620	138.000000
0.350640	157.000000
0.350660	174.000000
0.350680	187.000000
0.350700	194.000000
0.350720	195.000000
0.350740	191.000000
0.350760	182.000000
0.350780	169.000000
0.350800	155.000000
0.350820	141.000000
0.350840	129.000000
0.350860	121.000000
0.350880	116.000000
0.350900	114.000000
0.350920	118.000000
0.350940	126.000000
0.350960	136.000000
0.350980	147.000000
0.351000	155.000000
0.351020	163.000000
0.351040	169.000000
0.351060	173.000000
0.351080	173.000000
0.351100	168.000000
0.351120	161.000000
0.351140	154.000000
0.351160	148.000000
0.351180	143.000000
0.351200	139.000000
0.351220	136.000000
0.351240	135.000000
0.351260	136.000000
0.351280	139.000000
0.351300	141.000000
0.351320	144.000000
0.351340	147.000000
0.351360	150.000000
0.351380	153.000000
0.351400	154.000000
0.351420	155.000000
0.351440	156.000000
0.351460	156.000000
0.351480	155.000000
0.351500	151.000000
0.351520	148.000000
0.351540	145.000000
0.351560	144.000000
0.351580	145.000000
0.351600	145.000000
0.351620	145.000000
0.351640	146.000000
0.351660	149.000000
0.351680	151.000000
0.351700	152.000000
0.351720	152.000000
0.351740	152.000000
0.351760	152.000000
0.351780	152.000000
0.351800	151.000000
0.351820	149.000000
0.351840	147.000000
0.351860	146.000000
0.351880	145.000000
0.351900	144.000000
0.351920	143.000000
0.351940	142.000000
0.351960	143.000000
0.351980	144.000000
0.352000	145.000000
0.352020	147.000000
0.352040	149.000000
0.352060	151.000000
0.352080	154.000000
0.352100	155.000000
0.352120	155.000000
0.352140	153.000000
0.352160	151.000000
0.352180	150.000000
0.352200	148.000000
0.352220	147.000000
0.352240	145.000000
0.352260	145.000000
0.352280	144.000000
0.352300	145.000000
0.352320	146.000000
0.352340	149.000000
0.352360	153.000000
0.352380	157.000000
0.352400	160.000000
0.352420	161.000000
0.352440	159.000000
0.352460	153.000000
0.352480	146.000000
0.352500	139.000000
0.352520	136.000000
0.352540	136.000000
0.352560	139.000000
0.352580	141.000000
0.352600	141.000000
0.352620	139.000000
0.352640	136.000000
0.352660	136.000000
0.352680	141.000000
0.352700	151.000000
0.352720	163.000000
0.352740	173.000000
0.352760	176.000000
0.352780	173.000000
0.352800	166.000000
0.352820	159.000000
0.352840	154.000000
0.352860	152.000000
0.352880	152.000000
0.352900	152.000000
0.352920	149.000000
0.352940	142.000000
0.352960	133.000000
0.352980	124.000000
0.353000	118.000000
0.353020	117.000000
0.353040	121.000000
0.353060	128.000000
0.353080	137.000000
0.353100	147.000000
0.353120	157.000000
0.353140	167.000000
0.353160	178.000000
0.353180	188.000000
0.353200	193.000000
0.353220	194.000000
0.353240	191.000000
0.353260	181.000000
0.353280	166.000000
0.353300	146.000000
0.353320	123.000000
0.353340	103.000000
0.353360	88.000000
0.353380	81.000000
0.353400	83.000000
0.353420	92.000000
0.353440	108.000000
0.353460	128.000000
0.353480	151.000000
0.353500	174.000000
0.353520	192.000000
0.353540	205.000000
0.353560	210.000000
0.353580	207.000000
0.353600	198.000000
0.353620	183.000000
0.353640	164.000000
0.353660	143.000000
0.353680	124.000000
0.353700	109.000000
0.353720	101.000000
0.353740	100.000000
0.353760	106.000000
0.353780	117.000000
0.353800	131.000000
0.353820	147.000000
0.353840	163.000000
0.353860	177.000000
0.353880	186.000000
0.353900	189.000000
0.353920	187.000000
0.353940	180.000000
0.353960	170.000000
0.353980	159.000000
0.354000	146.000000
0.354020	135.000000
0.354040	126.000000
0.354060	120.000000
0.354080	117.000000
0.354100	119.000000
0.354120	125.000000
0.354140	134.000000
0.354160	144.000000
0.354180	153.000000
0.354200	160.000000
0.354220	164.000000
0.354240	167.000000
0.354260	167.000000
0.354280	166.000000
0.354300	163.000000
0.354320	159.000000
0.354340	153.000000
0.354360	146.000000
0.354380	139.000000
0.354400	134.000000
0.354420	133.000000
0.354440	137.000000
0.354460	142.000000
0.354480	146.000000
0.354500	149.000000
0.354520	152.000000
0.354540	153.000000
0.354560	154.000000
0.354580	154.000000
0.354600	153.000000
0.354620	152.000000
0.354640	152.000000
0.354660	152.000000
0.354680	151.000000
0.354700	149.000000
0.354720	147.000000
0.354740	144.000000
0.354760	144.000000
0.354780	144.000000
0.354800	144.000000
0.354820	145.000000
0.354840	147.000000
0.354860	147.000000
0.354880	148.000000
0.354900	148.000000
0.354920	150.000000
0.354940	151.000000
0.354960	151.000000
0.354980	150.000000
0.355000	148.000000
0.355020	148.000000
0.355040	148.000000
0.355060	149.000000
0.355080	148.000000
0.355100	147.000000
0.355120	145.000000
0.355140	145.000000
0.355160	146.000000
0.355180	147.000000
0.355200	147.000000
0.355220	147.000000
0.355240	148.000000
0.355260	149.000000
0.355280	151.000000
0.355300	151.000000
0.355320	151.000000
0.355340	150.000000
0.355360	150.000000
0.355380	150.000000
0.355400	150.000000
0.355420	149.000000
0.355440	148.000000
0.355460	147.000000
0.355480	146.000000
0.355500	145.000000
0.355520	146.000000
0.355540	148.000000
0.355560	151.000000
0.355580	155.000000
0.355600	157.000000
0.355620	157.000000
0.355640	153.000000
0.355660	148.000000
0.355680	143.000000
0.355700	141.000000
0.355720	141.000000
0.355740	142.000000
0.355760	143.000000
0.355780	143.000000
0.355800	141.000000
0.355820	139.000000
0.355840	138.000000
0.355860	141.000000
0.355880	148.000000
0.355900	155.000000
0.355920	162.000000
0.355940	165.000000
0.355960	165.000000
0.355980	161.000000
0.356000	157.000000
0.356020	154.000000
0.356040	153.000000
0.356060	153.000000
0.356080	153.000000
0.356100	152.000000
0.356120	148.000000
0.356140	143.000000
0.356160	137.000000
0.356180	131.000000
0.356200	127.000000
0.356220	128.000000
0.356240	131.000000
0.356260	137.000000
0.356280	144.000000
0.356300	150.000000
0.356320	156.000000
0.356340	163.000000
0.356360	170.000000
0.356380	176.000000
0.356400	180.000000
0.356420	179.000000
0.356440	175.000000
0.356460	166.000000
0.356480	154.000000
0.356500	140.000000
0.356520	127.000000
0.356540	116.000000
0.356560	108.000000
0.356580	104.000000
0.356600	105.000000
0.356620	113.000000
0.356640	127.000000
0.356660	143.000000
0.356680	159.000000
0.356700	172.000000
0.356720	182.000000
0.356740	188.000000
0.356760	189.000000
0.356780	185.000000
0.356800	176.000000
0.356820	164.000000
0.356840	150.000000
0.356860	136.000000
0.356880	124.000000
0.356900	115.000000
0.356920	112.000000
0.356940	115.000000
0.356960	122.000000
0.356980	131.000000
0.357000	140.000000
0.357020	150.000000
0.357040	160.000000
0.357060	169.000000
0.357080	175.000000
0.357100	177.000000
0.357120	177.000000
0.357140	174.000000
0.357160	168.000000
0.357180	159.000000
0.357200	148.000000
0.357220	139.000000
0.357240	132.000000
0.357260	129.000000
0.357280	129.000000
0.357300	130.000000
0.357320	133.000000
0.357340	138.000000
0.357360	143.000000
0.357380	148.000000
0.357400	152.000000
0.357420	155.000000
0.357440	158.000000
0.357460	160.000000
0.357480	159.000000
0.357500	157.000000
0.357520	153.000000
0.357540	149.000000
0.357560	148.000000
0.357580	146.000000
0.357600	144.000000
0.357620	143.000000
0.357640	143.000000
0.357660	145.000000
0.357680	148.000000
0.357700	150.000000
0.357720	150.000000
0.357740	149.000000
0.357760	148.000000
0.357780	148.000000
0.357800	148.000000
0.357820	149.000000
0.357840	150.000000
0.357860	151.000000
0.357880	151.000000
0.357900	150.000000
0.357920	149.000000
0.357940	148.000000
0.357960	148.000000
0.357980	149.000000
0.358000	150.000000
0.358020	151.000000
0.358040	151.000000
0.358060	151.000000
0.358080	151.000000
0.358100	151.000000
0.358120	150.000000
0.358140	149.000000
0.358160	148.000000
0.358180	148.000000
0.358200	149.000000
0.358220	150.000000
0.358240	151.000000
0.358260	151.000000
0.358280	150.000000
0.358300	149.000000
0.358320	148.000000
0.358340	148.000000
0.358360	147.000000
0.358380	146.000000
0.358400	145.000000
0.358420	144.000000
0.358440	146.000000
0.358460	148.000000
0.358480	148.000000
0.358500	148.000000
0.358520	147.000000
0.358540	148.000000
0.358560	150.000000
0.358580	151.000000
0.358600	151.000000
0.358620	149.000000
0.358640	148.000000
0.358660	147.000000
0.358680	147.000000
0.358700	148.000000
0.358720	148.000000
0.358740	150.000000
0.358760	153.000000
0.358780	155.000000
0.358800	155.000000
0.358820	152.000000
0.358840	149.000000
0.358860	146.000000
0.358880	145.000000
0.358900	144.000000
0.358920	145.000000
0.358940	146.000000
0.358960	147.000000
0.358980	146.000000
0.359000	144.000000
0.359020	142.000000
0.359040	141.000000
0.359060	144.000000
0.359080	148.000000
0.359100	153.000000
0.359120	156.000000
0.359140	157.000000
0.359160	154.000000
0.359180	150.000000
0.359200	147.000000
0.359220	146.000000
0.359240	149.000000
0.359260	153.000000
0.359280	154.000000
0.359300	152.000000
0.359320	146.000000
0.359340	140.000000
0.359360	136.000000
0.359380	135.000000
0.359400	135.000000
0.359420	137.000000
0.359440	141.000000
0.359460	144.000000
0.359480	148.000000
0.359500	151.000000
0.359520	153.000000
0.359540	156.000000
0.359560	159.000000
0.359580	162.000000
0.359600	163.000000
0.359620	161.000000
0.359640	157.000000
0.359660	153.000000
0.359680	147.000000
0.359700	141.000000
0.359720	135.000000
0.359740	130.000000
0.359760	128.000000
0.359780	129.000000
0.359800	132.000000
0.359820	137.000000
0.359840	143.000000
0.359860	150.000000
0.359880	157.000000
0.359900	163.000000
0.359920	167.000000
0.359940	169.000000
0.359960	168.000000
0.359980	163.000000
0.360000	157.000000
0.360020	149.000000
0.360040	143.000000
0.360060	138.000000
0.360080	136.000000
0.360100	134.000000
0.360120	133.000000
0.360140	134.000000
0.360160	138.000000
0.360180	145.000000
0.360200	151.000000
0.360220	155.000000
0.360240	157.000000
0.360260	159.000000
0.360280	160.000000
0.360300	161.000000
0.360320	160.000000
0.360340	156.000000
0.360360	151.000000
0.360380	146.000000
0.360400	142.000000
0.360420	138.000000
0.360440	135.000000
0.360460	134.000000
0.360480	135.000000
0.360500	137.000000
0.360520	142.000000
0.360540	147.000000
0.360560	151.000000
0.360580	155.000000
0.360600	157.000000
0.360620	158.000000
0.360640	158.000000
0.360660	157.000000
0.360680	155.000000
0.360700	153.000000
0.360720	150.000000
0.360740	148.000000
0.360760	146.000000
0.360780	144.000000
0.360800	143.000000
0.360820	144.000000
0.360840	145.000000
0.360860	147.000000
0.360880	148.000000
0.360900	147.000000
0.360920	147.000000
0.360940	147.000000
0.360960	149.000000
0.360980	151.000000
0.361000	152.000000
0.361020	152.000000
0.361040	152.000000
0.361060	153.000000
0.361080	153.000000
0.361100	153.000000
0.361120	151.000000
0.361140	150.000000
0.361160	149.000000
0.361180	148.000000
0.361200	147.000000
0.361220	146.000000
0.361240	146.000000
0.361260	146.000000
0.361280	146.000000
0.361300	146.000000
0.361320	146.000000
0.361340	147.000000
0.361360	148.000000
0.361380	149.000000
0.361400	150.000000
0.361420	151.000000
0.361440	152.000000
0.361460	153.000000
0.361480	154.000000
0.361500	154.000000
0.361520	152.000000
0.361540	149.000000
0.361560	147.000000
0.361580	145.000000
0.361600	144.000000
0.361620	143.000000
0.361640	144.000000
0.361660	145.000000
0.361680	146.000000
0.361700	148.000000
0.361720	149.000000
0.361740	150.000000
0.361760	152.000000
0.361780	153.000000
0.361800	152.000000
0.361820	151.000000
0.361840	149.000000
0.361860	148.000000
0.361880	148.000000
0.361900	148.000000
0.361920	148.000000
0.361940	147.000000
0.361960	147.000000
0.361980	147.000000
0.362000	147.000000
0.362020	146.000000
0.362040	145.000000
0.362060	146.000000
0.362080	149.000000
0.362100	151.000000
0.362120	152.000000
0.362140	151.000000
0.362160	148.000000
0.362180	146.000000
0.362200	144.000000
0.362220	144.000000
0.362240	146.000000
0.362260	148.000000
0.362280	151.000000
0.362300	153.000000
0.362320	151.000000
0.362340	148.000000
0.362360	144.000000
0.362380	144.000000
0.362400	146.000000
0.362420	151.000000
0.362440	154.000000
0.362460	156.000000
0.362480	155.000000
0.362500	152.000000
0.362520	149.000000
0.362540	147.000000
0.362560	146.000000
0.362580	147.000000
0.362600	148.000000
0.362620	150.000000
0.362640	149.000000
0.362660	148.000000
0.362680	146.000000
0.362700	145.000000
0.362720	145.000000
0.362740	147.000000
0.362760	149.000000
0.362780	150.000000
0.362800	150.000000
0.362820	149.000000
0.362840	147.000000
0.362860	146.000000
0.362880	145.000000
0.362900	145.000000
0.362920	145.000000
0.362940	145.000000
0.362960	144.000000
0.362980	144.000000
0.363000	145.000000
0.363020	148.000000
0.363040	150.000000
0.363060	151.000000
0.363080	152.000000
0.363100	152.000000
0.363120	152.000000
0.363140	151.000000
0.363160	150.000000
0.363180	147.000000
0.363200	144.000000
0.363220	142.000000
0.363240	141.000000
0.363260	141.000000
0.363280	143.000000
0.363300	145.000000
0.363320	147.000000
0.363340	149.000000
0.363360	151.000000
0.363380	151.000000
0.363400	150.000000
0.363420	150.000000
0.363440	151.000000
0.363460	153.000000
0.363480	154.000000
0.363500	153.000000
0.363520	150.000000
0.363540	146.000000
0.363560	145.000000
0.363580	145.000000
0.363600	145.000000
0.363620	144.000000
0.363640	143.000000
0.363660	143.000000
0.363680	145.000000
0.363700	148.000000
0.363720	151.000000
0.363740	152.000000
0.363760	153.000000
0.363780	153.000000
0.363800	153.000000
0.363820	153.000000
0.363840	151.000000
0.363860	149.000000
0.363880	148.000000
0.363900	148.000000
0.363920	148.000000
0.363940	147.000000
0.363960	145.000000
0.363980	144.000000
0.364000	144.000000
0.364020	145.000000
0.364040	146.000000
0.364060	148.000000
0.364080	149.000000
0.364100	151.000000
0.364120	152.000000
0.364140	152.000000
0.364160	150.000000
0.364180	149.000000
0.364200	150.000000
0.364220	151.000000
0.364240	151.000000
0.364260	150.000000
0.364280	148.000000
0.364300	148.000000
0.364320	149.000000
0.364340	150.000000
0.364360	149.000000
0.364380	146.000000
0.364400	145.000000
0.364420	145.000000
0.364440	146.000000
0.364460	147.000000
0.364480	147.000000
0.364500	146.000000
0.364520	146.000000
0.364540	147.000000
0.364560	149.000000
0.364580	151.000000
0.364600	152.000000
0.364620	153.000000
0.364640	154.000000
0.364660	153.000000
0.364680	151.000000
0.364700	148.000000
0.364720	147.000000
0.364740	146.000000
0.364760	146.000000
0.364780	144.000000
0.364800	143.000000
0.364820	143.000000
0.364840	144.000000
0.364860	147.000000
0.364880	149.000000
0.364900	149.000000
0.364920	149.000000
0.364940	150.000000
0.364960	151.000000
0.364980	151.000000
0.365000	151.000000
0.365020	149.000000
0.365040	148.000000
0.365060	147.000000
0.365080	147.000000
0.365100	147.000000
0.365120	147.000000
0.365140	146.000000
0.365160	146.000000
0.365180	145.000000
0.365200	143.000000
0.365220	142.000000
0.365240	143.000000
0.365260	146.000000
0.365280	149.000000
0.365300	152.000000
0.365320	153.000000
0.365340	152.000000
0.365360	152.000000
0.365380	151.000000
0.365400	151.000000
0.365420	150.000000
0.365440	151.000000
0.365460	151.000000
0.365480	151.000000
0.365500	149.000000
0.365520	147.000000
0.365540	144.000000
0.365560	142.000000
0.365580	142.000000
0.365600	143.000000
0.365620	147.000000
0.365640	151.000000
0.365660	153.000000
0.365680	153.000000
0.365700	151.000000
0.365720	148.000000
0.365740	146.000000
0.365760	147.000000
0.365780	149.000000
0.365800	151.000000
0.365820	153.000000
0.365840	153.000000
0.365860	151.000000
0.365880	148.000000
0.365900	146.000000
0.365920	145.000000
0.365940	146.000000
0.365960	148.000000
0.365980	149.000000
0.366000	149.000000
0.366020	147.000000
0.366040	144.000000
0.366060	144.000000
0.366080	145.000000
0.366100	147.000000
0.366120	150.000000
0.366140	152.000000
0.366160	153.000000
0.366180	155.000000
0.366200	155.000000
0.366220	154.000000
0.366240	153.000000
0.366260	152.000000
0.366280	151.000000
0.366300	150.000000
0.366320	149.000000
0.366340	146.000000
0.366360	144.000000
0.366380	143.000000
0.366400	143.000000
0.366420	144.000000
0.366440	145.000000
0.366460	147.000000
0.366480	149.000000
0.366500	150.000000
0.366520	151.000000
0.366540	152.000000
0.366560	152.000000
0.366580	152.000000
0.366600	152.000000
0.366620	150.000000
0.366640	149.000000
0.366660	147.000000
0.366680	146.000000
0.366700	146.000000
0.366720	146.000000
0.366740	146.000000
0.366760	146.000000
0.366780	146.000000
0.366800	146.000000
0.366820	147.000000
0.366840	148.000000
0.366860	149.000000
0.366880	151.000000
0.366900	152.000000
0.366920	153.000000
0.366940	154.000000
0.366960	153.000000
0.366980	150.000000
0.367000	148.000000
0.367020	146.000000
0.367040	146.000000
0.367060	147.000000
0.367080	147.000000
0.367100	147.000000
0.367120	147.000000
0.367140	146.000000
0.367160	147.000000
0.367180	147.000000
0.367200	147.000000
0.367220	147.000000
0.367240	147.000000
0.367260	148.000000
0.367280	149.000000
0.367300	149.000000
0.367320	148.000000
0.367340	148.000000
0.367360	148.000000
0.367380	150.000000
0.367400	151.000000
0.367420	152.000000
0.367440	151.000000
0.367460	150.000000
0.367480	150.000000
0.367500	149.000000
0.367520	148.000000
0.367540	148.000000
0.367560	147.000000
0.367580	147.000000
0.367600	148.000000
0.367620	147.000000
0.367640	147.000000
0.367660	146.000000
0.367680	147.000000
0.367700	148.000000
0.367720	150.000000
0.367740	151.000000
0.367760	151.000000
0.367780	151.000000
0.367800	151.000000
0.367820	152.000000
0.367840	151.000000
0.367860	149.000000
0.367880	147.000000
0.367900	145.000000
0.367920	143.000000
0.367940	143.000000
0.367960	142.000000
0.367980	142.000000
0.368000	142.000000
0.368020	144.000000
0.368040	147.000000
0.368060	149.000000
0.368080	151.000000
0.368100	152.000000
0.368120	152.000000
0.368140	153.000000
0.368160	153.000000
0.368180	154.000000
0.368200	154.000000
0.368220	153.000000
0.368240	151.000000
0.368260	148.000000
0.368280	146.000000
0.368300	144.000000
0.368320	142.000000
0.368340	142.000000
0.368360	143.000000
0.368380	143.000000
0.368400	143.000000
0.368420	142.000000
0.368440	142.000000
0.368460	144.000000
0.368480	147.000000
0.368500	151.000000
0.368520	153.000000
0.368540	153.000000
0.368560	151.000000
0.368580	148.000000
0.368600	148.000000
0.368620	148.000000
0.368640	150.000000
0.368660	150.000000
0.368680	148.000000
0.368700	145.000000
0.368720	141.000000
0.368740	140.000000
0.368760	140.000000
0.368780	142.000000
0.368800	145.000000
0.368820	148.000000
0.368840	151.000000
0.368860	151.000000
0.368880	150.000000
0.368900	149.000000
0.368920	149.000000
0.368940	151.000000
0.368960	153.000000
0.368980	155.000000
0.369000	155.000000
0.369020	153.000000
0.369040	150.000000
0.369060	147.000000
0.369080	145.000000
0.369100	144.000000
0.369120	145.000000
0.369140	147.000000
0.369160	149.000000
0.369180	150.000000
0.369200	148.000000
0.369220	144.000000
0.369240	143.000000
0.369260	143.000000
0.369280	145.000000
0.369300	148.000000
0.369320	150.000000
0.369340	152.000000
0.369360	154.000000
0.369380	156.000000
0.369400	156.000000
0.369420	155.000000
0.369440	152.000000
0.369460	150.000000
0.369480	148.000000
0.369500	147.000000
0.369520	145.000000
0.369540	143.000000
0.369560	142.000000
0.369580	141.000000
0.369600	142.000000
0.369620	143.000000
0.369640	146.000000
0.369660	149.000000
0.369680	152.000000
0.369700	155.000000
0.369720	157.000000
0.369740	156.000000
0.369760	154.000000
0.369780	151.000000
0.369800	150.000000
0.369820	149.000000
0.369840	147.000000
0.369860	145.000000
0.369880	143.000000
0.369900	142.000000
0.369920	142.000000
0.369940	143.000000
0.369960	144.000000
0.369980	146.000000
0.370000	149.000000
0.370020	151.000000
0.370040	152.000000
0.370060	152.000000
0.370080	151.000000
0.370100	151.000000
0.370120	151.000000
0.370140	151.000000
0.370160	151.000000
0.370180	150.000000
0.370200	148.000000
0.370220	147.000000
0.370240	147.000000
0.370260	147.000000
0.370280	148.000000
0.370300	148.000000
0.370320	147.000000
0.370340	147.000000
0.370360	146.000000
0.370380	145.000000
0.370400	146.000000
0.370420	148.000000
0.370440	150.000000
0.370460	151.000000
0.370480	150.000000
0.370500	148.000000
0.370520	146.000000
0.370540	146.000000
0.370560	147.000000
0.370580	148.000000
0.370600	149.000000
0.370620	148.000000
0.370640	147.000000
0.370660	147.000000
0.370680	148.000000
0.370700	149.000000
0.370720	149.000000
0.370740	148.000000
0.370760	147.000000
0.370780	147.000000
0.370800	147.000000
0.370820	148.000000
0.370840	148.000000
0.370860	147.000000
0.370880	147.000000
0.370900	147.000000
0.370920	148.000000
0.370940	149.000000
0.370960	150.000000
0.370980	150.000000
0.371000	149.000000
0.371020	148.000000
0.371040	148.000000
0.371060	148.000000
0.371080	149.000000
0.371100	148.000000
0.371120	147.000000
0.371140	145.000000
0.371160	143.000000
0.371180	143.000000
0.371200	145.000000
0.371220	147.000000
0.371240	149.000000
0.371260	150.000000
0.371280	151.000000
0.371300	152.000000
0.371320	153.000000
0.371340	155.000000
0.371360	155.000000
0.371380	155.000000
0.371400	154.000000
0.371420	151.000000
0.371440	148.000000
0.371460	145.000000
0.371480	143.000000
0.371500	142.000000
0.371520	142.000000
0.371540	142.000000
0.371560	143.000000
0.371580	142.000000
0.371600	142.000000
0.371620	143.000000
0.371640	145.000000
0.371660	149.000000
0.371680	152.000000
0.371700	153.000000
0.371720	152.000000
0.371740	150.000000
0.371760	149.000000
0.371780	148.000000
0.371800	149.000000
0.371820	150.000000
0.371840	150.000000
0.371860	150.000000
0.371880	148.000000
0.371900	145.000000
0.371920	143.000000
0.371940	141.000000
0.371960	142.000000
0.371980	144.000000
0.372000	147.000000
0.372020	150.000000
0.372040	152.000000
0.372060	153.000000
0.372080	152.000000
0.372100	151.000000
0.372120	151.000000
0.372140	151.000000
0.372160	151.000000
0.372180	152.000000
0.372200	153.000000
0.372220	153.000000
0.372240	152.000000
0.372260	151.000000
0.372280	149.000000
0.372300	147.000000
0.372320	144.000000
0.372340	141.000000
0.372360	140.000000
0.372380	140.000000
0.372400	140.000000
0.372420	140.000000
0.372440	140.000000
0.372460	141.000000
0.372480	143.000000
0.372500	147.000000
0.372520	152.000000
0.372540	155.000000
0.372560	156.000000
0.372580	157.000000
0.372600	158.000000
0.372620	158.000000
0.372640	156.000000
0.372660	152.000000
0.372680	148.000000
0.372700	145.000000
0.372720	144.000000
0.372740	143.000000
0.372760	142.000000
0.372780	141.000000
0.372800	141.000000
0.372820	143.000000
0.372840	146.000000
0.372860	150.000000
0.372880	153.000000
0.372900	155.000000
0.372920	157.000000
0.372940	157.000000
0.372960	156.000000
0.372980	154.000000
0.373000	152.000000
0.373020	150.000000
0.373040	149.000000
0.373060	147.000000
0.373080	145.000000
0.373100	143.000000
0.373120	141.000000
0.373140	141.000000
0.373160	141.000000
0.373180	142.000000
0.373200	145.000000
0.373220	147.000000
0.373240	150.000000
0.373260	151.000000
0.373280	151.000000
0.373300	151.000000
0.373320	150.000000
0.373340	150.000000
0.373360	149.000000
0.373380	149.000000
0.373400	149.000000
0.373420	149.000000
0.373440	150.000000
0.373460	150.000000
0.373480	150.000000
0.373500	148.000000
0.373520	147.000000
0.373540	147.000000
0.373560	149.000000
0.373580	149.000000
0.373600	149.000000
0.373620	148.000000
0.373640	147.000000
0.373660	147.000000
0.373680	147.000000
0.373700	146.000000
0.373720	145.000000
0.373740	144.000000
0.373760	145.000000
0.373780	146.000000
0.373800	148.000000
0.373820	149.000000
0.373840	150.000000
0.373860	150.000000
0.373880	150.000000
0.373900	149.000000
0.373920	148.000000
0.373940	147.000000
0.373960	146.000000
0.373980	146.000000
0.374000	146.000000
0.374020	146.000000
0.374040	147.000000
0.374060	148.000000
0.374080	149.000000
0.374100	150.000000
0.374120	150.000000
0.374140	151.000000
0.374160	151.000000
0.374180	151.000000
0.374200	151.000000
0.374220	151.000000
0.374240	151.000000
0.374260	150.000000
0.374280	149.000000
0.374300	148.000000
0.374320	146.000000
0.374340	143.000000
0.374360	142.000000
0.374380	142.000000
0.374400	144.000000
0.374420	145.000000
0.374440	146.000000
0.374460	147.000000
0.374480	149.000000
0.374500	150.000000
0.374520	152.000000
0.374540	152.000000
0.374560	151.000000
0.374580	149.000000
0.374600	148.000000
0.374620	147.000000
0.374640	146.000000
0.374660	145.000000
0.374680	144.000000
0.374700	144.000000
0.374720	143.000000
0.374740	144.000000
0.374760	144.000000
0.374780	146.000000
0.374800	148.000000
0.374820	150.000000
0.374840	152.000000
0.374860	153.000000
0.374880	153.000000
0.374900	154.000000
0.374920	154.000000
0.374940	154.000000
0.374960	153.000000
0.374980	151.000000
0.375000	151.000000
0.375020	151.000000
0.375040	150.000000
0.375060	148.000000
0.375080	145.000000
0.375100	142.000000
0.375120	141.000000
0.375140	141.000000
0.375160	142.000000
0.375180	145.000000
0.375200	148.000000
0.375220	150.000000
0.375240	150.000000
0.375260	149.000000
0.375280	148.000000
0.375300	149.000000
0.375320	150.000000
0.375340	153.000000
0.375360	155.000000
0.375380	156.000000
0.375400	156.000000
0.375420	155.000000
0.375440	153.000000
0.375460	150.000000
0.375480	147.000000
0.375500	145.000000
0.375520	145.000000
0.375540	144.000000
0.375560	142.000000
0.375580	139.000000
0.375600	137.000000
0.375620	136.000000
0.375640	138.000000
0.375660	141.000000
0.375680	145.000000
0.375700	148.000000
0.375720	150.000000
0.375740	153.000000
0.375760	157.000000
0.375780	159.000000
0.375800	160.000000
0.375820	159.000000
0.375840	156.000000
0.375860	152.000000
0.375880	148.000000
0.375900	144.000000
0.375920	142.000000
0.375940	141.000000
0.375960	140.000000
0.375980	141.000000
0.376000	142.000000
0.376020	143.000000
0.376040	144.000000
0.376060	146.000000
0.376080	149.000000
0.376100	152.000000
0.376120	155.000000
0.376140	156.000000
0.376160	155.000000
0.376180	153.000000
0.376200	150.000000
0.376220	148.000000
0.376240	147.000000
0.376260	146.000000
0.376280	145.000000
0.376300	144.000000
0.376320	143.000000
0.376340	143.000000
0.376360	144.000000
0.376380	145.000000
0.376400	146.000000
0.376420	147.000000
0.376440	149.000000
0.376460	150.000000
0.376480	150.000000
0.376500	150.000000
0.376520	149.000000
0.376540	149.000000
0.376560	149.000000
0.376580	150.000000
0.376600	149.000000
0.376620	148.000000
0.376640	148.000000
0.376660	147.000000
0.376680	147.000000
0.376700	146.000000
0.376720	145.000000
0.376740	144.000000
0.376760	144.000000
0.376780	145.000000
0.376800	147.000000
0.376820	149.000000
0.376840	150.000000
0.376860	150.000000
0.376880	151.000000
0.376900	151.000000
0.376920	150.000000
0.376940	149.000000
0.376960	149.000000
0.376980	148.000000
0.377000	149.000000
0.377020	150.000000
0.377040	150.000000
0.377060	150.000000
0.377080	149.000000
0.377100	148.000000
0.377120	147.000000
0.377140	146.000000
0.377160	145.000000
0.377180	144.000000
0.377200	144.000000
0.377220	145.000000
0.377240	145.000000
0.377260	146.000000
0.377280	147.000000
0.377300	149.000000
0.377320	151.000000
0.377340	152.000000
0.377360	152.000000
0.377380	152.000000
0.377400	151.000000
0.377420	151.000000
0.377440	151.000000
0.377460	149.000000
0.377480	147.000000
0.377500	145.000000
0.377520	144.000000
0.377540	144.000000
0.377560	144.000000
0.377580	144.000000
0.377600	144.000000
0.377620	145.000000
0.377640	147.000000
0.377660	149.000000
0.377680	152.000000
0.377700	154.000000
0.377720	154.000000
0.377740	153.000000
0.377760	151.000000
0.377780	149.000000
0.377800	148.000000
0.377820	149.000000
0.377840	150.000000
0.377860	149.000000
0.377880	147.000000
0.377900	144.000000
0.377920	144.000000
0.377940	144.000000
0.377960	145.000000
0.377980	145.000000
0.378000	146.000000
0.378020	147.000000
0.378040	149.000000
0.378060	151.000000
0.378080	151.000000
0.378100	151.000000
0.378120	150.000000
0.378140	150.000000
0.378160	149.000000
0.378180	148.000000
0.378200	147.000000
0.378220	147.000000
0.378240	147.000000
0.378260	147.000000
0.378280	146.000000
0.378300	143.000000
0.378320	142.000000
0.378340	142.000000
0.378360	145.000000
0.378380	148.000000
0.378400	149.000000
0.378420	149.000000
0.378440	148.000000
0.378460	148.000000
0.378480	147.000000
0.378500	147.000000
0.378520	147.000000
0.378540	149.000000
0.378560	152.000000
0.378580	155.000000
0.378600	157.000000
0.378620	156.000000
0.378640	153.000000
0.378660	150.000000
0.378680	147.000000
0.378700	145.000000
0.378720	144.000000
0.378740	143.000000
0.378760	143.000000
0.378780	142.000000
0.378800	142.000000
0.378820	143.000000
0.378840	145.000000
0.378860	147.000000
0.378880	149.000000
0.378900	151.000000
0.378920	153.000000
0.378940	155.000000
0.378960	157.000000
0.378980	158.000000
0.379000	156.000000
0.379020	154.000000
0.379040	151.000000
0.379060	148.000000
0.379080	145.000000
0.379100	143.000000
0.379120	140.000000
0.379140	139.000000
0.379160	139.000000
0.379180	139.000000
0.379200	140.000000
0.379220	142.000000
0.379240	145.000000
0.379260	149.000000
0.379280	152.000000
0.379300	153.000000
0.379320	153.000000
0.379340	153.000000
0.379360	153.000000
0.379380	153.000000
0.379400	151.000000
0.379420	148.000000
0.379440	145.000000
0.379460	144.000000
0.379480	144.000000
0.379500	144.000000
0.379520	144.000000
0.379540	144.000000
0.379560	143.000000
0.379580	144.000000
0.379600	146.000000
0.379620	148.000000
0.379640	150.000000
0.379660	150.000000
0.379680	151.000000
0.379700	151.000000
0.379720	151.000000
0.379740	151.000000
0.379760	151.000000
0.379780	151.000000
0.379800	150.000000
0.379820	149.000000
0.379840	147.000000
0.379860	146.000000
0.379880	146.000000
0.379900	146.000000
0.379920	146.000000
0.379940	146.000000
0.379960	147.000000
0.379980	148.000000
0.380000	148.000000
0.380020	149.000000
0.380040	149.000000
0.380060	150.000000
0.380080	150.000000
0.380100	151.000000
0.380120	151.000000
0.380140	149.000000
0.380160	148.000000
0.380180	148.000000
0.380200	148.000000
0.380220	148.000000
0.380240	148.000000
0.380260	147.000000
0.380280	147.000000
0.380300	148.000000
0.380320	148.000000
0.380340	149.000000
0.380360	149.000000
0.380380	149.000000
0.380400	147.000000
0.380420	147.000000
0.380440	146.000000
0.380460	147.000000
0.380480	149.000000
0.380500	151.000000
0.380520	153.000000
0.380540	153.000000
0.380560	153.000000
0.380580	152.000000
0.380600	152.000000
0.380620	151.000000
0.380640	149.000000
0.380660	146.000000
0.380680	144.000000
0.380700	142.000000
0.380720	142.000000
0.380740	142.000000
0.380760	142.000000
0.380780	144.000000
0.380800	146.000000
0.380820	148.000000
0.380840	149.000000
0.380860	149.000000
0.380880	149.000000
0.380900	149.000000
0.380920	149.000000
0.380940	149.000000
0.380960	149.000000
0.380980	148.000000
0.381000	147.000000
0.381020	145.000000
0.381040	143.000000
0.381060	143.000000
0.381080	144.000000
0.381100	145.000000
0.381120	145.000000
0.381140	144.000000
0.381160	144.000000
0.381180	144.000000
0.381200	145.000000
0.381220	147.000000
0.381240	148.000000
0.381260	149.000000
0.381280	151.000000
0.381300	152.000000
0.381320	152.000000
0.381340	150.000000
0.381360	149.000000
0.381380	147.000000
0.381400	147.000000
0.381420	147.000000
0.381440	147.000000
0.381460	146.000000
0.381480	145.000000
0.381500	144.000000
0.381520	143.000000
0.381540	143.000000
0.381560	144.000000
0.381580	147.000000
0.381600	150.000000
0.381620	151.000000
0.381640	150.000000
0.381660	149.000000
0.381680	148.000000
0.381700	149.000000
0.381720	151.000000
0.381740	152.000000
0.381760	152.000000
0.381780	152.000000
0.381800	151.000000
0.381820	150.000000
0.381840	148.000000
0.381860	146.000000
0.381880	145.000000
0.381900	143.000000
0.381920	143.000000
0.381940	142.000000
0.381960	142.000000
0.381980	142.000000
0.382000	142.000000
0.382020	142.000000
0.382040	142.000000
0.382060	144.000000
0.382080	147.000000
0.382100	151.000000
0.382120	155.000000
0.382140	156.000000
0.382160	156.000000
0.382180	156.000000
0.382200	155.000000
0.382220	154.000000
0.382240	152.000000
0.382260	150.000000
0.382280	147.000000
0.382300	145.000000
0.382320	143.000000
0.382340	143.000000
0.382360	142.000000
0.382380	142.000000
0.382400	144.000000
0.382420	146.000000
0.382440	149.000000
0.382460	150.000000
0.382480	150.000000
0.382500	151.000000
0.382520	152.000000
0.382540	153.000000
0.382560	154.000000
0.382580	153.000000
0.382600	153.000000
0.382620	151.000000
0.382640	150.000000
0.382660	148.000000
0.382680	146.000000
0.382700	146.000000
0.382720	146.000000
0.382740	146.000000
0.382760	146.000000
0.382780	145.000000
0.382800	145.000000
0.382820	147.000000
0.382840	148.000000
0.382860	149.000000
0.382880	150.000000
0.382900	150.000000
0.382920	151.000000
0.382940	151.000000
0.382960	150.000000
0.382980	148.000000
0.383000	147.000000
0.383020	147.000000
0.383040	147.000000
0.383060	147.000000
0.383080	148.000000
0.383100	147.000000
0.383120	147.000000
0.383140	148.000000
0.383160	148.000000
0.383180	149.000000
0.383200	149.000000
0.383220	149.000000
0.383240	148.000000
0.383260	148.000000
0.383280	149.000000
0.383300	150.000000
0.383320	151.000000
0.383340	151.000000
0.383360	150.000000
0.383380	149.000000
0.383400	148.000000
0.383420	149.000000
0.383440	148.000000
0.383460	147.000000
0.383480	146.000000
0.383500	146.000000
0.383520	148.000000
0.383540	148.000000
0.383560	146.000000
0.383580	143.000000
0.383600	143.000000
0.383620	147.000000
0.383640	150.000000
0.383660	147.000000
0.383680	135.000000
