0.343700	102.000000
0.343720	58.000000
0.343740	119.000000
0.343760	166.000000
0.343780	171.000000
0.343800	151.000000
0.343820	138.000000
0.343840	146.000000
0.343860	161.000000
0.343880	163.000000
0.343900	152.000000
0.343920	144.000000
0.343940	147.000000
0.343960	156.000000
0.343980	157.000000
0.344000	149.000000
0.344020	141.000000
0.344040	141.000000
0.344060	146.000000
0.344080	147.000000
0.344100	142.000000
0.344120	138.000000
0.344140	142.000000
0.344160	149.000000
0.344180	154.000000
0.344200	152.000000
0.344220	149.000000
0.344240	150.000000
0.344260	155.000000
0.344280	156.000000
0.344300	154.000000
0.344320	151.000000
0.344340	151.000000
0.344360	154.000000
0.344380	153.000000
0.344400	149.000000
0.344420	145.000000
0.344440	146.000000
0.344460	149.000000
0.344480	151.000000
0.344500	149.000000
0.344520	147.000000
0.344540	146.000000
0.344560	147.000000
0.344580	148.000000
0.344600	147.000000
0.344620	146.000000
0.344640	148.000000
0.344660	150.000000
0.344680	151.000000
0.344700	149.000000
0.344720	147.000000
0.344740	148.000000
0.344760	149.000000
0.344780	149.000000
0.344800	147.000000
0.344820	147.000000
0.344840	149.000000
0.344860	153.000000
0.344880	155.000000
0.344900	153.000000
0.344920	150.000000
0.344940	148.000000
0.344960	148.000000
0.344980	147.000000
0.345000	144.000000
0.345020	142.000000
0.345040	144.000000
0.345060	147.000000
0.345080	149.000000
0.345100	149.000000
0.345120	147.000000
0.345140	148.000000
0.345160	149.000000
0.345180	151.000000
0.345200	151.000000
0.345220	150.000000
0.345240	151.000000
0.345260	153.000000
0.345280	154.000000
0.345300	153.000000
0.345320	152.000000
0.345340	151.000000
0.345360	150.000000
0.345380	149.000000
0.345400	147.000000
0.345420	144.000000
0.345440	144.000000
0.345460	145.000000
0.345480	145.000000
0.345500	145.000000
0.345520	144.000000
0.345540	144.000000
0.345560	146.000000
0.345580	149.000000
0.345600	150.000000
0.345620	152.000000
0.345640	154.000000
0.345660	155.000000
0.345680	155.000000
0.345700	153.000000
0.345720	151.000000
0.345740	150.000000
0.345760	150.000000
0.345780	149.000000
0.345800	146.000000
0.345820	144.000000
0.345840	144.000000
0.345860	145.000000
0.345880	146.000000
0.345900	146.000000
0.345920	145.000000
0.345940	146.000000
0.345960	147.000000
0.345980	149.000000
0.346000	150.000000
0.346020	150.000000
0.346040	151.000000
0.346060	152.000000
0.346080	152.000000
0.346100	151.000000
0.346120	150.000000
0.346140	151.000000
0.346160	152.000000
0.346180	152.000000
0.346200	152.000000
0.346220	151.000000
0.346240	150.000000
0.346260	151.000000
0.346280	150.000000
0.346300	148.000000
0.346320	147.000000
0.346340	148.000000
0.346360	150.000000
0.346380	150.000000
0.346400	149.000000
0.346420	147.000000
0.346440	147.000000
0.346460	148.000000
0.346480	149.000000
0.346500	147.000000
0.346520	146.000000
0.346540	147.000000
0.346560	150.000000
0.346580	152.000000
0.346600	152.000000
0.346620	151.000000
0.346640	150.000000
0.346660	150.000000
0.346680	151.000000
0.346700	152.000000
0.346720	151.000000
0.346740	149.000000
0.346760	148.000000
0.346780	147.000000
0.346800	146.000000
0.346820	144.000000
0.346840	143.000000
0.346860	143.000000
0.346880	143.000000
0.346900	145.000000
0.346920	146.000000
0.346940	148.000000
0.346960	149.000000
0.346980	149.000000
0.347000	148.000000
0.347020	149.000000
0.347040	150.000000
0.347060	151.000000
0.347080	152.000000
0.347100	152.000000
0.347120	152.000000
0.347140	152.000000
0.347160	151.000000
0.347180	149.000000
0.347200	147.000000
0.347220	147.000000
0.347240	147.000000
0.347260	148.000000
0.347280	147.000000
0.347300	146.000000
0.347320	145.000000
0.347340	145.000000
0.347360	146.000000
0.347380	146.000000
0.347400	146.000000
0.347420	146.000000
0.347440	147.000000
0.347460	149.000000
0.347480	150.000000
0.347500	149.000000
0.347520	149.000000
0.347540	149.000000
0.347560	151.000000
0.347580	151.000000
0.347600	150.000000
0.347620	149.000000
0.347640	148.000000
0.347660	148.000000
0.347680	149.000000
0.347700	148.000000
0.347720	147.000000
0.347740	146.000000
0.347760	147.000000
0.347780	149.000000
0.347800	149.000000
0.347820	148.000000
0.347840	147.000000
0.347860	147.000000
0.347880	147.000000
0.347900	147.000000
0.347920	147.000000
0.347940	148.000000
0.347960	149.000000
0.347980	150.000000
0.348000	149.000000
0.348020	149.000000
0.348040	151.000000
0.348060	153.000000
0.348080	155.000000
0.348100	154.000000
0.348120	152.000000
0.348140	150.000000
0.348160	149.000000
0.348180	148.000000
0.348200	147.000000
0.348220	144.000000
0.348240	143.000000
0.348260	144.000000
0.348280	146.000000
0.348300	149.000000
0.348320	150.000000
0.348340	151.000000
0.348360	151.000000
0.348380	151.000000
0.348400	152.000000
0.348420	152.000000
0.348440	153.000000
0.348460	153.000000
0.348480	153.000000
0.348500	153.000000
0.348520	151.000000
0.348540	150.000000
0.348560	149.000000
0.348580	149.000000
0.348600	149.000000
0.348620	149.000000
0.348640	148.000000
0.348660	146.000000
0.348680	145.000000
0.348700	145.000000
0.348720	145.000000
0.348740	146.000000
0.348760	147.000000
0.348780	149.000000
0.348800	150.000000
0.348820	151.000000
0.348840	151.000000
0.348860	152.000000
0.348880	152.000000
0.348900	151.000000
0.348920	150.000000
0.348940	150.000000
0.348960	150.000000
0.348980	150.000000
0.349000	149.000000
0.349020	148.000000
0.349040	146.000000
0.349060	145.000000
0.349080	145.000000
0.349100	146.000000
0.349120	147.000000
0.349140	149.000000
0.349160	153.000000
0.349180	157.000000
0.349200	161.000000
0.349220	163.000000
0.349240	163.000000
0.349260	160.000000
0.349280	153.000000
0.349300	145.000000
0.349320	137.000000
0.349340	132.000000
0.349360	132.000000
0.349380	134.000000
0.349400	137.000000
0.349420	137.000000
0.349440	136.000000
0.349460	134.000000
0.349480	136.000000
0.349500	144.000000
0.349520	156.000000
0.349540	169.000000
0.349560	177.000000
0.349580	177.000000
0.349600	170.000000
0.349620	160.000000
0.349640	151.000000
0.349660	146.000000
0.349680	145.000000
0.349700	146.000000
0.349720	146.000000
0.349740	145.000000
0.349760	139.000000
0.349780	131.000000
0.349800	122.000000
0.349820	115.000000
0.349840	115.000000
0.349860	122.000000
0.349880	133.000000
0.349900	146.000000
0.349920	159.000000
0.349940	171.000000
0.349960	181.000000
0.349980	189.000000
0.350000	195.000000
0.350020	197.000000
0.350040	195.000000
0.350060	187.000000
0.350080	173.000000
0.350100	152.000000
0.350120	129.000000
0.350140	107.000000
0.350160	90.000000
0.350180	81.000000
0.350200	80.000000
0.350220	86.000000
0.350240	101.000000
0.350260	122.000000
0.350280	147.000000
0.350300	172.000000
0.350320	194.000000
0.350340	209.000000
0.350360	216.000000
0.350380	214.000000
0.350400	205.000000
0.350420	190.000000
0.350440	169.000000
0.350460	146.000000
0.350480	123.000000
0.350500	104.000000
0.350520	92.000000
0.350540	88.000000
0.350560	92.000000
0.350580	104.000000
0.350600	120.000000
0.350620	139.000000
0.350640	158.000000
0.350660	175.000000
0.350680	189.000000
0.350700	198.000000
0.350720	199.000000
0.350740	195.000000
0.350760	184.000000
0.350780	170.000000
0.350800	155.000000
0.350820	139.000000
0.350840	126.000000
0.350860	116.000000
0.350880	112.000000
0.350900	111.000000
0.350920	115.000000
0.350940	123.000000
0.350960	133.000000
0.350980	146.000000
0.351000	158.000000
0.351020	167.000000
0.351040	173.000000
0.351060	174.000000
0.351080	173.000000
0.351100	168.000000
0.351120	161.000000
0.351140	153.000000
0.351160	144.000000
0.351180	138.000000
0.351200	134.000000
0.351220	133.000000
0.351240	135.000000
0.351260	138.000000
0.351280	141.000000
0.351300	144.000000
0.351320	147.000000
0.351340	150.000000
0.351360	153.000000
0.351380	155.000000
0.351400	157.000000
0.351420	159.000000
0.351440	158.000000
0.351460	156.000000
0.351480	152.000000
0.351500	149.000000
0.351520	146.000000
0.351540	146.000000
0.351560	147.000000
0.351580	148.000000
0.351600	147.000000
0.351620	147.000000
0.351640	147.000000
0.351660	148.000000
0.351680	149.000000
0.351700	149.000000
0.351720	148.000000
0.351740	148.000000
0.351760	148.000000
0.351780	149.000000
0.351800	150.000000
0.351820	151.000000
0.351840	150.000000
0.351860	150.000000
0.351880	149.000000
0.351900	149.000000
0.351920	148.000000
0.351940	146.000000
0.351960	145.000000
0.351980	144.000000
0.352000	145.000000
0.352020	147.000000
0.352040	149.000000
0.352060	151.000000
0.352080	151.000000
0.352100	151.000000
0.352120	151.000000
0.352140	151.000000
0.352160	151.000000
0.352180	150.000000
0.352200	149.000000
0.352220	147.000000
0.352240	146.000000
0.352260	144.000000
0.352280	142.000000
0.352300	142.000000
0.352320	144.000000
0.352340	148.000000
0.352360	153.000000
0.352380	157.000000
0.352400	160.000000
0.352420	161.000000
0.352440	160.000000
0.352460	156.000000
0.352480	149.000000
0.352500	143.000000
0.352520	139.000000
0.352540	138.000000
0.352560	139.000000
0.352580	141.000000
0.352600	140.000000
0.352620	136.000000
0.352640	132.000000
0.352660	131.000000
0.352680	136.000000
0.352700	147.000000
0.352720	161.000000
0.352740	172.000000
0.352760	176.000000
0.352780	173.000000
0.352800	165.000000
0.352820	158.000000
0.352840	153.000000
0.352860	152.000000
0.352880	153.000000
0.352900	153.000000
0.352920	151.000000
0.352940	146.000000
0.352960	137.000000
0.352980	127.000000
0.353000	119.000000
0.353020	116.000000
0.353040	120.000000
0.353060	129.000000
0.353080	140.000000
0.353100	151.000000
0.353120	161.000000
0.353140	170.000000
0.353160	180.000000
0.353180	189.000000
0.353200	196.000000
0.353220	197.000000
0.353240	193.000000
0.353260	182.000000
0.353280	164.000000
0.353300	143.000000
0.353320	120.000000
0.353340	101.000000
0.353360	87.000000
0.353380	80.000000
0.353400	82.000000
0.353420	92.000000
0.353440	109.000000
0.353460	130.000000
0.353480	153.000000
0.353500	176.000000
0.353520	195.000000
0.353540	208.000000
0.353560	215.000000
0.353580	212.000000
0.353600	201.000000
0.353620	183.000000
0.353640	161.000000
0.353660	139.000000
0.353680	120.000000
0.353700	105.000000
0.353720	96.000000
0.353740	94.000000
0.353760	99.000000
0.353780	110.000000
0.353800	128.000000
0.353820	147.000000
0.353840	165.000000
0.353860	179.000000
0.353880	187.000000
0.353900	190.000000
0.353920	187.000000
0.353940	181.000000
0.353960	171.000000
0.353980	159.000000
0.354000	146.000000
0.354020	133.000000
0.354040	124.000000
0.354060	119.000000
0.354080	118.000000
0.354100	120.000000
0.354120	126.000000
0.354140	134.000000
0.354160	143.000000
0.354180	152.000000
0.354200	161.000000
0.354220	168.000000
0.354240	171.000000
0.354260	170.000000
0.354280	166.000000
0.354300	161.000000
0.354320	156.000000
0.354340	151.000000
0.354360	145.000000
0.354380	140.000000
0.354400	136.000000
0.354420	135.000000
0.354440	136.000000
0.354460	139.000000
0.354480	142.000000
0.354500	144.000000
0.354520	147.000000
0.354540	149.000000
0.354560	151.000000
0.354580	153.000000
0.354600	154.000000
0.354620	154.000000
0.354640	154.000000
0.354660	153.000000
0.354680	152.000000
0.354700	151.000000
0.354720	150.000000
0.354740	149.000000
0.354760	148.000000
0.354780	146.000000
0.354800	145.000000
0.354820	144.000000
0.354840	145.000000
0.354860	147.000000
0.354880	150.000000
0.354900	152.000000
0.354920	152.000000
0.354940	151.000000
0.354960	149.000000
0.354980	148.000000
0.355000	148.000000
0.355020	149.000000
0.355040	150.000000
0.355060	150.000000
0.355080	149.000000
0.355100	147.000000
0.355120	146.000000
0.355140	144.000000
0.355160	143.000000
0.355180	143.000000
0.355200	144.000000
0.355220	147.000000
0.355240	150.000000
0.355260	152.000000
0.355280	152.000000
0.355300	151.000000
0.355320	151.000000
0.355340	151.000000
0.355360	151.000000
0.355380	152.000000
0.355400	151.000000
0.355420	150.000000
0.355440	150.000000
0.355460	150.000000
0.355480	150.000000
0.355500	149.000000
0.355520	149.000000
0.355540	150.000000
0.355560	152.000000
0.355580	154.000000
0.355600	156.000000
0.355620	155.000000
0.355640	153.000000
0.355660	148.000000
0.355680	143.000000
0.355700	141.000000
0.355720	140.000000
0.355740	142.000000
0.355760	144.000000
0.355780	143.000000
0.355800	140.000000
0.355820	137.000000
0.355840	135.000000
0.355860	138.000000
0.355880	145.000000
0.355900	154.000000
0.355920	162.000000
0.355940	166.000000
0.355960	164.000000
0.355980	158.000000
0.356000	153.000000
0.356020	149.000000
0.356040	149.000000
0.356060	150.000000
0.356080	151.000000
0.356100	151.000000
0.356120	148.000000
0.356140	144.000000
0.356160	137.000000
0.356180	129.000000
0.356200	124.000000
0.356220	123.000000
0.356240	127.000000
0.356260	136.000000
0.356280	146.000000
0.356300	155.000000
0.356320	163.000000
0.356340	170.000000
0.356360	176.000000
0.356380	180.000000
0.356400	183.000000
0.356420	182.000000
0.356440	177.000000
0.356460	168.000000
0.356480	153.000000
0.356500	137.000000
0.356520	122.000000
0.356540	110.000000
0.356560	102.000000
0.356580	100.000000
0.356600	103.000000
0.356620	112.000000
0.356640	126.000000
0.356660	142.000000
0.356680	159.000000
0.356700	174.000000
0.356720	186.000000
0.356740	193.000000
0.356760	195.000000
0.356780	190.000000
0.356800	179.000000
0.356820	165.000000
0.356840	151.000000
0.356860	136.000000
0.356880	124.000000
0.356900	114.000000
0.356920	110.000000
0.356940	112.000000
0.356960	119.000000
0.356980	129.000000
0.357000	141.000000
0.357020	153.000000
0.357040	164.000000
0.357060	173.000000
0.357080	178.000000
0.357100	179.000000
0.357120	176.000000
0.357140	170.000000
0.357160	162.000000
0.357180	153.000000
0.357200	144.000000
0.357220	136.000000
0.357240	130.000000
0.357260	128.000000
0.357280	128.000000
0.357300	130.000000
0.357320	135.000000
0.357340	143.000000
0.357360	150.000000
0.357380	156.000000
0.357400	159.000000
0.357420	159.000000
0.357440	158.000000
0.357460	157.000000
0.357480	156.000000
0.357500	155.000000
0.357520	153.000000
0.357540	150.000000
0.357560	147.000000
0.357580	145.000000
0.357600	143.000000
0.357620	143.000000
0.357640	144.000000
0.357660	146.000000
0.357680	148.000000
0.357700	149.000000
0.357720	150.000000
0.357740	149.000000
0.357760	148.000000
0.357780	148.000000
0.357800	147.000000
0.357820	147.000000
0.357840	148.000000
0.357860	150.000000
0.357880	151.000000
0.357900	151.000000
0.357920	150.000000
0.357940	149.000000
0.357960	148.000000
0.357980	147.000000
0.358000	147.000000
0.358020	148.000000
0.358040	149.000000
0.358060	149.000000
0.358080	149.000000
0.358100	148.000000
0.358120	147.000000
0.358140	147.000000
0.358160	147.000000
0.358180	146.000000
0.358200	146.000000
0.358220	146.000000
0.358240	147.000000
0.358260	148.000000
0.358280	150.000000
0.358300	150.000000
0.358320	149.000000
0.358340	148.000000
0.358360	148.000000
0.358380	148.000000
0.358400	148.000000
0.358420	148.000000
0.358440	148.000000
0.358460	149.000000
0.358480	150.000000
0.358500	151.000000
0.358520	151.000000
0.358540	151.000000
0.358560	152.000000
0.358580	151.000000
0.358600	151.000000
0.358620	149.000000
0.358640	149.000000
0.358660	148.000000
0.358680	148.000000
0.358700	148.000000
0.358720	148.000000
0.358740	150.000000
0.358760	152.000000
0.358780	154.000000
0.358800	154.000000
0.358820	151.000000
0.358840	148.000000
0.358860	145.000000
0.358880	144.000000
0.358900	145.000000
0.358920	146.000000
0.358940	147.000000
0.358960	146.000000
0.358980	144.000000
0.359000	142.000000
0.359020	141.000000
0.359040	142.000000
0.359060	146.000000
0.359080	152.000000
0.359100	156.000000
0.359120	157.000000
0.359140	155.000000
0.359160	152.000000
0.359180	149.000000
0.359200	148.000000
0.359220	149.000000
0.359240	152.000000
0.359260	154.000000
0.359280	154.000000
0.359300	152.000000
0.359320	148.000000
0.359340	144.000000
0.359360	141.000000
0.359380	139.000000
0.359400	139.000000
0.359420	140.000000
0.359440	143.000000
0.359460	146.000000
0.359480	150.000000
0.359500	153.000000
0.359520	156.000000
0.359540	160.000000
0.359560	163.000000
0.359580	167.000000
0.359600	167.000000
0.359620	165.000000
0.359640	160.000000
0.359660	153.000000
0.359680	145.000000
0.359700	136.000000
0.359720	129.000000
0.359740	125.000000
0.359760	124.000000
0.359780	126.000000
0.359800	131.000000
0.359820	137.000000
0.359840	144.000000
0.359860	152.000000
0.359880	159.000000
0.359900	165.000000
0.359920	168.000000
0.359940	169.000000
0.359960	168.000000
0.359980	165.000000
0.360000	158.000000
0.360020	149.000000
0.360040	140.000000
0.360060	134.000000
0.360080	132.000000
0.360100	132.000000
0.360120	133.000000
0.360140	136.000000
0.360160	139.000000
0.360180	145.000000
0.360200	151.000000
0.360220	156.000000
0.360240	159.000000
0.360260	160.000000
0.360280	161.000000
0.360300	160.000000
0.360320	158.000000
0.360340	155.000000
0.360360	150.000000
0.360380	145.000000
0.360400	140.000000
0.360420	136.000000
0.360440	135.000000
0.360460	135.000000
0.360480	138.000000
0.360500	142.000000
0.360520	146.000000
0.360540	150.000000
0.360560	153.000000
0.360580	157.000000
0.360600	159.000000
0.360620	160.000000
0.360640	158.000000
0.360660	155.000000
0.360680	153.000000
0.360700	152.000000
0.360720	151.000000
0.360740	149.000000
0.360760	146.000000
0.360780	143.000000
0.360800	142.000000
0.360820	141.000000
0.360840	141.000000
0.360860	142.000000
0.360880	143.000000
0.360900	146.000000
0.360920	147.000000
0.360940	148.000000
0.360960	147.000000
0.360980	146.000000
0.361000	147.000000
0.361020	149.000000
0.361040	151.000000
0.361060	153.000000
0.361080	153.000000
0.361100	153.000000
0.361120	152.000000
0.361140	151.000000
0.361160	150.000000
0.361180	149.000000
0.361200	149.000000
0.361220	149.000000
0.361240	148.000000
0.361260	147.000000
0.361280	146.000000
0.361300	146.000000
0.361320	147.000000
0.361340	149.000000
0.361360	152.000000
0.361380	154.000000
0.361400	155.000000
0.361420	155.000000
0.361440	155.000000
0.361460	154.000000
0.361480	152.000000
0.361500	150.000000
0.361520	149.000000
0.361540	147.000000
0.361560	145.000000
0.361580	144.000000
0.361600	144.000000
0.361620	144.000000
0.361640	144.000000
0.361660	145.000000
0.361680	146.000000
0.361700	146.000000
0.361720	147.000000
0.361740	148.000000
0.361760	148.000000
0.361780	149.000000
0.361800	150.000000
0.361820	150.000000
0.361840	150.000000
0.361860	149.000000
0.361880	148.000000
0.361900	149.000000
0.361920	150.000000
0.361940	151.000000
0.361960	150.000000
0.361980	148.000000
0.362000	146.000000
0.362020	145.000000
0.362040	145.000000
0.362060	146.000000
0.362080	148.000000
0.362100	149.000000
0.362120	150.000000
0.362140	150.000000
0.362160	149.000000
0.362180	148.000000
0.362200	147.000000
0.362220	147.000000
0.362240	148.000000
0.362260	150.000000
0.362280	152.000000
0.362300	153.000000
0.362320	151.000000
0.362340	148.000000
0.362360	144.000000
0.362380	142.000000
0.362400	143.000000
0.362420	146.000000
0.362440	150.000000
0.362460	152.000000
0.362480	151.000000
0.362500	150.000000
0.362520	148.000000
0.362540	147.000000
0.362560	146.000000
0.362580	146.000000
0.362600	148.000000
0.362620	150.000000
0.362640	151.000000
0.362660	151.000000
0.362680	150.000000
0.362700	148.000000
0.362720	148.000000
0.362740	148.000000
0.362760	151.000000
0.362780	153.000000
0.362800	154.000000
0.362820	154.000000
0.362840	151.000000
0.362860	148.000000
0.362880	146.000000
0.362900	145.000000
0.362920	145.000000
0.362940	143.000000
0.362960	142.000000
0.362980	142.000000
0.363000	145.000000
0.363020	148.000000
0.363040	151.000000
0.363060	152.000000
0.363080	153.000000
0.363100	153.000000
0.363120	152.000000
0.363140	151.000000
0.363160	148.000000
0.363180	145.000000
0.363200	145.000000
0.363220	145.000000
0.363240	146.000000
0.363260	145.000000
0.363280	143.000000
0.363300	142.000000
0.363320	144.000000
0.363340	147.000000
0.363360	151.000000
0.363380	152.000000
0.363400	152.000000
0.363420	151.000000
0.363440	151.000000
0.363460	150.000000
0.363480	149.000000
0.363500	148.000000
0.363520	146.000000
0.363540	145.000000
0.363560	145.000000
0.363580	145.000000
0.363600	144.000000
0.363620	143.000000
0.363640	143.000000
0.363660	143.000000
0.363680	145.000000
0.363700	148.000000
0.363720	151.000000
0.363740	153.000000
0.363760	153.000000
0.363780	153.000000
0.363800	152.000000
0.363820	151.000000
0.363840	149.000000
0.363860	148.000000
0.363880	148.000000
0.363900	147.000000
0.363920	146.000000
0.363940	145.000000
0.363960	144.000000
0.363980	145.000000
0.364000	146.000000
0.364020	147.000000
0.364040	148.000000
0.364060	148.000000
0.364080	148.000000
0.364100	149.000000
0.364120	150.000000
0.364140	150.000000
0.364160	150.000000
0.364180	149.000000
0.364200	149.000000
0.364220	149.000000
0.364240	150.000000
0.364260	150.000000
0.364280	150.000000
0.364300	151.000000
0.364320	151.000000
0.364340	151.000000
0.364360	150.000000
0.364380	148.000000
0.364400	147.000000
0.364420	147.000000
0.364440	147.000000
0.364460	146.000000
0.364480	145.000000
0.364500	145.000000
0.364520	146.000000
0.364540	148.000000
0.364560	151.000000
0.364580	153.000000
0.364600	153.000000
0.364620	153.000000
0.364640	153.000000
0.364660	153.000000
0.364680	153.000000
0.364700	151.000000
0.364720	149.000000
0.364740	148.000000
0.364760	146.000000
0.364780	145.000000
0.364800	144.000000
0.364820	143.000000
0.364840	144.000000
0.364860	146.000000
0.364880	147.000000
0.364900	150.000000
0.364920	152.000000
0.364940	154.000000
0.364960	155.000000
0.364980	154.000000
0.365000	152.000000
0.365020	151.000000
0.365040	151.000000
0.365060	151.000000
0.365080	150.000000
0.365100	148.000000
0.365120	146.000000
0.365140	145.000000
0.365160	144.000000
0.365180	144.000000
0.365200	143.000000
0.365220	142.000000
0.365240	142.000000
0.365260	144.000000
0.365280	147.000000
0.365300	151.000000
0.365320	152.000000
0.365340	153.000000
0.365360	152.000000
0.365380	151.000000
0.365400	150.000000
0.365420	150.000000
0.365440	151.000000
0.365460	152.000000
0.365480	153.000000
0.365500	152.000000
0.365520	149.000000
0.365540	144.000000
0.365560	139.000000
0.365580	138.000000
0.365600	140.000000
0.365620	144.000000
0.365640	148.000000
0.365660	150.000000
0.365680	150.000000
0.365700	150.000000
0.365720	150.000000
0.365740	150.000000
0.365760	151.000000
0.365780	152.000000
0.365800	153.000000
0.365820	154.000000
0.365840	153.000000
0.365860	151.000000
0.365880	148.000000
0.365900	145.000000
0.365920	143.000000
0.365940	143.000000
0.365960	144.000000
0.365980	145.000000
0.366000	146.000000
0.366020	147.000000
0.366040	148.000000
0.366060	147.000000
0.366080	147.000000
0.366100	148.000000
0.366120	151.000000
0.366140	154.000000
0.366160	156.000000
0.366180	157.000000
0.366200	155.000000
0.366220	153.000000
0.366240	151.000000
0.366260	150.000000
0.366280	148.000000
0.366300	146.000000
0.366320	144.000000
0.366340	143.000000
0.366360	142.000000
0.366380	141.000000
0.366400	141.000000
0.366420	142.000000
0.366440	144.000000
0.366460	147.000000
0.366480	151.000000
0.366500	154.000000
0.366520	156.000000
0.366540	157.000000
0.366560	156.000000
0.366580	154.000000
0.366600	151.000000
0.366620	150.000000
0.366640	149.000000
0.366660	149.000000
0.366680	149.000000
0.366700	148.000000
0.366720	146.000000
0.366740	144.000000
0.366760	143.000000
0.366780	143.000000
0.366800	144.000000
0.366820	145.000000
0.366840	146.000000
0.366860	147.000000
0.366880	149.000000
0.366900	151.000000
0.366920	152.000000
0.366940	153.000000
0.366960	153.000000
0.366980	152.000000
0.367000	150.000000
0.367020	149.000000
0.367040	148.000000
0.367060	147.000000
0.367080	147.000000
0.367100	147.000000
0.367120	147.000000
0.367140	147.000000
0.367160	147.000000
0.367180	148.000000
0.367200	149.000000
0.367220	151.000000
0.367240	152.000000
0.367260	151.000000
0.367280	150.000000
0.367300	149.000000
0.367320	149.000000
0.367340	149.000000
0.367360	148.000000
0.367380	147.000000
0.367400	146.000000
0.367420	147.000000
0.367440	148.000000
0.367460	149.000000
0.367480	149.000000
0.367500	148.000000
0.367520	147.000000
0.367540	147.000000
0.367560	147.000000
0.367580	146.000000
0.367600	145.000000
0.367620	146.000000
0.367640	147.000000
0.367660	147.000000
0.367680	147.000000
0.367700	147.000000
0.367720	148.000000
0.367740	151.000000
0.367760	154.000000
0.367780	156.000000
0.367800	156.000000
0.367820	155.000000
0.367840	153.000000
0.367860	151.000000
0.367880	149.000000
0.367900	146.000000
0.367920	144.000000
0.367940	142.000000
0.367960	140.000000
0.367980	140.000000
0.368000	141.000000
0.368020	144.000000
0.368040	147.000000
0.368060	149.000000
0.368080	150.000000
0.368100	151.000000
0.368120	153.000000
0.368140	154.000000
0.368160	155.000000
0.368180	155.000000
0.368200	154.000000
0.368220	152.000000
0.368240	151.000000
0.368260	149.000000
0.368280	147.000000
0.368300	145.000000
0.368320	144.000000
0.368340	143.000000
0.368360	142.000000
0.368380	142.000000
0.368400	143.000000
0.368420	145.000000
0.368440	147.000000
0.368460	150.000000
0.368480	152.000000
0.368500	153.000000
0.368520	153.000000
0.368540	153.000000
0.368560	153.000000
0.368580	151.000000
0.368600	150.000000
0.368620	149.000000
0.368640	149.000000
0.368660	149.000000
0.368680	148.000000
0.368700	144.000000
0.368720	140.000000
0.368740	137.000000
0.368760	137.000000
0.368780	139.000000
0.368800	143.000000
0.368820	148.000000
0.368840	152.000000
0.368860	153.000000
0.368880	153.000000
0.368900	151.000000
0.368920	149.000000
0.368940	150.000000
0.368960	152.000000
0.368980	154.000000
0.369000	154.000000
0.369020	152.000000
0.369040	150.000000
0.369060	148.000000
0.369080	146.000000
0.369100	145.000000
0.369120	144.000000
0.369140	143.000000
0.369160	143.000000
0.369180	143.000000
0.369200	143.000000
0.369220	144.000000
0.369240	145.000000
0.369260	146.000000
0.369280	148.000000
0.369300	150.000000
0.369320	153.000000
0.369340	155.000000
0.369360	158.000000
0.369380	160.000000
0.369400	160.000000
0.369420	158.000000
0.369440	155.000000
0.369460	151.000000
0.369480	148.000000
0.369500	145.000000
0.369520	142.000000
0.369540	140.000000
0.369560	139.000000
0.369580	139.000000
0.369600	141.000000
0.369620	144.000000
0.369640	147.000000
0.369660	149.000000
0.369680	151.000000
0.369700	153.000000
0.369720	155.000000
0.369740	156.000000
0.369760	155.000000
0.369780	153.000000
0.369800	151.000000
0.369820	150.000000
0.369840	149.000000
0.369860	148.000000
0.369880	146.000000
0.369900	145.000000
0.369920	145.000000
0.369940	145.000000
0.369960	145.000000
0.369980	145.000000
0.370000	144.000000
0.370020	145.000000
0.370040	147.000000
0.370060	149.000000
0.370080	150.000000
0.370100	151.000000
0.370120	151.000000
0.370140	150.000000
0.370160	149.000000
0.370180	148.000000
0.370200	147.000000
0.370220	147.000000
0.370240	147.000000
0.370260	148.000000
0.370280	149.000000
0.370300	149.000000
0.370320	148.000000
0.370340	147.000000
0.370360	148.000000
0.370380	148.000000
0.370400	149.000000
0.370420	149.000000
0.370440	149.000000
0.370460	148.000000
0.370480	147.000000
0.370500	147.000000
0.370520	146.000000
0.370540	146.000000
0.370560	146.000000
0.370580	148.000000
0.370600	150.000000
0.370620	152.000000
0.370640	151.000000
0.370660	150.000000
0.370680	148.000000
0.370700	147.000000
0.370720	148.000000
0.370740	150.000000
0.370760	149.000000
0.370780	148.000000
0.370800	147.000000
0.370820	147.000000
0.370840	148.000000
0.370860	148.000000
0.370880	148.000000
0.370900	148.000000
0.370920	149.000000
0.370940	151.000000
0.370960	154.000000
0.370980	156.000000
0.371000	156.000000
0.371020	154.000000
0.371040	151.000000
0.371060	148.000000
0.371080	146.000000
0.371100	145.000000
0.371120	145.000000
0.371140	145.000000
0.371160	144.000000
0.371180	143.000000
0.371200	143.000000
0.371220	144.000000
0.371240	146.000000
0.371260	148.000000
0.371280	149.000000
0.371300	151.000000
0.371320	153.000000
0.371340	155.000000
0.371360	155.000000
0.371380	153.000000
0.371400	149.000000
0.371420	146.000000
0.371440	146.000000
0.371460	146.000000
0.371480	145.000000
0.371500	143.000000
0.371520	142.000000
0.371540	142.000000
0.371560	142.000000
0.371580	143.000000
0.371600	144.000000
0.371620	145.000000
0.371640	148.000000
0.371660	151.000000
0.371680	153.000000
0.371700	153.000000
0.371720	152.000000
0.371740	151.000000
0.371760	150.000000
0.371780	148.000000
0.371800	147.000000
0.371820	146.000000
0.371840	147.000000
0.371860	149.000000
0.371880	149.000000
0.371900	147.000000
0.371920	143.000000
0.371940	141.000000
0.371960	142.000000
0.371980	145.000000
0.372000	149.000000
0.372020	151.000000
0.372040	153.000000
0.372060	153.000000
0.372080	153.000000
0.372100	152.000000
0.372120	150.000000
0.372140	149.000000
0.372160	151.000000
0.372180	153.000000
0.372200	154.000000
0.372220	154.000000
0.372240	151.000000
0.372260	149.000000
0.372280	147.000000
0.372300	146.000000
0.372320	145.000000
0.372340	144.000000
0.372360	143.000000
0.372380	141.000000
0.372400	140.000000
0.372420	140.000000
0.372440	142.000000
0.372460	144.000000
0.372480	147.000000
0.372500	150.000000
0.372520	153.000000
0.372540	157.000000
0.372560	160.000000
0.372580	161.000000
0.372600	161.000000
0.372620	159.000000
0.372640	156.000000
0.372660	153.000000
0.372680	148.000000
0.372700	144.000000
0.372720	139.000000
0.372740	136.000000
0.372760	135.000000
0.372780	135.000000
0.372800	137.000000
0.372820	140.000000
0.372840	144.000000
0.372860	148.000000
0.372880	152.000000
0.372900	154.000000
0.372920	155.000000
0.372940	155.000000
0.372960	155.000000
0.372980	155.000000
0.373000	154.000000
0.373020	153.000000
0.373040	151.000000
0.373060	148.000000
0.373080	145.000000
0.373100	143.000000
0.373120	141.000000
0.373140	141.000000
0.373160	142.000000
0.373180	143.000000
0.373200	145.000000
0.373220	148.000000
0.373240	150.000000
0.373260	151.000000
0.373280	151.000000
0.373300	151.000000
0.373320	151.000000
0.373340	152.000000
0.373360	151.000000
0.373380	150.000000
0.373400	148.000000
0.373420	146.000000
0.373440	145.000000
0.373460	146.000000
0.373480	147.000000
0.373500	146.000000
0.373520	145.000000
0.373540	144.000000
0.373560	144.000000
0.373580	145.000000
0.373600	146.000000
0.373620	146.000000
0.373640	147.000000
0.373660	148.000000
0.373680	149.000000
0.373700	149.000000
0.373720	149.000000
0.373740	149.000000
0.373760	149.000000
0.373780	150.000000
0.373800	151.000000
0.373820	151.000000
0.373840	151.000000
0.373860	150.000000
0.373880	149.000000
0.373900	148.000000
0.373920	147.000000
0.373940	146.000000
0.373960	145.000000
0.373980	145.000000
0.374000	146.000000
0.374020	147.000000
0.374040	148.000000
0.374060	148.000000
0.374080	147.000000
0.374100	146.000000
0.374120	148.000000
0.374140	150.000000
0.374160	152.000000
0.374180	152.000000
0.374200	151.000000
0.374220	150.000000
0.374240	149.000000
0.374260	148.000000
0.374280	147.000000
0.374300	146.000000
0.374320	145.000000
0.374340	144.000000
0.374360	144.000000
0.374380	143.000000
0.374400	144.000000
0.374420	145.000000
0.374440	147.000000
0.374460	149.000000
0.374480	151.000000
0.374500	152.000000
0.374520	152.000000
0.374540	152.000000
0.374560	152.000000
0.374580	151.000000
0.374600	149.000000
0.374620	147.000000
0.374640	146.000000
0.374660	146.000000
0.374680	145.000000
0.374700	144.000000
0.374720	143.000000
0.374740	143.000000
0.374760	144.000000
0.374780	144.000000
0.374800	144.000000
0.374820	145.000000
0.374840	146.000000
0.374860	149.000000
0.374880	152.000000
0.374900	152.000000
0.374920	152.000000
0.374940	151.000000
0.374960	150.000000
0.374980	150.000000
0.375000	150.000000
0.375020	149.000000
0.375040	148.000000
0.375060	147.000000
0.375080	145.000000
0.375100	144.000000
0.375120	143.000000
0.375140	143.000000
0.375160	145.000000
0.375180	147.000000
0.375200	148.000000
0.375220	149.000000
0.375240	149.000000
0.375260	149.000000
0.375280	149.000000
0.375300	149.000000
0.375320	149.000000
0.375340	150.000000
0.375360	152.000000
0.375380	154.000000
0.375400	154.000000
0.375420	152.000000
0.375440	150.000000
0.375460	148.000000
0.375480	148.000000
0.375500	148.000000
0.375520	147.000000
0.375540	145.000000
0.375560	142.000000
0.375580	141.000000
0.375600	141.000000
0.375620	141.000000
0.375640	142.000000
0.375660	143.000000
0.375680	146.000000
0.375700	151.000000
0.375720	155.000000
0.375740	159.000000
0.375760	161.000000
0.375780	161.000000
0.375800	159.000000
0.375820	156.000000
0.375840	152.000000
0.375860	148.000000
0.375880	145.000000
0.375900	142.000000
0.375920	140.000000
0.375940	138.000000
0.375960	137.000000
0.375980	136.000000
0.376000	137.000000
0.376020	140.000000
0.376040	144.000000
0.376060	148.000000
0.376080	152.000000
0.376100	155.000000
0.376120	156.000000
0.376140	157.000000
0.376160	157.000000
0.376180	156.000000
0.376200	153.000000
0.376220	150.000000
0.376240	147.000000
0.376260	145.000000
0.376280	144.000000
0.376300	144.000000
0.376320	144.000000
0.376340	144.000000
0.376360	144.000000
0.376380	144.000000
0.376400	145.000000
0.376420	147.000000
0.376440	149.000000
0.376460	151.000000
0.376480	153.000000
0.376500	154.000000
0.376520	153.000000
0.376540	152.000000
0.376560	151.000000
0.376580	150.000000
0.376600	150.000000
0.376620	150.000000
0.376640	149.000000
0.376660	148.000000
0.376680	146.000000
0.376700	144.000000
0.376720	143.000000
0.376740	143.000000
0.376760	144.000000
0.376780	145.000000
0.376800	146.000000
0.376820	147.000000
0.376840	148.000000
0.376860	148.000000
0.376880	149.000000
0.376900	149.000000
0.376920	148.000000
0.376940	148.000000
0.376960	148.000000
0.376980	148.000000
0.377000	149.000000
0.377020	150.000000
0.377040	149.000000
0.377060	147.000000
0.377080	145.000000
0.377100	144.000000
0.377120	144.000000
0.377140	146.000000
0.377160	147.000000
0.377180	147.000000
0.377200	147.000000
0.377220	147.000000
0.377240	148.000000
0.377260	149.000000
0.377280	149.000000
0.377300	149.000000
0.377320	149.000000
0.377340	149.000000
0.377360	150.000000
0.377380	152.000000
0.377400	152.000000
0.377420	151.000000
0.377440	149.000000
0.377460	147.000000
0.377480	146.000000
0.377500	146.000000
0.377520	146.000000
0.377540	146.000000
0.377560	146.000000
0.377580	145.000000
0.377600	146.000000
0.377620	147.000000
0.377640	149.000000
0.377660	150.000000
0.377680	151.000000
0.377700	152.000000
0.377720	153.000000
0.377740	153.000000
0.377760	153.000000
0.377780	151.000000
0.377800	149.000000
0.377820	147.000000
0.377840	146.000000
0.377860	145.000000
0.377880	144.000000
0.377900	144.000000
0.377920	143.000000
0.377940	143.000000
0.377960	143.000000
0.377980	143.000000
0.378000	144.000000
0.378020	146.000000
0.378040	148.000000
0.378060	151.000000
0.378080	152.000000
0.378100	152.000000
0.378120	151.000000
0.378140	151.000000
0.378160	150.000000
0.378180	150.000000
0.378200	150.000000
0.378220	149.000000
0.378240	147.000000
0.378260	145.000000
0.378280	144.000000
0.378300	142.000000
0.378320	141.000000
0.378340	141.000000
0.378360	143.000000
0.378380	146.000000
0.378400	149.000000
0.378420	151.000000
0.378440	152.000000
0.378460	151.000000
0.378480	150.000000
0.378500	150.000000
0.378520	150.000000
0.378540	151.000000
0.378560	152.000000
0.378580	153.000000
0.378600	154.000000
0.378620	154.000000
0.378640	153.000000
0.378660	151.000000
0.378680	149.000000
0.378700	146.000000
0.378720	144.000000
0.378740	142.000000
0.378760	141.000000
0.378780	140.000000
0.378800	141.000000
0.378820	142.000000
0.378840	144.000000
0.378860	146.000000
0.378880	149.000000
0.378900	152.000000
0.378920	155.000000
0.378940	158.000000
0.378960	159.000000
0.378980	159.000000
0.379000	158.000000
0.379020	156.000000
0.379040	154.000000
0.379060	151.000000
0.379080	147.000000
0.379100	143.000000
0.379120	140.000000
0.379140	138.000000
0.379160	138.000000
0.379180	140.000000
0.379200	142.000000
0.379220	145.000000
0.379240	149.000000
0.379260	152.000000
0.379280	153.000000
0.379300	154.000000
0.379320	155.000000
0.379340	155.000000
0.379360	155.000000
0.379380	154.000000
0.379400	152.000000
0.379420	150.000000
0.379440	148.000000
0.379460	146.000000
0.379480	143.000000
0.379500	141.000000
0.379520	139.000000
0.379540	139.000000
0.379560	141.000000
0.379580	143.000000
0.379600	145.000000
0.379620	147.000000
0.379640	149.000000
0.379660	151.000000
0.379680	152.000000
0.379700	152.000000
0.379720	151.000000
0.379740	150.000000
0.379760	150.000000
0.379780	150.000000
0.379800	150.000000
0.379820	149.000000
0.379840	148.000000
0.379860	146.000000
0.379880	145.000000
0.379900	144.000000
0.379920	144.000000
0.379940	145.000000
0.379960	147.000000
0.379980	148.000000
0.380000	148.000000
0.380020	148.000000
0.380040	147.000000
0.380060	148.000000
0.380080	150.000000
0.380100	151.000000
0.380120	150.000000
0.380140	149.000000
0.380160	148.000000
0.380180	149.000000
0.380200	151.000000
0.380220	152.000000
0.380240	152.000000
0.380260	150.000000
0.380280	148.000000
0.380300	146.000000
0.380320	145.000000
0.380340	145.000000
0.380360	145.000000
0.380380	145.000000
0.380400	145.000000
0.380420	145.000000
0.380440	146.000000
0.380460	147.000000
0.380480	149.000000
0.380500	150.000000
0.380520	150.000000
0.380540	149.000000
0.380560	149.000000
0.380580	151.000000
0.380600	152.000000
0.380620	152.000000
0.380640	150.000000
0.380660	147.000000
0.380680	144.000000
0.380700	143.000000
0.380720	142.000000
0.380740	142.000000
0.380760	142.000000
0.380780	143.000000
0.380800	145.000000
0.380820	147.000000
0.380840	149.000000
0.380860	151.000000
0.380880	153.000000
0.380900	154.000000
0.380920	156.000000
0.380940	155.000000
0.380960	154.000000
0.380980	153.000000
0.381000	151.000000
0.381020	149.000000
0.381040	147.000000
0.381060	145.000000
0.381080	145.000000
0.381100	145.000000
0.381120	145.000000
0.381140	145.000000
0.381160	145.000000
0.381180	146.000000
0.381200	147.000000
0.381220	149.000000
0.381240	150.000000
0.381260	151.000000
0.381280	152.000000
0.381300	153.000000
0.381320	153.000000
0.381340	152.000000
0.381360	150.000000
0.381380	148.000000
0.381400	148.000000
0.381420	149.000000
0.381440	150.000000
0.381460	149.000000
0.381480	147.000000
0.381500	144.000000
0.381520	143.000000
0.381540	142.000000
0.381560	143.000000
0.381580	145.000000
0.381600	148.000000
0.381620	150.000000
0.381640	150.000000
0.381660	149.000000
0.381680	148.000000
0.381700	148.000000
0.381720	150.000000
0.381740	152.000000
0.381760	152.000000
0.381780	152.000000
0.381800	152.000000
0.381820	151.000000
0.381840	149.000000
0.381860	145.000000
0.381880	142.000000
0.381900	140.000000
0.381920	142.000000
0.381940	144.000000
0.381960	145.000000
0.381980	145.000000
0.382000	144.000000
0.382020	143.000000
0.382040	144.000000
0.382060	145.000000
0.382080	147.000000
0.382100	150.000000
0.382120	153.000000
0.382140	155.000000
0.382160	157.000000
0.382180	157.000000
0.382200	156.000000
0.382220	153.000000
0.382240	150.000000
0.382260	146.000000
0.382280	142.000000
0.382300	139.000000
0.382320	139.000000
0.382340	140.000000
0.382360	141.000000
0.382380	142.000000
0.382400	144.000000
0.382420	146.000000
0.382440	148.000000
0.382460	150.000000
0.382480	151.000000
0.382500	151.000000
0.382520	151.000000
0.382540	152.000000
0.382560	153.000000
0.382580	152.000000
0.382600	151.000000
0.382620	149.000000
0.382640	147.000000
0.382660	146.000000
0.382680	146.000000
0.382700	145.000000
0.382720	145.000000
0.382740	145.000000
0.382760	146.000000
0.382780	148.000000
0.382800	150.000000
0.382820	152.000000
0.382840	153.000000
0.382860	153.000000
0.382880	152.000000
0.382900	151.000000
0.382920	150.000000
0.382940	149.000000
0.382960	149.000000
0.382980	149.000000
0.383000	149.000000
0.383020	148.000000
0.383040	146.000000
0.383060	145.000000
0.383080	144.000000
0.383100	144.000000
0.383120	145.000000
0.383140	145.000000
0.383160	145.000000
0.383180	146.000000
0.383200	147.000000
0.383220	147.000000
0.383240	147.000000
0.383260	146.000000
0.383280	147.000000
0.383300	149.000000
0.383320	151.000000
0.383340	151.000000
0.383360	149.000000
0.383380	147.000000
0.383400	147.000000
0.383420	149.000000
0.383440	150.000000
0.383460	149.000000
0.383480	148.000000
0.383500	148.000000
0.383520	149.000000
0.383540	150.000000
0.383560	148.000000
0.383580	145.000000
0.383600	145.000000
0.383620	148.000000
0.383640	151.000000
0.383660	147.000000
0.383680	135.000000
