0.332700	103.000000
0.332720	60.000000
0.332740	122.000000
0.332760	167.000000
0.332780	170.000000
0.332800	147.000000
0.332820	132.000000
0.332840	141.000000
0.332860	157.000000
0.332880	161.000000
0.332900	151.000000
0.332920	143.000000
0.332940	146.000000
0.332960	154.000000
0.332980	155.000000
0.333000	148.000000
0.333020	143.000000
0.333040	147.000000
0.333060	153.000000
0.333080	154.000000
0.333100	148.000000
0.333120	143.000000
0.333140	146.000000
0.333160	152.000000
0.333180	154.000000
0.333200	151.000000
0.333220	147.000000
0.333240	148.000000
0.333260	153.000000
0.333280	154.000000
0.333300	151.000000
0.333320	149.000000
0.333340	150.000000
0.333360	153.000000
0.333380	153.000000
0.333400	149.000000
0.333420	144.000000
0.333440	143.000000
0.333460	146.000000
0.333480	147.000000
0.333500	145.000000
0.333520	143.000000
0.333540	144.000000
0.333560	147.000000
0.333580	148.000000
0.333600	146.000000
0.333620	145.000000
0.333640	147.000000
0.333660	150.000000
0.333680	152.000000
0.333700	150.000000
0.333720	149.000000
0.333740	149.000000
0.333760	152.000000
0.333780	153.000000
0.333800	151.000000
0.333820	150.000000
0.333840	150.000000
0.333860	150.000000
0.333880	149.000000
0.333900	145.000000
0.333920	141.000000
0.333940	140.000000
0.333960	142.000000
0.333980	143.000000
0.334000	143.000000
0.334020	143.000000
0.334040	144.000000
0.334060	146.000000
0.334080	148.000000
0.334100	147.000000
0.334120	147.000000
0.334140	148.000000
0.334160	150.000000
0.334180	151.000000
0.334200	151.000000
0.334220	150.000000
0.334240	149.000000
0.334260	150.000000
0.334280	150.000000
0.334300	149.000000
0.334320	147.000000
0.334340	147.000000
0.334360	148.000000
0.334380	148.000000
0.334400	147.000000
0.334420	147.000000
0.334440	148.000000
0.334460	149.000000
0.334480	149.000000
0.334500	148.000000
0.334520	148.000000
0.334540	149.000000
0.334560	151.000000
0.334580	151.000000
0.334600	150.000000
0.334620	149.000000
0.334640	150.000000
0.334660	151.000000
0.334680	150.000000
0.334700	148.000000
0.334720	146.000000
0.334740	146.000000
0.334760	148.000000
0.334780	149.000000
0.334800	148.000000
0.334820	147.000000
0.334840	147.000000
0.334860	148.000000
0.334880	148.000000
0.334900	147.000000
0.334920	145.000000
0.334940	145.000000
0.334960	147.000000
0.334980	149.000000
0.335000	150.000000
0.335020	151.000000
0.335040	152.000000
0.335060	152.000000
0.335080	151.000000
0.335100	149.000000
0.335120	148.000000
0.335140	149.000000
0.335160	151.000000
0.335180	151.000000
0.335200	150.000000
0.335220	149.000000
0.335240	148.000000
0.335260	148.000000
0.335280	147.000000
0.335300	146.000000
0.335320	145.000000
0.335340	145.000000
0.335360	146.000000
0.335380	145.000000
0.335400	144.000000
0.335420	144.000000
0.335440	145.000000
0.335460	148.000000
0.335480	150.000000
0.335500	151.000000
0.335520	150.000000
0.335540	150.000000
0.335560	151.000000
0.335580	150.000000
0.335600	149.000000
0.335620	148.000000
0.335640	149.000000
0.335660	150.000000
0.335680	150.000000
0.335700	148.000000
0.335720	145.000000
0.335740	144.000000
0.335760	145.000000
0.335780	147.000000
0.335800	147.000000
0.335820	146.000000
0.335840	144.000000
0.335860	144.000000
0.335880	145.000000
0.335900	147.000000
0.335920	149.000000
0.335940	151.000000
0.335960	152.000000
0.335980	153.000000
0.336000	152.000000
0.336020	149.000000
0.336040	147.000000
0.336060	146.000000
0.336080	146.000000
0.336100	146.000000
0.336120	146.000000
0.336140	147.000000
0.336160	147.000000
0.336180	148.000000
0.336200	148.000000
0.336220	149.000000
0.336240	149.000000
0.336260	149.000000
0.336280	149.000000
0.336300	148.000000
0.336320	149.000000
0.336340	149.000000
0.336360	150.000000
0.336380	150.000000
0.336400	148.000000
0.336420	147.000000
0.336440	146.000000
0.336460	146.000000
0.336480	147.000000
0.336500	147.000000
0.336520	148.000000
0.336540	149.000000
0.336560	149.000000
0.336580	148.000000
0.336600	146.000000
0.336620	145.000000
0.336640	146.000000
0.336660	147.000000
0.336680	147.000000
0.336700	147.000000
0.336720	146.000000
0.336740	146.000000
0.336760	146.000000
0.336780	147.000000
0.336800	146.000000
0.336820	146.000000
0.336840	148.000000
0.336860	149.000000
0.336880	150.000000
0.336900	151.000000
0.336920	150.000000
0.336940	151.000000
0.336960	151.000000
0.336980	152.000000
0.337000	152.000000
0.337020	152.000000
0.337040	151.000000
0.337060	150.000000
0.337080	148.000000
0.337100	147.000000
0.337120	146.000000
0.337140	146.000000
0.337160	145.000000
0.337180	144.000000
0.337200	143.000000
0.337220	143.000000
0.337240	145.000000
0.337260	147.000000
0.337280	148.000000
0.337300	149.000000
0.337320	149.000000
0.337340	150.000000
0.337360	151.000000
0.337380	150.000000
0.337400	149.000000
0.337420	149.000000
0.337440	149.000000
0.337460	150.000000
0.337480	149.000000
0.337500	148.000000
0.337520	147.000000
0.337540	146.000000
0.337560	146.000000
0.337580	146.000000
0.337600	146.000000
0.337620	146.000000
0.337640	147.000000
0.337660	148.000000
0.337680	150.000000
0.337700	150.000000
0.337720	150.000000
0.337740	149.000000
0.337760	149.000000
0.337780	149.000000
0.337800	147.000000
0.337820	147.000000
0.337840	147.000000
0.337860	148.000000
0.337880	148.000000
0.337900	148.000000
0.337920	147.000000
0.337940	148.000000
0.337960	148.000000
0.337980	149.000000
0.338000	148.000000
0.338020	148.000000
0.338040	147.000000
0.338060	147.000000
0.338080	147.000000
0.338100	147.000000
0.338120	147.000000
0.338140	148.000000
0.338160	148.000000
0.338180	148.000000
0.338200	148.000000
0.338220	148.000000
0.338240	149.000000
0.338260	151.000000
0.338280	152.000000
0.338300	152.000000
0.338320	152.000000
0.338340	152.000000
0.338360	152.000000
0.338380	152.000000
0.338400	151.000000
0.338420	150.000000
0.338440	149.000000
0.338460	148.000000
0.338480	148.000000
0.338500	148.000000
0.338520	147.000000
0.338540	146.000000
0.338560	145.000000
0.338580	145.000000
0.338600	145.000000
0.338620	145.000000
0.338640	146.000000
0.338660	147.000000
0.338680	148.000000
0.338700	149.000000
0.338720	150.000000
0.338740	150.000000
0.338760	151.000000
0.338780	152.000000
0.338800	152.000000
0.338820	151.000000
0.338840	151.000000
0.338860	151.000000
0.338880	149.000000
0.338900	147.000000
0.338920	146.000000
0.338940	145.000000
0.338960	145.000000
0.338980	144.000000
0.339000	144.000000
0.339020	144.000000
0.339040	143.000000
0.339060	144.000000
0.339080	144.000000
0.339100	144.000000
0.339120	146.000000
0.339140	148.000000
0.339160	150.000000
0.339180	152.000000
0.339200	152.000000
0.339220	151.000000
0.339240	150.000000
0.339260	148.000000
0.339280	148.000000
0.339300	147.000000
0.339320	147.000000
0.339340	146.000000
0.339360	146.000000
0.339380	145.000000
0.339400	145.000000
0.339420	146.000000
0.339440	147.000000
0.339460	147.000000
0.339480	146.000000
0.339500	145.000000
0.339520	145.000000
0.339540	147.000000
0.339560	149.000000
0.339580	150.000000
0.339600	150.000000
0.339620	150.000000
0.339640	151.000000
0.339660	152.000000
0.339680	152.000000
0.339700	152.000000
0.339720	151.000000
0.339740	151.000000
0.339760	150.000000
0.339780	149.000000
0.339800	148.000000
0.339820	147.000000
0.339840	147.000000
0.339860	148.000000
0.339880	148.000000
0.339900	148.000000
0.339920	148.000000
0.339940	147.000000
0.339960	147.000000
0.339980	146.000000
0.340000	145.000000
0.340020	146.000000
0.340040	147.000000
0.340060	149.000000
0.340080	150.000000
0.340100	151.000000
0.340120	150.000000
0.340140	149.000000
0.340160	149.000000
0.340180	150.000000
0.340200	151.000000
0.340220	152.000000
0.340240	151.000000
0.340260	150.000000
0.340280	148.000000
0.340300	146.000000
0.340320	145.000000
0.340340	145.000000
0.340360	146.000000
0.340380	146.000000
0.340400	146.000000
0.340420	146.000000
0.340440	146.000000
0.340460	147.000000
0.340480	147.000000
0.340500	147.000000
0.340520	148.000000
0.340540	149.000000
0.340560	150.000000
0.340580	149.000000
0.340600	148.000000
0.340620	147.000000
0.340640	148.000000
0.340660	148.000000
0.340680	148.000000
0.340700	148.000000
0.340720	147.000000
0.340740	147.000000
0.340760	146.000000
0.340780	146.000000
0.340800	145.000000
0.340820	145.000000
0.340840	146.000000
0.340860	148.000000
0.340880	149.000000
0.340900	149.000000
0.340920	149.000000
0.340940	149.000000
0.340960	150.000000
0.340980	151.000000
0.341000	151.000000
0.341020	150.000000
0.341040	151.000000
0.341060	152.000000
0.341080	154.000000
0.341100	154.000000
0.341120	153.000000
0.341140	152.000000
0.341160	151.000000
0.341180	149.000000
0.341200	146.000000
0.341220	142.000000
0.341240	138.000000
0.341260	134.000000
0.341280	132.000000
0.341300	131.000000
0.341320	131.000000
0.341340	134.000000
0.341360	138.000000
0.341380	143.000000
0.341400	148.000000
0.341420	153.000000
0.341440	158.000000
0.341460	164.000000
0.341480	169.000000
0.341500	172.000000
0.341520	173.000000
0.341540	171.000000
0.341560	167.000000
0.341580	160.000000
0.341600	151.000000
0.341620	142.000000
0.341640	133.000000
0.341660	124.000000
0.341680	117.000000
0.341700	113.000000
0.341720	113.000000
0.341740	116.000000
0.341760	123.000000
0.341780	133.000000
0.341800	144.000000
0.341820	157.000000
0.341840	171.000000
0.341860	185.000000
0.341880	195.000000
0.341900	201.000000
0.341920	201.000000
0.341940	196.000000
0.341960	188.000000
0.341980	175.000000
0.342000	157.000000
0.342020	137.000000
0.342040	116.000000
0.342060	99.000000
0.342080	86.000000
0.342100	80.000000
0.342120	80.000000
0.342140	87.000000
0.342160	100.000000
0.342180	119.000000
0.342200	141.000000
0.342220	162.000000
0.342240	183.000000
0.342260	200.000000
0.342280	212.000000
0.342300	216.000000
0.342320	213.000000
0.342340	201.000000
0.342360	184.000000
0.342380	165.000000
0.342400	145.000000
0.342420	126.000000
0.342440	109.000000
0.342460	96.000000
0.342480	89.000000
0.342500	90.000000
0.342520	98.000000
0.342540	113.000000
0.342560	130.000000
0.342580	149.000000
0.342600	166.000000
0.342620	180.000000
0.342640	188.000000
0.342660	191.000000
0.342680	189.000000
0.342700	183.000000
0.342720	174.000000
0.342740	163.000000
0.342760	150.000000
0.342780	138.000000
0.342800	127.000000
0.342820	120.000000
0.342840	119.000000
0.342860	121.000000
0.342880	127.000000
0.342900	133.000000
0.342920	140.000000
0.342940	147.000000
0.342960	154.000000
0.342980	161.000000
0.343000	166.000000
0.343020	168.000000
0.343040	166.000000
0.343060	161.000000
0.343080	155.000000
0.343100	149.000000
0.343120	144.000000
0.343140	141.000000
0.343160	138.000000
0.343180	135.000000
0.343200	133.000000
0.343220	133.000000
0.343240	137.000000
0.343260	142.000000
0.343280	147.000000
0.343300	151.000000
0.343320	152.000000
0.343340	153.000000
0.343360	154.000000
0.343380	155.000000
0.343400	155.000000
0.343420	153.000000
0.343440	151.000000
0.343460	149.000000
0.343480	148.000000
0.343500	147.000000
0.343520	145.000000
0.343540	144.000000
0.343560	143.000000
0.343580	144.000000
0.343600	145.000000
0.343620	145.000000
0.343640	145.000000
0.343660	145.000000
0.343680	147.000000
0.343700	150.000000
0.343720	153.000000
0.343740	154.000000
0.343760	153.000000
0.343780	151.000000
0.343800	150.000000
0.343820	149.000000
0.343840	149.000000
0.343860	148.000000
0.343880	148.000000
0.343900	147.000000
0.343920	147.000000
0.343940	147.000000
0.343960	146.000000
0.343980	145.000000
0.344000	145.000000
0.344020	146.000000
0.344040	148.000000
0.344060	148.000000
0.344080	148.000000
0.344100	146.000000
0.344120	147.000000
0.344140	148.000000
0.344160	150.000000
0.344180	150.000000
0.344200	150.000000
0.344220	150.000000
0.344240	151.000000
0.344260	152.000000
0.344280	153.000000
0.344300	153.000000
0.344320	153.000000
0.344340	152.000000
0.344360	151.000000
0.344380	149.000000
0.344400	145.000000
0.344420	141.000000
0.344440	137.000000
0.344460	135.000000
0.344480	134.000000
0.344500	134.000000
0.344520	134.000000
0.344540	136.000000
0.344560	139.000000
0.344580	144.000000
0.344600	149.000000
0.344620	155.000000
0.344640	161.000000
0.344660	167.000000
0.344680	170.000000
0.344700	170.000000
0.344720	168.000000
0.344740	164.000000
0.344760	159.000000
0.344780	153.000000
0.344800	146.000000
0.344820	138.000000
0.344840	130.000000
0.344860	124.000000
0.344880	119.000000
0.344900	116.000000
0.344920	117.000000
0.344940	121.000000
0.344960	128.000000
0.344980	137.000000
0.345000	148.000000
0.345020	160.000000
0.345040	172.000000
0.345060	184.000000
0.345080	194.000000
0.345100	199.000000
0.345120	200.000000
0.345140	195.000000
0.345160	185.000000
0.345180	169.000000
0.345200	149.000000
0.345220	128.000000
0.345240	108.000000
0.345260	92.000000
0.345280	82.000000
0.345300	79.000000
0.345320	83.000000
0.345340	93.000000
0.345360	109.000000
0.345380	129.000000
0.345400	152.000000
0.345420	176.000000
0.345440	196.000000
0.345460	210.000000
0.345480	216.000000
0.345500	214.000000
0.345520	205.000000
0.345540	191.000000
0.345560	174.000000
0.345580	153.000000
0.345600	133.000000
0.345620	114.000000
0.345640	101.000000
0.345660	95.000000
0.345680	95.000000
0.345700	101.000000
0.345720	112.000000
0.345740	127.000000
0.345760	143.000000
0.345780	159.000000
0.345800	172.000000
0.345820	181.000000
0.345840	185.000000
0.345860	186.000000
0.345880	182.000000
0.345900	174.000000
0.345920	163.000000
0.345940	151.000000
0.345960	141.000000
0.345980	132.000000
0.346000	126.000000
0.346020	123.000000
0.346040	123.000000
0.346060	127.000000
0.346080	133.000000
0.346100	140.000000
0.346120	146.000000
0.346140	152.000000
0.346160	156.000000
0.346180	160.000000
0.346200	163.000000
0.346220	162.000000
0.346240	159.000000
0.346260	155.000000
0.346280	149.000000
0.346300	145.000000
0.346320	142.000000
0.346340	139.000000
0.346360	137.000000
0.346380	137.000000
0.346400	139.000000
0.346420	142.000000
0.346440	145.000000
0.346460	147.000000
0.346480	148.000000
0.346500	148.000000
0.346520	149.000000
0.346540	151.000000
0.346560	153.000000
0.346580	154.000000
0.346600	154.000000
0.346620	153.000000
0.346640	151.000000
0.346660	150.000000
0.346680	149.000000
0.346700	148.000000
0.346720	148.000000
0.346740	148.000000
0.346760	147.000000
0.346780	145.000000
0.346800	144.000000
0.346820	144.000000
0.346840	144.000000
0.346860	146.000000
0.346880	147.000000
0.346900	148.000000
0.346920	149.000000
0.346940	150.000000
0.346960	151.000000
0.346980	152.000000
0.347000	154.000000
0.347020	154.000000
0.347040	154.000000
0.347060	152.000000
0.347080	151.000000
0.347100	149.000000
0.347120	148.000000
0.347140	147.000000
0.347160	146.000000
0.347180	145.000000
0.347200	144.000000
0.347220	144.000000
0.347240	144.000000
0.347260	146.000000
0.347280	147.000000
0.347300	147.000000
0.347320	148.000000
0.347340	149.000000
0.347360	150.000000
0.347380	151.000000
0.347400	152.000000
0.347420	152.000000
0.347440	152.000000
0.347460	153.000000
0.347480	153.000000
0.347500	153.000000
0.347520	150.000000
0.347540	148.000000
0.347560	145.000000
0.347580	144.000000
0.347600	142.000000
0.347620	140.000000
0.347640	139.000000
0.347660	139.000000
0.347680	140.000000
0.347700	141.000000
0.347720	141.000000
0.347740	142.000000
0.347760	143.000000
0.347780	147.000000
0.347800	151.000000
0.347820	155.000000
0.347840	158.000000
0.347860	160.000000
0.347880	161.000000
0.347900	161.000000
0.347920	160.000000
0.347940	158.000000
0.347960	155.000000
0.347980	151.000000
0.348000	146.000000
0.348020	141.000000
0.348040	136.000000
0.348060	131.000000
0.348080	128.000000
0.348100	128.000000
0.348120	130.000000
0.348140	134.000000
0.348160	138.000000
0.348180	143.000000
0.348200	149.000000
0.348220	157.000000
0.348240	167.000000
0.348260	176.000000
0.348280	182.000000
0.348300	185.000000
0.348320	184.000000
0.348340	179.000000
0.348360	171.000000
0.348380	158.000000
0.348400	143.000000
0.348420	128.000000
0.348440	115.000000
0.348460	106.000000
0.348480	102.000000
0.348500	101.000000
0.348520	105.000000
0.348540	112.000000
0.348560	124.000000
0.348580	138.000000
0.348600	154.000000
0.348620	169.000000
0.348640	181.000000
0.348660	189.000000
0.348680	192.000000
0.348700	190.000000
0.348720	183.000000
0.348740	173.000000
0.348760	159.000000
0.348780	145.000000
0.348800	132.000000
0.348820	121.000000
0.348840	114.000000
0.348860	111.000000
0.348880	111.000000
0.348900	116.000000
0.348920	124.000000
0.348940	135.000000
0.348960	146.000000
0.348980	157.000000
0.349000	166.000000
0.349020	172.000000
0.349040	175.000000
0.349060	175.000000
0.349080	172.000000
0.349100	167.000000
0.349120	159.000000
0.349140	151.000000
0.349160	143.000000
0.349180	138.000000
0.349200	134.000000
0.349220	133.000000
0.349240	133.000000
0.349260	134.000000
0.349280	137.000000
0.349300	141.000000
0.349320	146.000000
0.349340	150.000000
0.349360	154.000000
0.349380	156.000000
0.349400	157.000000
0.349420	157.000000
0.349440	156.000000
0.349460	154.000000
0.349480	152.000000
0.349500	149.000000
0.349520	147.000000
0.349540	146.000000
0.349560	145.000000
0.349580	144.000000
0.349600	144.000000
0.349620	144.000000
0.349640	144.000000
0.349660	144.000000
0.349680	145.000000
0.349700	147.000000
0.349720	149.000000
0.349740	151.000000
0.349760	151.000000
0.349780	151.000000
0.349800	152.000000
0.349820	152.000000
0.349840	152.000000
0.349860	152.000000
0.349880	151.000000
0.349900	151.000000
0.349920	151.000000
0.349940	151.000000
0.349960	149.000000
0.349980	146.000000
0.350000	143.000000
0.350020	142.000000
0.350040	142.000000
0.350060	143.000000
0.350080	143.000000
0.350100	143.000000
0.350120	144.000000
0.350140	147.000000
0.350160	150.000000
0.350180	152.000000
0.350200	153.000000
0.350220	154.000000
0.350240	154.000000
0.350260	153.000000
0.350280	152.000000
0.350300	150.000000
0.350320	148.000000
0.350340	147.000000
0.350360	146.000000
0.350380	146.000000
0.350400	145.000000
0.350420	144.000000
0.350440	143.000000
0.350460	143.000000
0.350480	144.000000
0.350500	145.000000
0.350520	147.000000
0.350540	150.000000
0.350560	152.000000
0.350580	153.000000
0.350600	153.000000
0.350620	153.000000
0.350640	153.000000
0.350660	152.000000
0.350680	150.000000
0.350700	148.000000
0.350720	146.000000
0.350740	145.000000
0.350760	144.000000
0.350780	144.000000
0.350800	143.000000
0.350820	142.000000
0.350840	141.000000
0.350860	141.000000
0.350880	143.000000
0.350900	144.000000
0.350920	146.000000
0.350940	149.000000
0.350960	151.000000
0.350980	152.000000
0.351000	153.000000
0.351020	153.000000
0.351040	153.000000
0.351060	154.000000
0.351080	155.000000
0.351100	156.000000
0.351120	155.000000
0.351140	152.000000
0.351160	149.000000
0.351180	145.000000
0.351200	143.000000
0.351220	142.000000
0.351240	141.000000
0.351260	140.000000
0.351280	140.000000
0.351300	140.000000
0.351320	140.000000
0.351340	141.000000
0.351360	143.000000
0.351380	146.000000
0.351400	150.000000
0.351420	156.000000
0.351440	161.000000
0.351460	166.000000
0.351480	167.000000
0.351500	167.000000
0.351520	164.000000
0.351540	161.000000
0.351560	157.000000
0.351580	152.000000
0.351600	146.000000
0.351620	138.000000
0.351640	131.000000
0.351660	126.000000
0.351680	124.000000
0.351700	125.000000
0.351720	128.000000
0.351740	132.000000
0.351760	139.000000
0.351780	147.000000
0.351800	155.000000
0.351820	162.000000
0.351840	167.000000
0.351860	170.000000
0.351880	170.000000
0.351900	168.000000
0.351920	165.000000
0.351940	159.000000
0.351960	152.000000
0.351980	143.000000
0.352000	136.000000
0.352020	130.000000
0.352040	127.000000
0.352060	125.000000
0.352080	126.000000
0.352100	130.000000
0.352120	136.000000
0.352140	143.000000
0.352160	149.000000
0.352180	154.000000
0.352200	158.000000
0.352220	160.000000
0.352240	161.000000
0.352260	162.000000
0.352280	160.000000
0.352300	158.000000
0.352320	154.000000
0.352340	149.000000
0.352360	144.000000
0.352380	140.000000
0.352400	138.000000
0.352420	137.000000
0.352440	138.000000
0.352460	140.000000
0.352480	141.000000
0.352500	143.000000
0.352520	145.000000
0.352540	147.000000
0.352560	149.000000
0.352580	149.000000
0.352600	150.000000
0.352620	151.000000
0.352640	154.000000
0.352660	155.000000
0.352680	155.000000
0.352700	153.000000
0.352720	151.000000
0.352740	149.000000
0.352760	148.000000
0.352780	146.000000
0.352800	144.000000
0.352820	143.000000
0.352840	143.000000
0.352860	143.000000
0.352880	144.000000
0.352900	144.000000
0.352920	145.000000
0.352940	147.000000
0.352960	149.000000
0.352980	150.000000
0.353000	151.000000
0.353020	152.000000
0.353040	154.000000
0.353060	155.000000
0.353080	155.000000
0.353100	153.000000
0.353120	150.000000
0.353140	148.000000
0.353160	146.000000
0.353180	144.000000
0.353200	141.000000
0.353220	138.000000
0.353240	138.000000
0.353260	140.000000
0.353280	143.000000
0.353300	146.000000
0.353320	148.000000
0.353340	150.000000
0.353360	152.000000
0.353380	155.000000
0.353400	157.000000
0.353420	157.000000
0.353440	156.000000
0.353460	155.000000
0.353480	154.000000
0.353500	152.000000
0.353520	149.000000
0.353540	146.000000
0.353560	143.000000
0.353580	141.000000
0.353600	141.000000
0.353620	141.000000
0.353640	141.000000
0.353660	140.000000
0.353680	141.000000
0.353700	144.000000
0.353720	147.000000
0.353740	151.000000
0.353760	153.000000
0.353780	155.000000
0.353800	155.000000
0.353820	155.000000
0.353840	153.000000
0.353860	152.000000
0.353880	150.000000
0.353900	148.000000
0.353920	147.000000
0.353940	146.000000
0.353960	146.000000
0.353980	146.000000
0.354000	147.000000
0.354020	147.000000
0.354040	147.000000
0.354060	146.000000
0.354080	146.000000
0.354100	147.000000
0.354120	149.000000
0.354140	150.000000
0.354160	149.000000
0.354180	148.000000
0.354200	147.000000
0.354220	148.000000
0.354240	148.000000
0.354260	148.000000
0.354280	148.000000
0.354300	147.000000
0.354320	147.000000
0.354340	148.000000
0.354360	148.000000
0.354380	148.000000
0.354400	147.000000
0.354420	147.000000
0.354440	147.000000
0.354460	147.000000
0.354480	147.000000
0.354500	146.000000
0.354520	144.000000
0.354540	144.000000
0.354560	145.000000
0.354580	148.000000
0.354600	151.000000
0.354620	153.000000
0.354640	154.000000
0.354660	154.000000
0.354680	154.000000
0.354700	153.000000
0.354720	153.000000
0.354740	152.000000
0.354760	150.000000
0.354780	147.000000
0.354800	144.000000
0.354820	141.000000
0.354840	140.000000
0.354860	139.000000
0.354880	140.000000
0.354900	141.000000
0.354920	142.000000
0.354940	145.000000
0.354960	148.000000
0.354980	151.000000
0.355000	154.000000
0.355020	155.000000
0.355040	156.000000
0.355060	155.000000
0.355080	153.000000
0.355100	151.000000
0.355120	149.000000
0.355140	147.000000
0.355160	146.000000
0.355180	144.000000
0.355200	142.000000
0.355220	141.000000
0.355240	140.000000
0.355260	141.000000
0.355280	142.000000
0.355300	145.000000
0.355320	147.000000
0.355340	148.000000
0.355360	150.000000
0.355380	150.000000
0.355400	151.000000
0.355420	151.000000
0.355440	150.000000
0.355460	149.000000
0.355480	148.000000
0.355500	147.000000
0.355520	146.000000
0.355540	145.000000
0.355560	145.000000
0.355580	144.000000
0.355600	144.000000
0.355620	144.000000
0.355640	144.000000
0.355660	145.000000
0.355680	146.000000
0.355700	147.000000
0.355720	148.000000
0.355740	149.000000
0.355760	149.000000
0.355780	149.000000
0.355800	150.000000
0.355820	151.000000
0.355840	152.000000
0.355860	153.000000
0.355880	152.000000
0.355900	150.000000
0.355920	149.000000
0.355940	148.000000
0.355960	148.000000
0.355980	148.000000
0.356000	146.000000
0.356020	144.000000
0.356040	143.000000
0.356060	143.000000
0.356080	144.000000
0.356100	146.000000
0.356120	147.000000
0.356140	148.000000
0.356160	150.000000
0.356180	152.000000
0.356200	154.000000
0.356220	155.000000
0.356240	155.000000
0.356260	154.000000
0.356280	153.000000
0.356300	152.000000
0.356320	151.000000
0.356340	148.000000
0.356360	145.000000
0.356380	142.000000
0.356400	141.000000
0.356420	141.000000
0.356440	141.000000
0.356460	142.000000
0.356480	143.000000
0.356500	145.000000
0.356520	147.000000
0.356540	149.000000
0.356560	151.000000
0.356580	153.000000
0.356600	154.000000
0.356620	155.000000
0.356640	154.000000
0.356660	152.000000
0.356680	149.000000
0.356700	147.000000
0.356720	146.000000
0.356740	146.000000
0.356760	146.000000
0.356780	146.000000
0.356800	146.000000
0.356820	146.000000
0.356840	145.000000
0.356860	145.000000
0.356880	146.000000
0.356900	148.000000
0.356920	151.000000
0.356940	153.000000
0.356960	155.000000
0.356980	154.000000
0.357000	152.000000
0.357020	150.000000
0.357040	149.000000
0.357060	147.000000
0.357080	146.000000
0.357100	145.000000
0.357120	144.000000
0.357140	144.000000
0.357160	144.000000
0.357180	144.000000
0.357200	146.000000
0.357220	148.000000
0.357240	149.000000
0.357260	151.000000
0.357280	151.000000
0.357300	150.000000
0.357320	150.000000
0.357340	151.000000
0.357360	150.000000
0.357380	149.000000
0.357400	148.000000
0.357420	147.000000
0.357440	148.000000
0.357460	148.000000
0.357480	147.000000
0.357500	145.000000
0.357520	143.000000
0.357540	143.000000
0.357560	145.000000
0.357580	148.000000
0.357600	151.000000
0.357620	152.000000
0.357640	152.000000
0.357660	151.000000
0.357680	150.000000
0.357700	150.000000
0.357720	149.000000
0.357740	149.000000
0.357760	149.000000
0.357780	148.000000
0.357800	147.000000
0.357820	145.000000
0.357840	144.000000
0.357860	143.000000
0.357880	143.000000
0.357900	142.000000
0.357920	142.000000
0.357940	143.000000
0.357960	144.000000
0.357980	146.000000
0.358000	148.000000
0.358020	150.000000
0.358040	151.000000
0.358060	151.000000
0.358080	152.000000
0.358100	153.000000
0.358120	153.000000
0.358140	154.000000
0.358160	153.000000
0.358180	151.000000
0.358200	149.000000
0.358220	147.000000
0.358240	145.000000
0.358260	144.000000
0.358280	143.000000
0.358300	142.000000
0.358320	141.000000
0.358340	142.000000
0.358360	144.000000
0.358380	146.000000
0.358400	148.000000
0.358420	149.000000
0.358440	148.000000
0.358460	148.000000
0.358480	148.000000
0.358500	148.000000
0.358520	149.000000
0.358540	148.000000
0.358560	147.000000
0.358580	146.000000
0.358600	145.000000
0.358620	145.000000
0.358640	145.000000
0.358660	145.000000
0.358680	145.000000
0.358700	146.000000
0.358720	147.000000
0.358740	148.000000
0.358760	149.000000
0.358780	149.000000
0.358800	149.000000
0.358820	149.000000
0.358840	149.000000
0.358860	150.000000
0.358880	149.000000
0.358900	148.000000
0.358920	148.000000
0.358940	148.000000
0.358960	148.000000
0.358980	149.000000
0.359000	149.000000
0.359020	149.000000
0.359040	150.000000
0.359060	152.000000
0.359080	153.000000
0.359100	153.000000
0.359120	151.000000
0.359140	148.000000
0.359160	146.000000
0.359180	145.000000
0.359200	145.000000
0.359220	145.000000
0.359240	145.000000
0.359260	144.000000
0.359280	142.000000
0.359300	141.000000
0.359320	142.000000
0.359340	146.000000
0.359360	150.000000
0.359380	153.000000
0.359400	155.000000
0.359420	156.000000
0.359440	156.000000
0.359460	155.000000
0.359480	154.000000
0.359500	152.000000
0.359520	150.000000
0.359540	147.000000
0.359560	146.000000
0.359580	145.000000
0.359600	143.000000
0.359620	141.000000
0.359640	140.000000
0.359660	140.000000
0.359680	142.000000
0.359700	145.000000
0.359720	148.000000
0.359740	151.000000
0.359760	152.000000
0.359780	153.000000
0.359800	154.000000
0.359820	155.000000
0.359840	155.000000
0.359860	154.000000
0.359880	153.000000
0.359900	150.000000
0.359920	147.000000
0.359940	144.000000
0.359960	141.000000
0.359980	140.000000
0.360000	140.000000
0.360020	142.000000
0.360040	144.000000
0.360060	147.000000
0.360080	148.000000
0.360100	148.000000
0.360120	148.000000
0.360140	148.000000
0.360160	150.000000
0.360180	151.000000
0.360200	151.000000
0.360220	149.000000
0.360240	147.000000
0.360260	144.000000
0.360280	143.000000
0.360300	143.000000
0.360320	143.000000
0.360340	144.000000
0.360360	145.000000
0.360380	146.000000
0.360400	147.000000
0.360420	148.000000
0.360440	150.000000
0.360460	152.000000
0.360480	154.000000
0.360500	154.000000
0.360520	153.000000
0.360540	153.000000
0.360560	151.000000
0.360580	150.000000
0.360600	148.000000
0.360620	146.000000
0.360640	144.000000
0.360660	143.000000
0.360680	143.000000
0.360700	144.000000
0.360720	144.000000
0.360740	145.000000
0.360760	146.000000
0.360780	147.000000
0.360800	149.000000
0.360820	151.000000
0.360840	152.000000
0.360860	153.000000
0.360880	153.000000
0.360900	153.000000
0.360920	153.000000
0.360940	152.000000
0.360960	150.000000
0.360980	148.000000
0.361000	145.000000
0.361020	142.000000
0.361040	140.000000
0.361060	140.000000
0.361080	140.000000
0.361100	141.000000
0.361120	141.000000
0.361140	142.000000
0.361160	145.000000
0.361180	148.000000
0.361200	151.000000
0.361220	154.000000
0.361240	156.000000
0.361260	157.000000
0.361280	157.000000
0.361300	158.000000
0.361320	157.000000
0.361340	156.000000
0.361360	154.000000
0.361380	151.000000
0.361400	147.000000
0.361420	143.000000
0.361440	140.000000
0.361460	138.000000
0.361480	138.000000
0.361500	138.000000
0.361520	140.000000
0.361540	141.000000
0.361560	143.000000
0.361580	147.000000
0.361600	151.000000
0.361620	154.000000
0.361640	157.000000
0.361660	157.000000
0.361680	155.000000
0.361700	153.000000
0.361720	149.000000
0.361740	147.000000
0.361760	144.000000
0.361780	143.000000
0.361800	141.000000
0.361820	141.000000
0.361840	140.000000
0.361860	141.000000
0.361880	143.000000
0.361900	146.000000
0.361920	148.000000
0.361940	149.000000
0.361960	149.000000
0.361980	150.000000
0.362000	150.000000
0.362020	151.000000
0.362040	150.000000
0.362060	149.000000
0.362080	148.000000
0.362100	147.000000
0.362120	146.000000
0.362140	146.000000
0.362160	146.000000
0.362180	146.000000
0.362200	148.000000
0.362220	149.000000
0.362240	150.000000
0.362260	151.000000
0.362280	151.000000
0.362300	151.000000
0.362320	151.000000
0.362340	150.000000
0.362360	149.000000
0.362380	149.000000
0.362400	148.000000
0.362420	147.000000
0.362440	144.000000
0.362460	141.000000
0.362480	140.000000
0.362500	142.000000
0.362520	145.000000
0.362540	147.000000
0.362560	149.000000
0.362580	149.000000
0.362600	150.000000
0.362620	151.000000
0.362640	152.000000
0.362660	152.000000
0.362680	152.000000
0.362700	151.000000
0.362720	150.000000
0.362740	148.000000
0.362760	145.000000
0.362780	142.000000
0.362800	141.000000
0.362820	140.000000
0.362840	140.000000
0.362860	140.000000
0.362880	141.000000
0.362900	144.000000
0.362920	148.000000
0.362940	152.000000
0.362960	155.000000
0.362980	154.000000
0.363000	153.000000
0.363020	153.000000
0.363040	152.000000
0.363060	152.000000
0.363080	150.000000
0.363100	147.000000
0.363120	144.000000
0.363140	143.000000
0.363160	143.000000
0.363180	144.000000
0.363200	145.000000
0.363220	146.000000
0.363240	147.000000
0.363260	148.000000
0.363280	148.000000
0.363300	148.000000
0.363320	149.000000
0.363340	149.000000
0.363360	149.000000
0.363380	148.000000
0.363400	147.000000
0.363420	146.000000
0.363440	147.000000
0.363460	148.000000
0.363480	148.000000
0.363500	147.000000
0.363520	146.000000
0.363540	145.000000
0.363560	146.000000
0.363580	148.000000
0.363600	150.000000
0.363620	151.000000
0.363640	151.000000
0.363660	151.000000
0.363680	151.000000
0.363700	152.000000
0.363720	152.000000
0.363740	151.000000
0.363760	149.000000
0.363780	147.000000
0.363800	146.000000
0.363820	145.000000
0.363840	144.000000
0.363860	142.000000
0.363880	141.000000
0.363900	141.000000
0.363920	143.000000
0.363940	145.000000
0.363960	148.000000
0.363980	150.000000
0.364000	151.000000
0.364020	152.000000
0.364040	153.000000
0.364060	155.000000
0.364080	156.000000
0.364100	156.000000
0.364120	154.000000
0.364140	152.000000
0.364160	150.000000
0.364180	148.000000
0.364200	146.000000
0.364220	144.000000
0.364240	142.000000
0.364260	140.000000
0.364280	138.000000
0.364300	138.000000
0.364320	138.000000
0.364340	140.000000
0.364360	142.000000
0.364380	146.000000
0.364400	150.000000
0.364420	153.000000
0.364440	157.000000
0.364460	159.000000
0.364480	161.000000
0.364500	162.000000
0.364520	162.000000
0.364540	160.000000
0.364560	156.000000
0.364580	150.000000
0.364600	144.000000
0.364620	138.000000
0.364640	134.000000
0.364660	132.000000
0.364680	131.000000
0.364700	132.000000
0.364720	135.000000
0.364740	139.000000
0.364760	143.000000
0.364780	147.000000
0.364800	151.000000
0.364820	155.000000
0.364840	157.000000
0.364860	159.000000
0.364880	158.000000
0.364900	156.000000
0.364920	153.000000
0.364940	150.000000
0.364960	147.000000
0.364980	145.000000
0.365000	142.000000
0.365020	140.000000
0.365040	140.000000
0.365060	141.000000
0.365080	142.000000
0.365100	144.000000
0.365120	145.000000
0.365140	146.000000
0.365160	147.000000
0.365180	148.000000
0.365200	149.000000
0.365220	150.000000
0.365240	150.000000
0.365260	149.000000
0.365280	147.000000
0.365300	145.000000
0.365320	144.000000
0.365340	144.000000
0.365360	145.000000
0.365380	147.000000
0.365400	149.000000
0.365420	149.000000
0.365440	149.000000
0.365460	149.000000
0.365480	149.000000
0.365500	151.000000
0.365520	152.000000
0.365540	151.000000
0.365560	150.000000
0.365580	149.000000
0.365600	148.000000
0.365620	146.000000
0.365640	144.000000
0.365660	142.000000
0.365680	142.000000
0.365700	143.000000
0.365720	145.000000
0.365740	147.000000
0.365760	148.000000
0.365780	149.000000
0.365800	151.000000
0.365820	152.000000
0.365840	154.000000
0.365860	154.000000
0.365880	153.000000
0.365900	151.000000
0.365920	150.000000
0.365940	148.000000
0.365960	145.000000
0.365980	143.000000
0.366000	140.000000
0.366020	139.000000
0.366040	140.000000
0.366060	141.000000
0.366080	144.000000
0.366100	147.000000
0.366120	150.000000
0.366140	152.000000
0.366160	154.000000
0.366180	154.000000
0.366200	153.000000
0.366220	152.000000
0.366240	152.000000
0.366260	152.000000
0.366280	151.000000
0.366300	149.000000
0.366320	147.000000
0.366340	146.000000
0.366360	145.000000
0.366380	145.000000
0.366400	145.000000
0.366420	145.000000
0.366440	146.000000
0.366460	147.000000
0.366480	148.000000
0.366500	149.000000
0.366520	149.000000
0.366540	149.000000
0.366560	148.000000
0.366580	149.000000
0.366600	149.000000
0.366620	148.000000
0.366640	147.000000
0.366660	145.000000
0.366680	145.000000
0.366700	145.000000
0.366720	145.000000
0.366740	146.000000
0.366760	146.000000
0.366780	146.000000
0.366800	146.000000
0.366820	147.000000
0.366840	148.000000
0.366860	150.000000
0.366880	150.000000
0.366900	150.000000
0.366920	150.000000
0.366940	150.000000
0.366960	150.000000
0.366980	150.000000
0.367000	148.000000
0.367020	146.000000
0.367040	144.000000
0.367060	142.000000
0.367080	141.000000
0.367100	141.000000
0.367120	142.000000
0.367140	144.000000
0.367160	146.000000
0.367180	148.000000
0.367200	150.000000
0.367220	151.000000
0.367240	152.000000
0.367260	153.000000
0.367280	155.000000
0.367300	157.000000
0.367320	158.000000
0.367340	157.000000
0.367360	152.000000
0.367380	147.000000
0.367400	143.000000
0.367420	140.000000
0.367440	138.000000
0.367460	136.000000
0.367480	134.000000
0.367500	134.000000
0.367520	137.000000
0.367540	141.000000
0.367560	146.000000
0.367580	149.000000
0.367600	153.000000
0.367620	156.000000
0.367640	159.000000
0.367660	162.000000
0.367680	163.000000
0.367700	162.000000
0.367720	159.000000
0.367740	155.000000
0.367760	150.000000
0.367780	146.000000
0.367800	143.000000
0.367820	139.000000
0.367840	135.000000
0.367860	132.000000
0.367880	131.000000
0.367900	134.000000
0.367920	139.000000
0.367940	144.000000
0.367960	149.000000
0.367980	152.000000
0.368000	154.000000
0.368020	156.000000
0.368040	157.000000
0.368060	158.000000
0.368080	156.000000
0.368100	154.000000
0.368120	152.000000
0.368140	150.000000
0.368160	147.000000
0.368180	144.000000
0.368200	142.000000
0.368220	141.000000
0.368240	142.000000
0.368260	143.000000
0.368280	143.000000
0.368300	143.000000
0.368320	145.000000
0.368340	147.000000
0.368360	150.000000
0.368380	152.000000
0.368400	152.000000
0.368420	151.000000
0.368440	150.000000
0.368460	148.000000
0.368480	147.000000
0.368500	145.000000
0.368520	143.000000
0.368540	143.000000
0.368560	145.000000
0.368580	147.000000
0.368600	148.000000
0.368620	148.000000
0.368640	148.000000
0.368660	147.000000
0.368680	148.000000
0.368700	148.000000
0.368720	149.000000
0.368740	150.000000
0.368760	150.000000
0.368780	149.000000
0.368800	148.000000
0.368820	146.000000
0.368840	145.000000
0.368860	144.000000
0.368880	143.000000
0.368900	143.000000
0.368920	145.000000
0.368940	147.000000
0.368960	150.000000
0.368980	151.000000
0.369000	151.000000
0.369020	150.000000
0.369040	150.000000
0.369060	152.000000
0.369080	153.000000
0.369100	152.000000
0.369120	149.000000
0.369140	146.000000
0.369160	144.000000
0.369180	143.000000
0.369200	143.000000
0.369220	142.000000
0.369240	142.000000
0.369260	143.000000
0.369280	145.000000
0.369300	147.000000
0.369320	148.000000
0.369340	149.000000
0.369360	150.000000
0.369380	152.000000
0.369400	154.000000
0.369420	155.000000
0.369440	153.000000
0.369460	151.000000
0.369480	150.000000
0.369500	149.000000
0.369520	148.000000
0.369540	146.000000
0.369560	143.000000
0.369580	141.000000
0.369600	141.000000
0.369620	143.000000
0.369640	146.000000
0.369660	147.000000
0.369680	147.000000
0.369700	147.000000
0.369720	146.000000
0.369740	146.000000
0.369760	147.000000
0.369780	148.000000
0.369800	148.000000
0.369820	148.000000
0.369840	148.000000
0.369860	147.000000
0.369880	146.000000
0.369900	146.000000
0.369920	145.000000
0.369940	145.000000
0.369960	146.000000
0.369980	147.000000
0.370000	148.000000
0.370020	149.000000
0.370040	150.000000
0.370060	151.000000
0.370080	152.000000
0.370100	152.000000
0.370120	151.000000
0.370140	148.000000
0.370160	147.000000
0.370180	146.000000
0.370200	145.000000
0.370220	144.000000
0.370240	143.000000
0.370260	142.000000
0.370280	142.000000
0.370300	143.000000
0.370320	144.000000
0.370340	145.000000
0.370360	145.000000
0.370380	147.000000
0.370400	150.000000
0.370420	153.000000
0.370440	156.000000
0.370460	158.000000
0.370480	158.000000
0.370500	157.000000
0.370520	155.000000
0.370540	152.000000
0.370560	149.000000
0.370580	147.000000
0.370600	144.000000
0.370620	141.000000
0.370640	139.000000
0.370660	136.000000
0.370680	134.000000
0.370700	134.000000
0.370720	136.000000
0.370740	139.000000
0.370760	143.000000
0.370780	149.000000
0.370800	155.000000
0.370820	160.000000
0.370840	164.000000
0.370860	165.000000
0.370880	165.000000
0.370900	164.000000
0.370920	162.000000
0.370940	158.000000
0.370960	153.000000
0.370980	147.000000
0.371000	142.000000
0.371020	139.000000
0.371040	137.000000
0.371060	137.000000
0.371080	137.000000
0.371100	138.000000
0.371120	140.000000
0.371140	144.000000
0.371160	147.000000
0.371180	151.000000
0.371200	154.000000
0.371220	156.000000
0.371240	157.000000
0.371260	157.000000
0.371280	155.000000
0.371300	153.000000
0.371320	149.000000
0.371340	146.000000
0.371360	144.000000
0.371380	144.000000
0.371400	144.000000
0.371420	143.000000
0.371440	143.000000
0.371460	142.000000
0.371480	143.000000
0.371500	144.000000
0.371520	146.000000
0.371540	148.000000
0.371560	150.000000
0.371580	151.000000
0.371600	152.000000
0.371620	151.000000
0.371640	150.000000
0.371660	149.000000
0.371680	149.000000
0.371700	149.000000
0.371720	149.000000
0.371740	148.000000
0.371760	146.000000
0.371780	144.000000
0.371800	144.000000
0.371820	146.000000
0.371840	147.000000
0.371860	148.000000
0.371880	148.000000
0.371900	149.000000
0.371920	150.000000
0.371940	151.000000
0.371960	149.000000
0.371980	147.000000
0.372000	145.000000
0.372020	143.000000
0.372040	141.000000
0.372060	141.000000
0.372080	141.000000
0.372100	144.000000
0.372120	146.000000
0.372140	148.000000
0.372160	149.000000
0.372180	150.000000
0.372200	151.000000
0.372220	152.000000
0.372240	153.000000
0.372260	153.000000
0.372280	151.000000
0.372300	150.000000
0.372320	148.000000
0.372340	145.000000
0.372360	142.000000
0.372380	139.000000
0.372400	139.000000
0.372420	141.000000
0.372440	142.000000
0.372460	143.000000
0.372480	144.000000
0.372500	146.000000
0.372520	149.000000
0.372540	152.000000
0.372560	152.000000
0.372580	150.000000
0.372600	151.000000
0.372620	154.000000
0.372640	156.000000
0.372660	150.000000
0.372680	136.000000
