0.346000	102.000000
0.346020	59.000000
0.346040	122.000000
0.346060	168.000000
0.346080	172.000000
0.346100	149.000000
0.346120	134.000000
0.346140	142.000000
0.346160	156.000000
0.346180	157.000000
0.346200	146.000000
0.346220	137.000000
0.346240	140.000000
0.346260	149.000000
0.346280	152.000000
0.346300	145.000000
0.346320	140.000000
0.346340	144.000000
0.346360	152.000000
0.346380	154.000000
0.346400	150.000000
0.346420	146.000000
0.346440	147.000000
0.346460	152.000000
0.346480	153.000000
0.346500	149.000000
0.346520	146.000000
0.346540	147.000000
0.346560	152.000000
0.346580	153.000000
0.346600	149.000000
0.346620	146.000000
0.346640	147.000000
0.346660	151.000000
0.346680	153.000000
0.346700	150.000000
0.346720	146.000000
0.346740	147.000000
0.346760	149.000000
0.346780	150.000000
0.346800	148.000000
0.346820	145.000000
0.346840	147.000000
0.346860	150.000000
0.346880	151.000000
0.346900	148.000000
0.346920	146.000000
0.346940	146.000000
0.346960	148.000000
0.346980	149.000000
0.347000	147.000000
0.347020	145.000000
0.347040	146.000000
0.347060	149.000000
0.347080	150.000000
0.347100	149.000000
0.347120	147.000000
0.347140	147.000000
0.347160	149.000000
0.347180	150.000000
0.347200	149.000000
0.347220	147.000000
0.347240	147.000000
0.347260	148.000000
0.347280	149.000000
0.347300	149.000000
0.347320	147.000000
0.347340	147.000000
0.347360	148.000000
0.347380	149.000000
0.347400	148.000000
0.347420	147.000000
0.347440	148.000000
0.347460	150.000000
0.347480	150.000000
0.347500	149.000000
0.347520	148.000000
0.347540	147.000000
0.347560	148.000000
0.347580	147.000000
0.347600	146.000000
0.347620	144.000000
0.347640	144.000000
0.347660	146.000000
0.347680	147.000000
0.347700	147.000000
0.347720	146.000000
0.347740	146.000000
0.347760	147.000000
0.347780	148.000000
0.347800	148.000000
0.347820	148.000000
0.347840	149.000000
0.347860	151.000000
0.347880	151.000000
0.347900	150.000000
0.347920	149.000000
0.347940	149.000000
0.347960	149.000000
0.347980	149.000000
0.348000	148.000000
0.348020	146.000000
0.348040	146.000000
0.348060	147.000000
0.348080	148.000000
0.348100	148.000000
0.348120	147.000000
0.348140	148.000000
0.348160	149.000000
0.348180	149.000000
0.348200	149.000000
0.348220	149.000000
0.348240	150.000000
0.348260	151.000000
0.348280	151.000000
0.348300	149.000000
0.348320	147.000000
0.348340	147.000000
0.348360	147.000000
0.348380	148.000000
0.348400	148.000000
0.348420	148.000000
0.348440	149.000000
0.348460	150.000000
0.348480	149.000000
0.348500	148.000000
0.348520	147.000000
0.348540	148.000000
0.348560	149.000000
0.348580	150.000000
0.348600	149.000000
0.348620	148.000000
0.348640	148.000000
0.348660	149.000000
0.348680	149.000000
0.348700	148.000000
0.348720	148.000000
0.348740	148.000000
0.348760	149.000000
0.348780	149.000000
0.348800	148.000000
0.348820	147.000000
0.348840	148.000000
0.348860	150.000000
0.348880	151.000000
0.348900	151.000000
0.348920	148.000000
0.348940	147.000000
0.348960	146.000000
0.348980	147.000000
0.349000	146.000000
0.349020	146.000000
0.349040	147.000000
0.349060	148.000000
0.349080	148.000000
0.349100	147.000000
0.349120	146.000000
0.349140	146.000000
0.349160	148.000000
0.349180	149.000000
0.349200	150.000000
0.349220	149.000000
0.349240	149.000000
0.349260	149.000000
0.349280	150.000000
0.349300	150.000000
0.349320	150.000000
0.349340	149.000000
0.349360	149.000000
0.349380	148.000000
0.349400	147.000000
0.349420	145.000000
0.349440	143.000000
0.349460	141.000000
0.349480	140.000000
0.349500	140.000000
0.349520	141.000000
0.349540	146.000000
0.349560	154.000000
0.349580	163.000000
0.349600	169.000000
0.349620	171.000000
0.349640	168.000000
0.349660	160.000000
0.349680	150.000000
0.349700	142.000000
0.349720	138.000000
0.349740	137.000000
0.349760	138.000000
0.349780	135.000000
0.349800	129.000000
0.349820	121.000000
0.349840	115.000000
0.349860	116.000000
0.349880	126.000000
0.349900	144.000000
0.349920	164.000000
0.349940	180.000000
0.349960	186.000000
0.349980	183.000000
0.350000	174.000000
0.350020	165.000000
0.350040	161.000000
0.350060	162.000000
0.350080	165.000000
0.350100	165.000000
0.350120	159.000000
0.350140	146.000000
0.350160	129.000000
0.350180	112.000000
0.350200	99.000000
0.350220	94.000000
0.350240	97.000000
0.350260	105.000000
0.350280	116.000000
0.350300	129.000000
0.350320	144.000000
0.350340	161.000000
0.350360	179.000000
0.350380	198.000000
0.350400	213.000000
0.350420	223.000000
0.350440	225.000000
0.350460	217.000000
0.350480	200.000000
0.350500	173.000000
0.350520	142.000000
0.350540	110.000000
0.350560	82.000000
0.350580	61.000000
0.350600	50.000000
0.350620	51.000000
0.350640	63.000000
0.350660	84.000000
0.350680	113.000000
0.350700	145.000000
0.350720	178.000000
0.350740	206.000000
0.350760	226.000000
0.350780	234.000000
0.350800	231.000000
0.350820	219.000000
0.350840	199.000000
0.350860	175.000000
0.350880	149.000000
0.350900	122.000000
0.350920	99.000000
0.350940	84.000000
0.350960	78.000000
0.350980	81.000000
0.351000	91.000000
0.351020	106.000000
0.351040	126.000000
0.351060	148.000000
0.351080	168.000000
0.351100	183.000000
0.351120	193.000000
0.351140	196.000000
0.351160	194.000000
0.351180	186.000000
0.351200	175.000000
0.351220	161.000000
0.351240	147.000000
0.351260	134.000000
0.351280	124.000000
0.351300	117.000000
0.351320	116.000000
0.351340	118.000000
0.351360	123.000000
0.351380	130.000000
0.351400	139.000000
0.351420	148.000000
0.351440	156.000000
0.351460	162.000000
0.351480	165.000000
0.351500	167.000000
0.351520	166.000000
0.351540	164.000000
0.351560	160.000000
0.351580	154.000000
0.351600	149.000000
0.351620	145.000000
0.351640	142.000000
0.351660	140.000000
0.351680	138.000000
0.351700	137.000000
0.351720	139.000000
0.351740	142.000000
0.351760	146.000000
0.351780	149.000000
0.351800	151.000000
0.351820	152.000000
0.351840	153.000000
0.351860	153.000000
0.351880	153.000000
0.351900	152.000000
0.351920	152.000000
0.351940	152.000000
0.351960	151.000000
0.351980	149.000000
0.352000	148.000000
0.352020	146.000000
0.352040	146.000000
0.352060	146.000000
0.352080	146.000000
0.352100	146.000000
0.352120	147.000000
0.352140	148.000000
0.352160	149.000000
0.352180	148.000000
0.352200	148.000000
0.352220	148.000000
0.352240	149.000000
0.352260	149.000000
0.352280	149.000000
0.352300	147.000000
0.352320	147.000000
0.352340	148.000000
0.352360	149.000000
0.352380	149.000000
0.352400	149.000000
0.352420	149.000000
0.352440	149.000000
0.352460	150.000000
0.352480	149.000000
0.352500	148.000000
0.352520	147.000000
0.352540	147.000000
0.352560	148.000000
0.352580	148.000000
0.352600	147.000000
0.352620	144.000000
0.352640	142.000000
0.352660	141.000000
0.352680	139.000000
0.352700	140.000000
0.352720	143.000000
0.352740	151.000000
0.352760	160.000000
0.352780	168.000000
0.352800	171.000000
0.352820	169.000000
0.352840	163.000000
0.352860	154.000000
0.352880	146.000000
0.352900	140.000000
0.352920	138.000000
0.352940	139.000000
0.352960	139.000000
0.352980	136.000000
0.353000	129.000000
0.353020	121.000000
0.353040	119.000000
0.353060	125.000000
0.353080	138.000000
0.353100	156.000000
0.353120	172.000000
0.353140	181.000000
0.353160	182.000000
0.353180	176.000000
0.353200	166.000000
0.353220	158.000000
0.353240	157.000000
0.353260	160.000000
0.353280	164.000000
0.353300	162.000000
0.353320	153.000000
0.353340	139.000000
0.353360	123.000000
0.353380	108.000000
0.353400	99.000000
0.353420	97.000000
0.353440	102.000000
0.353460	113.000000
0.353480	125.000000
0.353500	137.000000
0.353520	151.000000
0.353540	167.000000
0.353560	185.000000
0.353580	202.000000
0.353600	216.000000
0.353620	222.000000
0.353640	220.000000
0.353660	207.000000
0.353680	185.000000
0.353700	156.000000
0.353720	125.000000
0.353740	96.000000
0.353760	73.000000
0.353780	59.000000
0.353800	53.000000
0.353820	59.000000
0.353840	75.000000
0.353860	101.000000
0.353880	132.000000
0.353900	164.000000
0.353920	192.000000
0.353940	214.000000
0.353960	227.000000
0.353980	230.000000
0.354000	224.000000
0.354020	208.000000
0.354040	186.000000
0.354060	161.000000
0.354080	135.000000
0.354100	111.000000
0.354120	92.000000
0.354140	82.000000
0.354160	80.000000
0.354180	87.000000
0.354200	99.000000
0.354220	117.000000
0.354240	137.000000
0.354260	158.000000
0.354280	176.000000
0.354300	188.000000
0.354320	194.000000
0.354340	194.000000
0.354360	189.000000
0.354380	179.000000
0.354400	167.000000
0.354420	153.000000
0.354440	140.000000
0.354460	129.000000
0.354480	121.000000
0.354500	117.000000
0.354520	117.000000
0.354540	121.000000
0.354560	128.000000
0.354580	136.000000
0.354600	144.000000
0.354620	152.000000
0.354640	159.000000
0.354660	164.000000
0.354680	167.000000
0.354700	167.000000
0.354720	165.000000
0.354740	161.000000
0.354760	157.000000
0.354780	152.000000
0.354800	146.000000
0.354820	142.000000
0.354840	139.000000
0.354860	137.000000
0.354880	137.000000
0.354900	137.000000
0.354920	139.000000
0.354940	142.000000
0.354960	146.000000
0.354980	149.000000
0.355000	151.000000
0.355020	151.000000
0.355040	152.000000
0.355060	153.000000
0.355080	154.000000
0.355100	154.000000
0.355120	154.000000
0.355140	153.000000
0.355160	152.000000
0.355180	151.000000
0.355200	149.000000
0.355220	148.000000
0.355240	147.000000
0.355260	147.000000
0.355280	146.000000
0.355300	145.000000
0.355320	144.000000
0.355340	144.000000
0.355360	145.000000
0.355380	147.000000
0.355400	148.000000
0.355420	148.000000
0.355440	149.000000
0.355460	150.000000
0.355480	151.000000
0.355500	151.000000
0.355520	150.000000
0.355540	149.000000
0.355560	148.000000
0.355580	147.000000
0.355600	146.000000
0.355620	146.000000
0.355640	146.000000
0.355660	147.000000
0.355680	147.000000
0.355700	148.000000
0.355720	147.000000
0.355740	147.000000
0.355760	147.000000
0.355780	147.000000
0.355800	147.000000
0.355820	147.000000
0.355840	146.000000
0.355860	144.000000
0.355880	144.000000
0.355900	145.000000
0.355920	148.000000
0.355940	153.000000
0.355960	157.000000
0.355980	161.000000
0.356000	162.000000
0.356020	159.000000
0.356040	155.000000
0.356060	149.000000
0.356080	144.000000
0.356100	142.000000
0.356120	141.000000
0.356140	142.000000
0.356160	141.000000
0.356180	137.000000
0.356200	131.000000
0.356220	127.000000
0.356240	128.000000
0.356260	135.000000
0.356280	147.000000
0.356300	160.000000
0.356320	169.000000
0.356340	172.000000
0.356360	168.000000
0.356380	161.000000
0.356400	155.000000
0.356420	152.000000
0.356440	153.000000
0.356460	157.000000
0.356480	160.000000
0.356500	157.000000
0.356520	148.000000
0.356540	136.000000
0.356560	123.000000
0.356580	115.000000
0.356600	112.000000
0.356620	115.000000
0.356640	121.000000
0.356660	129.000000
0.356680	138.000000
0.356700	147.000000
0.356720	158.000000
0.356740	170.000000
0.356760	182.000000
0.356780	193.000000
0.356800	200.000000
0.356820	201.000000
0.356840	194.000000
0.356860	180.000000
0.356880	162.000000
0.356900	141.000000
0.356920	121.000000
0.356940	105.000000
0.356960	92.000000
0.356980	85.000000
0.357000	85.000000
0.357020	94.000000
0.357040	109.000000
0.357060	129.000000
0.357080	151.000000
0.357100	172.000000
0.357120	189.000000
0.357140	201.000000
0.357160	206.000000
0.357180	203.000000
0.357200	195.000000
0.357220	181.000000
0.357240	165.000000
0.357260	148.000000
0.357280	130.000000
0.357300	115.000000
0.357320	105.000000
0.357340	103.000000
0.357360	106.000000
0.357380	114.000000
0.357400	125.000000
0.357420	137.000000
0.357440	151.000000
0.357460	163.000000
0.357480	173.000000
0.357500	178.000000
0.357520	179.000000
0.357540	177.000000
0.357560	171.000000
0.357580	164.000000
0.357600	154.000000
0.357620	145.000000
0.357640	137.000000
0.357660	130.000000
0.357680	127.000000
0.357700	125.000000
0.357720	127.000000
0.357740	131.000000
0.357760	137.000000
0.357780	144.000000
0.357800	150.000000
0.357820	156.000000
0.357840	160.000000
0.357860	163.000000
0.357880	164.000000
0.357900	162.000000
0.357920	159.000000
0.357940	155.000000
0.357960	152.000000
0.357980	149.000000
0.358000	147.000000
0.358020	144.000000
0.358040	142.000000
0.358060	141.000000
0.358080	141.000000
0.358100	142.000000
0.358120	142.000000
0.358140	144.000000
0.358160	147.000000
0.358180	150.000000
0.358200	152.000000
0.358220	152.000000
0.358240	152.000000
0.358260	152.000000
0.358280	153.000000
0.358300	153.000000
0.358320	152.000000
0.358340	150.000000
0.358360	148.000000
0.358380	147.000000
0.358400	146.000000
0.358420	145.000000
0.358440	145.000000
0.358460	145.000000
0.358480	145.000000
0.358500	144.000000
0.358520	144.000000
0.358540	144.000000
0.358560	146.000000
0.358580	147.000000
0.358600	149.000000
0.358620	150.000000
0.358640	151.000000
0.358660	152.000000
0.358680	153.000000
0.358700	153.000000
0.358720	151.000000
0.358740	149.000000
0.358760	148.000000
0.358780	146.000000
0.358800	146.000000
0.358820	146.000000
0.358840	146.000000
0.358860	146.000000
0.358880	147.000000
0.358900	148.000000
0.358920	148.000000
0.358940	149.000000
0.358960	149.000000
0.358980	149.000000
0.359000	150.000000
0.359020	149.000000
0.359040	148.000000
0.359060	147.000000
0.359080	147.000000
0.359100	148.000000
0.359120	150.000000
0.359140	152.000000
0.359160	153.000000
0.359180	153.000000
0.359200	151.000000
0.359220	148.000000
0.359240	145.000000
0.359260	143.000000
0.359280	143.000000
0.359300	144.000000
0.359320	146.000000
0.359340	146.000000
0.359360	145.000000
0.359380	142.000000
0.359400	139.000000
0.359420	138.000000
0.359440	140.000000
0.359460	147.000000
0.359480	154.000000
0.359500	161.000000
0.359520	163.000000
0.359540	160.000000
0.359560	155.000000
0.359580	150.000000
0.359600	147.000000
0.359620	148.000000
0.359640	150.000000
0.359660	153.000000
0.359680	153.000000
0.359700	149.000000
0.359720	143.000000
0.359740	136.000000
0.359760	131.000000
0.359780	129.000000
0.359800	131.000000
0.359820	134.000000
0.359840	138.000000
0.359860	143.000000
0.359880	147.000000
0.359900	152.000000
0.359920	158.000000
0.359940	164.000000
0.359960	170.000000
0.359980	175.000000
0.360000	176.000000
0.360020	174.000000
0.360040	167.000000
0.360060	157.000000
0.360080	145.000000
0.360100	133.000000
0.360120	123.000000
0.360140	116.000000
0.360160	114.000000
0.360180	115.000000
0.360200	119.000000
0.360220	127.000000
0.360240	136.000000
0.360260	148.000000
0.360280	159.000000
0.360300	169.000000
0.360320	177.000000
0.360340	180.000000
0.360360	179.000000
0.360380	174.000000
0.360400	166.000000
0.360420	156.000000
0.360440	147.000000
0.360460	138.000000
0.360480	130.000000
0.360500	125.000000
0.360520	124.000000
0.360540	126.000000
0.360560	130.000000
0.360580	136.000000
0.360600	143.000000
0.360620	150.000000
0.360640	157.000000
0.360660	163.000000
0.360680	166.000000
0.360700	167.000000
0.360720	165.000000
0.360740	162.000000
0.360760	157.000000
0.360780	152.000000
0.360800	147.000000
0.360820	143.000000
0.360840	139.000000
0.360860	136.000000
0.360880	135.000000
0.360900	136.000000
0.360920	138.000000
0.360940	141.000000
0.360960	145.000000
0.360980	148.000000
0.361000	151.000000
0.361020	153.000000
0.361040	156.000000
0.361060	158.000000
0.361080	158.000000
0.361100	156.000000
0.361120	153.000000
0.361140	150.000000
0.361160	147.000000
0.361180	145.000000
0.361200	144.000000
0.361220	143.000000
0.361240	143.000000
0.361260	143.000000
0.361280	144.000000
0.361300	144.000000
0.361320	145.000000
0.361340	146.000000
0.361360	147.000000
0.361380	149.000000
0.361400	150.000000
0.361420	152.000000
0.361440	153.000000
0.361460	153.000000
0.361480	153.000000
0.361500	153.000000
0.361520	151.000000
0.361540	150.000000
0.361560	149.000000
0.361580	148.000000
0.361600	147.000000
0.361620	146.000000
0.361640	144.000000
0.361660	143.000000
0.361680	142.000000
0.361700	141.000000
0.361720	142.000000
0.361740	143.000000
0.361760	144.000000
0.361780	146.000000
0.361800	148.000000
0.361820	150.000000
0.361840	152.000000
0.361860	153.000000
0.361880	153.000000
0.361900	153.000000
0.361920	151.000000
0.361940	150.000000
0.361960	148.000000
0.361980	146.000000
0.362000	144.000000
0.362020	144.000000
0.362040	145.000000
0.362060	146.000000
0.362080	147.000000
0.362100	148.000000
0.362120	148.000000
0.362140	149.000000
0.362160	150.000000
0.362180	151.000000
0.362200	151.000000
0.362220	151.000000
0.362240	149.000000
0.362260	149.000000
0.362280	148.000000
0.362300	148.000000
0.362320	149.000000
0.362340	150.000000
0.362360	151.000000
0.362380	150.000000
0.362400	147.000000
0.362420	144.000000
0.362440	142.000000
0.362460	142.000000
0.362480	145.000000
0.362500	148.000000
0.362520	149.000000
0.362540	150.000000
0.362560	148.000000
0.362580	145.000000
0.362600	143.000000
0.362620	144.000000
0.362640	146.000000
0.362660	151.000000
0.362680	154.000000
0.362700	155.000000
0.362720	152.000000
0.362740	148.000000
0.362760	145.000000
0.362780	144.000000
0.362800	146.000000
0.362820	150.000000
0.362840	152.000000
0.362860	153.000000
0.362880	151.000000
0.362900	148.000000
0.362920	143.000000
0.362940	139.000000
0.362960	137.000000
0.362980	139.000000
0.363000	143.000000
0.363020	147.000000
0.363040	149.000000
0.363060	150.000000
0.363080	150.000000
0.363100	152.000000
0.363120	154.000000
0.363140	156.000000
0.363160	158.000000
0.363180	158.000000
0.363200	157.000000
0.363220	153.000000
0.363240	149.000000
0.363260	143.000000
0.363280	137.000000
0.363300	133.000000
0.363320	131.000000
0.363340	132.000000
0.363360	135.000000
0.363380	139.000000
0.363400	144.000000
0.363420	149.000000
0.363440	154.000000
0.363460	158.000000
0.363480	161.000000
0.363500	163.000000
0.363520	163.000000
0.363540	161.000000
0.363560	157.000000
0.363580	152.000000
0.363600	147.000000
0.363620	142.000000
0.363640	138.000000
0.363660	135.000000
0.363680	134.000000
0.363700	135.000000
0.363720	138.000000
0.363740	141.000000
0.363760	145.000000
0.363780	149.000000
0.363800	152.000000
0.363820	155.000000
0.363840	157.000000
0.363860	158.000000
0.363880	158.000000
0.363900	156.000000
0.363920	154.000000
0.363940	151.000000
0.363960	148.000000
0.363980	145.000000
0.364000	142.000000
0.364020	140.000000
0.364040	139.000000
0.364060	140.000000
0.364080	141.000000
0.364100	143.000000
0.364120	145.000000
0.364140	147.000000
0.364160	150.000000
0.364180	151.000000
0.364200	152.000000
0.364220	152.000000
0.364240	151.000000
0.364260	151.000000
0.364280	149.000000
0.364300	148.000000
0.364320	148.000000
0.364340	147.000000
0.364360	148.000000
0.364380	147.000000
0.364400	147.000000
0.364420	146.000000
0.364440	146.000000
0.364460	146.000000
0.364480	146.000000
0.364500	146.000000
0.364520	147.000000
0.364540	147.000000
0.364560	148.000000
0.364580	149.000000
0.364600	150.000000
0.364620	151.000000
0.364640	151.000000
0.364660	151.000000
0.364680	150.000000
0.364700	150.000000
0.364720	149.000000
0.364740	148.000000
0.364760	147.000000
0.364780	146.000000
0.364800	145.000000
0.364820	145.000000
0.364840	145.000000
0.364860	145.000000
0.364880	144.000000
0.364900	144.000000
0.364920	144.000000
0.364940	144.000000
0.364960	146.000000
0.364980	148.000000
0.365000	150.000000
0.365020	152.000000
0.365040	153.000000
0.365060	153.000000
0.365080	153.000000
0.365100	152.000000
0.365120	151.000000
0.365140	149.000000
0.365160	147.000000
0.365180	145.000000
0.365200	144.000000
0.365220	143.000000
0.365240	143.000000
0.365260	143.000000
0.365280	145.000000
0.365300	146.000000
0.365320	149.000000
0.365340	151.000000
0.365360	152.000000
0.365380	151.000000
0.365400	151.000000
0.365420	150.000000
0.365440	150.000000
0.365460	150.000000
0.365480	150.000000
0.365500	150.000000
0.365520	149.000000
0.365540	149.000000
0.365560	148.000000
0.365580	146.000000
0.365600	144.000000
0.365620	142.000000
0.365640	143.000000
0.365660	146.000000
0.365680	149.000000
0.365700	151.000000
0.365720	152.000000
0.365740	151.000000
0.365760	148.000000
0.365780	147.000000
0.365800	147.000000
0.365820	149.000000
0.365840	153.000000
0.365860	154.000000
0.365880	153.000000
0.365900	150.000000
0.365920	146.000000
0.365940	143.000000
0.365960	142.000000
0.365980	144.000000
0.366000	146.000000
0.366020	148.000000
0.366040	150.000000
0.366060	149.000000
0.366080	147.000000
0.366100	144.000000
0.366120	141.000000
0.366140	140.000000
0.366160	142.000000
0.366180	145.000000
0.366200	148.000000
0.366220	151.000000
0.366240	153.000000
0.366260	154.000000
0.366280	153.000000
0.366300	153.000000
0.366320	153.000000
0.366340	153.000000
0.366360	152.000000
0.366380	150.000000
0.366400	147.000000
0.366420	143.000000
0.366440	139.000000
0.366460	137.000000
0.366480	137.000000
0.366500	137.000000
0.366520	139.000000
0.366540	143.000000
0.366560	147.000000
0.366580	152.000000
0.366600	157.000000
0.366620	161.000000
0.366640	164.000000
0.366660	163.000000
0.366680	161.000000
0.366700	157.000000
0.366720	152.000000
0.366740	148.000000
0.366760	144.000000
0.366780	140.000000
0.366800	137.000000
0.366820	135.000000
0.366840	136.000000
0.366860	139.000000
0.366880	142.000000
0.366900	146.000000
0.366920	149.000000
0.366940	151.000000
0.366960	154.000000
0.366980	156.000000
0.367000	158.000000
0.367020	158.000000
0.367040	158.000000
0.367060	156.000000
0.367080	153.000000
0.367100	148.000000
0.367120	144.000000
0.367140	142.000000
0.367160	141.000000
0.367180	142.000000
0.367200	142.000000
0.367220	143.000000
0.367240	144.000000
0.367260	145.000000
0.367280	146.000000
0.367300	148.000000
0.367320	149.000000
0.367340	151.000000
0.367360	151.000000
0.367380	151.000000
0.367400	151.000000
0.367420	151.000000
0.367440	150.000000
0.367460	150.000000
0.367480	149.000000
0.367500	148.000000
0.367520	146.000000
0.367540	145.000000
0.367560	145.000000
0.367580	145.000000
0.367600	146.000000
0.367620	146.000000
0.367640	146.000000
0.367660	145.000000
0.367680	146.000000
0.367700	146.000000
0.367720	147.000000
0.367740	148.000000
0.367760	149.000000
0.367780	149.000000
0.367800	149.000000
0.367820	148.000000
0.367840	149.000000
0.367860	149.000000
0.367880	150.000000
0.367900	150.000000
0.367920	149.000000
0.367940	148.000000
0.367960	148.000000
0.367980	148.000000
0.368000	148.000000
0.368020	147.000000
0.368040	146.000000
0.368060	145.000000
0.368080	145.000000
0.368100	146.000000
0.368120	147.000000
0.368140	147.000000
0.368160	147.000000
0.368180	148.000000
0.368200	149.000000
0.368220	151.000000
0.368240	152.000000
0.368260	152.000000
0.368280	151.000000
0.368300	150.000000
0.368320	148.000000
0.368340	146.000000
0.368360	144.000000
0.368380	143.000000
0.368400	143.000000
0.368420	144.000000
0.368440	144.000000
0.368460	145.000000
0.368480	145.000000
0.368500	146.000000
0.368520	148.000000
0.368540	150.000000
0.368560	151.000000
0.368580	152.000000
0.368600	151.000000
0.368620	150.000000
0.368640	150.000000
0.368660	149.000000
0.368680	149.000000
0.368700	148.000000
0.368720	147.000000
0.368740	146.000000
0.368760	144.000000
0.368780	142.000000
0.368800	141.000000
0.368820	142.000000
0.368840	144.000000
0.368860	148.000000
0.368880	151.000000
0.368900	153.000000
0.368920	153.000000
0.368940	152.000000
0.368960	150.000000
0.368980	149.000000
0.369000	150.000000
0.369020	153.000000
0.369040	155.000000
0.369060	155.000000
0.369080	153.000000
0.369100	148.000000
0.369120	143.000000
0.369140	140.000000
0.369160	140.000000
0.369180	143.000000
0.369200	146.000000
0.369220	149.000000
0.369240	149.000000
0.369260	148.000000
0.369280	146.000000
0.369300	144.000000
0.369320	143.000000
0.369340	145.000000
0.369360	148.000000
0.369380	152.000000
0.369400	155.000000
0.369420	156.000000
0.369440	157.000000
0.369460	156.000000
0.369480	154.000000
0.369500	153.000000
0.369520	151.000000
0.369540	148.000000
0.369560	146.000000
0.369580	143.000000
0.369600	140.000000
0.369620	136.000000
0.369640	133.000000
0.369660	132.000000
0.369680	134.000000
0.369700	139.000000
0.369720	145.000000
0.369740	151.000000
0.369760	156.000000
0.369780	160.000000
0.369800	163.000000
0.369820	164.000000
0.369840	163.000000
0.369860	160.000000
0.369880	155.000000
0.369900	150.000000
0.369920	145.000000
0.369940	140.000000
0.369960	136.000000
0.369980	133.000000
0.370000	132.000000
0.370020	134.000000
0.370040	137.000000
0.370060	142.000000
0.370080	146.000000
0.370100	150.000000
0.370120	154.000000
0.370140	157.000000
0.370160	159.000000
0.370180	160.000000
0.370200	159.000000
0.370220	157.000000
0.370240	154.000000
0.370260	151.000000
0.370280	149.000000
0.370300	146.000000
0.370320	144.000000
0.370340	142.000000
0.370360	141.000000
0.370380	141.000000
0.370400	142.000000
0.370420	143.000000
0.370440	145.000000
0.370460	147.000000
0.370480	149.000000
0.370500	151.000000
0.370520	152.000000
0.370540	152.000000
0.370560	151.000000
0.370580	150.000000
0.370600	150.000000
0.370620	149.000000
0.370640	149.000000
0.370660	148.000000
0.370680	147.000000
0.370700	146.000000
0.370720	146.000000
0.370740	146.000000
0.370760	146.000000
0.370780	146.000000
0.370800	147.000000
0.370820	148.000000
0.370840	148.000000
0.370860	147.000000
0.370880	146.000000
0.370900	146.000000
0.370920	147.000000
0.370940	149.000000
0.370960	149.000000
0.370980	149.000000
0.371000	149.000000
0.371020	149.000000
0.371040	150.000000
0.371060	150.000000
0.371080	150.000000
0.371100	149.000000
0.371120	148.000000
0.371140	148.000000
0.371160	148.000000
0.371180	147.000000
0.371200	146.000000
0.371220	146.000000
0.371240	146.000000
0.371260	146.000000
0.371280	146.000000
0.371300	145.000000
0.371320	145.000000
0.371340	147.000000
0.371360	149.000000
0.371380	150.000000
0.371400	151.000000
0.371420	152.000000
0.371440	152.000000
0.371460	151.000000
0.371480	150.000000
0.371500	148.000000
0.371520	147.000000
0.371540	146.000000
0.371560	146.000000
0.371580	145.000000
0.371600	144.000000
0.371620	143.000000
0.371640	144.000000
0.371660	145.000000
0.371680	147.000000
0.371700	149.000000
0.371720	150.000000
0.371740	151.000000
0.371760	152.000000
0.371780	153.000000
0.371800	153.000000
0.371820	152.000000
0.371840	151.000000
0.371860	149.000000
0.371880	147.000000
0.371900	146.000000
0.371920	145.000000
0.371940	144.000000
0.371960	143.000000
0.371980	141.000000
0.372000	141.000000
0.372020	142.000000
0.372040	145.000000
0.372060	149.000000
0.372080	152.000000
0.372100	153.000000
0.372120	152.000000
0.372140	151.000000
0.372160	151.000000
0.372180	151.000000
0.372200	152.000000
0.372220	153.000000
0.372240	153.000000
0.372260	152.000000
0.372280	149.000000
0.372300	144.000000
0.372320	140.000000
0.372340	138.000000
0.372360	140.000000
0.372380	143.000000
0.372400	146.000000
0.372420	147.000000
0.372440	146.000000
0.372460	145.000000
0.372480	144.000000
0.372500	144.000000
0.372520	146.000000
0.372540	149.000000
0.372560	152.000000
0.372580	155.000000
0.372600	156.000000
0.372620	155.000000
0.372640	154.000000
0.372660	153.000000
0.372680	153.000000
0.372700	152.000000
0.372720	149.000000
0.372740	146.000000
0.372760	142.000000
0.372780	138.000000
0.372800	135.000000
0.372820	133.000000
0.372840	133.000000
0.372860	135.000000
0.372880	140.000000
0.372900	145.000000
0.372920	151.000000
0.372940	156.000000
0.372960	161.000000
0.372980	165.000000
0.373000	166.000000
0.373020	165.000000
0.373040	162.000000
0.373060	157.000000
0.373080	153.000000
0.373100	148.000000
0.373120	143.000000
0.373140	138.000000
0.373160	134.000000
0.373180	132.000000
0.373200	133.000000
0.373220	135.000000
0.373240	138.000000
0.373260	142.000000
0.373280	146.000000
0.373300	151.000000
0.373320	155.000000
0.373340	159.000000
0.373360	160.000000
0.373380	159.000000
0.373400	157.000000
0.373420	154.000000
0.373440	151.000000
0.373460	148.000000
0.373480	146.000000
0.373500	144.000000
0.373520	143.000000
0.373540	143.000000
0.373560	143.000000
0.373580	144.000000
0.373600	145.000000
0.373620	146.000000
0.373640	147.000000
0.373660	148.000000
0.373680	150.000000
0.373700	152.000000
0.373720	154.000000
0.373740	154.000000
0.373760	153.000000
0.373780	151.000000
0.373800	150.000000
0.373820	149.000000
0.373840	149.000000
0.373860	148.000000
0.373880	146.000000
0.373900	145.000000
0.373920	145.000000
0.373940	146.000000
0.373960	146.000000
0.373980	147.000000
0.374000	146.000000
0.374020	147.000000
0.374040	147.000000
0.374060	149.000000
0.374080	149.000000
0.374100	149.000000
0.374120	149.000000
0.374140	149.000000
0.374160	149.000000
0.374180	149.000000
0.374200	150.000000
0.374220	149.000000
0.374240	148.000000
0.374260	148.000000
0.374280	148.000000
0.374300	148.000000
0.374320	148.000000
0.374340	148.000000
0.374360	148.000000
0.374380	147.000000
0.374400	145.000000
0.374420	144.000000
0.374440	144.000000
0.374460	144.000000
0.374480	145.000000
0.374500	146.000000
0.374520	147.000000
0.374540	148.000000
0.374560	150.000000
0.374580	151.000000
0.374600	151.000000
0.374620	151.000000
0.374640	151.000000
0.374660	150.000000
0.374680	149.000000
0.374700	148.000000
0.374720	146.000000
0.374740	145.000000
0.374760	144.000000
0.374780	144.000000
0.374800	143.000000
0.374820	143.000000
0.374840	144.000000
0.374860	146.000000
0.374880	148.000000
0.374900	149.000000
0.374920	151.000000
0.374940	152.000000
0.374960	153.000000
0.374980	153.000000
0.375000	152.000000
0.375020	151.000000
0.375040	149.000000
0.375060	148.000000
0.375080	147.000000
0.375100	147.000000
0.375120	146.000000
0.375140	144.000000
0.375160	142.000000
0.375180	141.000000
0.375200	141.000000
0.375220	142.000000
0.375240	146.000000
0.375260	149.000000
0.375280	151.000000
0.375300	152.000000
0.375320	151.000000
0.375340	151.000000
0.375360	151.000000
0.375380	152.000000
0.375400	153.000000
0.375420	153.000000
0.375440	152.000000
0.375460	149.000000
0.375480	147.000000
0.375500	144.000000
0.375520	142.000000
0.375540	141.000000
0.375560	142.000000
0.375580	144.000000
0.375600	146.000000
0.375620	147.000000
0.375640	146.000000
0.375660	145.000000
0.375680	145.000000
0.375700	146.000000
0.375720	147.000000
0.375740	150.000000
0.375760	152.000000
0.375780	155.000000
0.375800	155.000000
0.375820	155.000000
0.375840	154.000000
0.375860	153.000000
0.375880	152.000000
0.375900	150.000000
0.375920	148.000000
0.375940	145.000000
0.375960	141.000000
0.375980	138.000000
0.376000	135.000000
0.376020	134.000000
0.376040	133.000000
0.376060	135.000000
0.376080	140.000000
0.376100	145.000000
0.376120	151.000000
0.376140	156.000000
0.376160	160.000000
0.376180	162.000000
0.376200	163.000000
0.376220	162.000000
0.376240	161.000000
0.376260	157.000000
0.376280	152.000000
0.376300	146.000000
0.376320	141.000000
0.376340	137.000000
0.376360	134.000000
0.376380	133.000000
0.376400	133.000000
0.376420	135.000000
0.376440	139.000000
0.376460	144.000000
0.376480	149.000000
0.376500	153.000000
0.376520	155.000000
0.376540	156.000000
0.376560	157.000000
0.376580	157.000000
0.376600	157.000000
0.376620	155.000000
0.376640	152.000000
0.376660	148.000000
0.376680	146.000000
0.376700	144.000000
0.376720	143.000000
0.376740	142.000000
0.376760	142.000000
0.376780	143.000000
0.376800	144.000000
0.376820	147.000000
0.376840	149.000000
0.376860	151.000000
0.376880	152.000000
0.376900	152.000000
0.376920	152.000000
0.376940	151.000000
0.376960	150.000000
0.376980	150.000000
0.377000	150.000000
0.377020	150.000000
0.377040	148.000000
0.377060	147.000000
0.377080	145.000000
0.377100	144.000000
0.377120	144.000000
0.377140	145.000000
0.377160	146.000000
0.377180	146.000000
0.377200	146.000000
0.377220	146.000000
0.377240	147.000000
0.377260	147.000000
0.377280	147.000000
0.377300	147.000000
0.377320	147.000000
0.377340	147.000000
0.377360	149.000000
0.377380	149.000000
0.377400	150.000000
0.377420	149.000000
0.377440	148.000000
0.377460	147.000000
0.377480	147.000000
0.377500	147.000000
0.377520	147.000000
0.377540	147.000000
0.377560	147.000000
0.377580	146.000000
0.377600	145.000000
0.377620	143.000000
0.377640	143.000000
0.377660	144.000000
0.377680	146.000000
0.377700	148.000000
0.377720	149.000000
0.377740	150.000000
0.377760	151.000000
0.377780	153.000000
0.377800	154.000000
0.377820	154.000000
0.377840	153.000000
0.377860	151.000000
0.377880	148.000000
0.377900	145.000000
0.377920	143.000000
0.377940	141.000000
0.377960	141.000000
0.377980	141.000000
0.378000	142.000000
0.378020	144.000000
0.378040	146.000000
0.378060	148.000000
0.378080	150.000000
0.378100	151.000000
0.378120	152.000000
0.378140	153.000000
0.378160	153.000000
0.378180	152.000000
0.378200	151.000000
0.378220	149.000000
0.378240	148.000000
0.378260	147.000000
0.378280	146.000000
0.378300	145.000000
0.378320	144.000000
0.378340	143.000000
0.378360	143.000000
0.378380	143.000000
0.378400	145.000000
0.378420	146.000000
0.378440	148.000000
0.378460	150.000000
0.378480	151.000000
0.378500	152.000000
0.378520	151.000000
0.378540	149.000000
0.378560	149.000000
0.378580	150.000000
0.378600	151.000000
0.378620	152.000000
0.378640	151.000000
0.378660	149.000000
0.378680	146.000000
0.378700	144.000000
0.378720	143.000000
0.378740	143.000000
0.378760	144.000000
0.378780	146.000000
0.378800	148.000000
0.378820	148.000000
0.378840	147.000000
0.378860	145.000000
0.378880	144.000000
0.378900	145.000000
0.378920	147.000000
0.378940	149.000000
0.378960	151.000000
0.378980	153.000000
0.379000	154.000000
0.379020	155.000000
0.379040	154.000000
0.379060	153.000000
0.379080	151.000000
0.379100	150.000000
0.379120	147.000000
0.379140	144.000000
0.379160	141.000000
0.379180	138.000000
0.379200	136.000000
0.379220	136.000000
0.379240	137.000000
0.379260	140.000000
0.379280	143.000000
0.379300	147.000000
0.379320	152.000000
0.379340	156.000000
0.379360	159.000000
0.379380	160.000000
0.379400	160.000000
0.379420	159.000000
0.379440	156.000000
0.379460	153.000000
0.379480	149.000000
0.379500	145.000000
0.379520	142.000000
0.379540	139.000000
0.379560	137.000000
0.379580	137.000000
0.379600	138.000000
0.379620	141.000000
0.379640	144.000000
0.379660	147.000000
0.379680	150.000000
0.379700	152.000000
0.379720	153.000000
0.379740	153.000000
0.379760	152.000000
0.379780	152.000000
0.379800	152.000000
0.379820	152.000000
0.379840	150.000000
0.379860	147.000000
0.379880	146.000000
0.379900	145.000000
0.379920	146.000000
0.379940	146.000000
0.379960	146.000000
0.379980	145.000000
0.380000	145.000000
0.380020	146.000000
0.380040	147.000000
0.380060	148.000000
0.380080	149.000000
0.380100	150.000000
0.380120	150.000000
0.380140	151.000000
0.380160	150.000000
0.380180	149.000000
0.380200	149.000000
0.380220	148.000000
0.380240	148.000000
0.380260	147.000000
0.380280	147.000000
0.380300	146.000000
0.380320	145.000000
0.380340	146.000000
0.380360	146.000000
0.380380	147.000000
0.380400	147.000000
0.380420	147.000000
0.380440	146.000000
0.380460	147.000000
0.380480	147.000000
0.380500	149.000000
0.380520	150.000000
0.380540	150.000000
0.380560	150.000000
0.380580	150.000000
0.380600	151.000000
0.380620	150.000000
0.380640	150.000000
0.380660	148.000000
0.380680	147.000000
0.380700	147.000000
0.380720	147.000000
0.380740	147.000000
0.380760	146.000000
0.380780	145.000000
0.380800	144.000000
0.380820	145.000000
0.380840	146.000000
0.380860	147.000000
0.380880	148.000000
0.380900	149.000000
0.380920	150.000000
0.380940	151.000000
0.380960	151.000000
0.380980	150.000000
0.381000	150.000000
0.381020	150.000000
0.381040	149.000000
0.381060	147.000000
0.381080	144.000000
0.381100	142.000000
0.381120	141.000000
0.381140	141.000000
0.381160	141.000000
0.381180	141.000000
0.381200	141.000000
0.381220	142.000000
0.381240	145.000000
0.381260	148.000000
0.381280	151.000000
0.381300	152.000000
0.381320	154.000000
0.381340	154.000000
0.381360	154.000000
0.381380	153.000000
0.381400	151.000000
0.381420	148.000000
0.381440	145.000000
0.381460	144.000000
0.381480	143.000000
0.381500	143.000000
0.381520	143.000000
0.381540	142.000000
0.381560	142.000000
0.381580	143.000000
0.381600	145.000000
0.381620	148.000000
0.381640	151.000000
0.381660	152.000000
0.381680	152.000000
0.381700	151.000000
0.381720	151.000000
0.381740	151.000000
0.381760	151.000000
0.381780	151.000000
0.381800	151.000000
0.381820	151.000000
0.381840	150.000000
0.381860	149.000000
0.381880	146.000000
0.381900	143.000000
0.381920	141.000000
0.381940	141.000000
0.381960	142.000000
0.381980	144.000000
0.382000	146.000000
0.382020	146.000000
0.382040	146.000000
0.382060	145.000000
0.382080	146.000000
0.382100	147.000000
0.382120	149.000000
0.382140	152.000000
0.382160	154.000000
0.382180	154.000000
0.382200	154.000000
0.382220	153.000000
0.382240	152.000000
0.382260	150.000000
0.382280	148.000000
0.382300	146.000000
0.382320	143.000000
0.382340	141.000000
0.382360	140.000000
0.382380	140.000000
0.382400	139.000000
0.382420	139.000000
0.382440	140.000000
0.382460	142.000000
0.382480	146.000000
0.382500	150.000000
0.382520	153.000000
0.382540	155.000000
0.382560	156.000000
0.382580	157.000000
0.382600	157.000000
0.382620	157.000000
0.382640	155.000000
0.382660	151.000000
0.382680	147.000000
0.382700	144.000000
0.382720	142.000000
0.382740	142.000000
0.382760	142.000000
0.382780	142.000000
0.382800	143.000000
0.382820	145.000000
0.382840	148.000000
0.382860	150.000000
0.382880	151.000000
0.382900	152.000000
0.382920	153.000000
0.382940	153.000000
0.382960	153.000000
0.382980	152.000000
0.383000	150.000000
0.383020	149.000000
0.383040	148.000000
0.383060	147.000000
0.383080	146.000000
0.383100	145.000000
0.383120	144.000000
0.383140	145.000000
0.383160	145.000000
0.383180	145.000000
0.383200	145.000000
0.383220	146.000000
0.383240	147.000000
0.383260	148.000000
0.383280	149.000000
0.383300	150.000000
0.383320	150.000000
0.383340	150.000000
0.383360	149.000000
0.383380	148.000000
0.383400	147.000000
0.383420	146.000000
0.383440	145.000000
0.383460	145.000000
0.383480	145.000000
0.383500	145.000000
0.383520	145.000000
0.383540	145.000000
0.383560	145.000000
0.383580	145.000000
0.383600	146.000000
0.383620	147.000000
0.383640	148.000000
0.383660	149.000000
0.383680	149.000000
0.383700	149.000000
0.383720	149.000000
0.383740	150.000000
0.383760	150.000000
0.383780	151.000000
0.383800	151.000000
0.383820	151.000000
0.383840	150.000000
0.383860	148.000000
0.383880	146.000000
0.383900	145.000000
0.383920	145.000000
0.383940	146.000000
0.383960	146.000000
0.383980	146.000000
0.384000	145.000000
0.384020	145.000000
0.384040	146.000000
0.384060	147.000000
0.384080	149.000000
0.384100	151.000000
0.384120	151.000000
0.384140	152.000000
0.384160	151.000000
0.384180	151.000000
0.384200	151.000000
0.384220	151.000000
0.384240	149.000000
0.384260	148.000000
0.384280	146.000000
0.384300	144.000000
0.384320	143.000000
0.384340	142.000000
0.384360	141.000000
0.384380	142.000000
0.384400	144.000000
0.384420	146.000000
0.384440	148.000000
0.384460	149.000000
0.384480	150.000000
0.384500	151.000000
0.384520	154.000000
0.384540	155.000000
0.384560	156.000000
0.384580	154.000000
0.384600	152.000000
0.384620	150.000000
0.384640	148.000000
0.384660	146.000000
0.384680	144.000000
0.384700	143.000000
0.384720	142.000000
0.384740	141.000000
0.384760	142.000000
0.384780	143.000000
0.384800	146.000000
0.384820	148.000000
0.384840	150.000000
0.384860	149.000000
0.384880	149.000000
0.384900	149.000000
0.384920	149.000000
0.384940	150.000000
0.384960	150.000000
0.384980	150.000000
0.385000	149.000000
0.385020	149.000000
0.385040	149.000000
0.385060	147.000000
0.385080	146.000000
0.385100	145.000000
0.385120	145.000000
0.385140	146.000000
0.385160	147.000000
0.385180	148.000000
0.385200	149.000000
0.385220	149.000000
0.385240	147.000000
0.385260	146.000000
0.385280	145.000000
0.385300	145.000000
0.385320	147.000000
0.385340	150.000000
0.385360	152.000000
0.385380	153.000000
0.385400	153.000000
0.385420	153.000000
0.385440	152.000000
0.385460	151.000000
0.385480	150.000000
0.385500	148.000000
0.385520	147.000000
0.385540	146.000000
0.385560	144.000000
0.385580	142.000000
0.385600	141.000000
0.385620	141.000000
0.385640	143.000000
0.385660	145.000000
0.385680	146.000000
0.385700	149.000000
0.385720	152.000000
0.385740	154.000000
0.385760	155.000000
0.385780	155.000000
0.385800	154.000000
0.385820	154.000000
0.385840	153.000000
0.385860	150.000000
0.385880	147.000000
0.385900	145.000000
0.385920	146.000000
0.385940	147.000000
0.385960	143.000000
0.385980	132.000000
