0.346000	102.000000
0.346020	59.000000
0.346040	122.000000
0.346060	169.000000
0.346080	173.000000
0.346100	150.000000
0.346120	135.000000
0.346140	142.000000
0.346160	156.000000
0.346180	158.000000
0.346200	147.000000
0.346220	138.000000
0.346240	141.000000
0.346260	150.000000
0.346280	153.000000
0.346300	147.000000
0.346320	143.000000
0.346340	146.000000
0.346360	152.000000
0.346380	153.000000
0.346400	148.000000
0.346420	144.000000
0.346440	147.000000
0.346460	153.000000
0.346480	154.000000
0.346500	150.000000
0.346520	146.000000
0.346540	147.000000
0.346560	151.000000
0.346580	152.000000
0.346600	148.000000
0.346620	145.000000
0.346640	145.000000
0.346660	149.000000
0.346680	150.000000
0.346700	148.000000
0.346720	145.000000
0.346740	146.000000
0.346760	150.000000
0.346780	151.000000
0.346800	149.000000
0.346820	147.000000
0.346840	147.000000
0.346860	150.000000
0.346880	151.000000
0.346900	149.000000
0.346920	146.000000
0.346940	146.000000
0.346960	148.000000
0.346980	149.000000
0.347000	148.000000
0.347020	147.000000
0.347040	148.000000
0.347060	150.000000
0.347080	150.000000
0.347100	148.000000
0.347120	147.000000
0.347140	149.000000
0.347160	151.000000
0.347180	151.000000
0.347200	149.000000
0.347220	146.000000
0.347240	146.000000
0.347260	148.000000
0.347280	149.000000
0.347300	149.000000
0.347320	148.000000
0.347340	148.000000
0.347360	150.000000
0.347380	150.000000
0.347400	149.000000
0.347420	148.000000
0.347440	149.000000
0.347460	151.000000
0.347480	151.000000
0.347500	149.000000
0.347520	148.000000
0.347540	148.000000
0.347560	149.000000
0.347580	149.000000
0.347600	146.000000
0.347620	145.000000
0.347640	145.000000
0.347660	147.000000
0.347680	147.000000
0.347700	146.000000
0.347720	145.000000
0.347740	146.000000
0.347760	148.000000
0.347780	149.000000
0.347800	149.000000
0.347820	148.000000
0.347840	149.000000
0.347860	150.000000
0.347880	151.000000
0.347900	150.000000
0.347920	149.000000
0.347940	149.000000
0.347960	149.000000
0.347980	148.000000
0.348000	147.000000
0.348020	145.000000
0.348040	145.000000
0.348060	146.000000
0.348080	147.000000
0.348100	147.000000
0.348120	146.000000
0.348140	147.000000
0.348160	148.000000
0.348180	149.000000
0.348200	149.000000
0.348220	149.000000
0.348240	149.000000
0.348260	150.000000
0.348280	150.000000
0.348300	148.000000
0.348320	146.000000
0.348340	146.000000
0.348360	146.000000
0.348380	147.000000
0.348400	148.000000
0.348420	148.000000
0.348440	149.000000
0.348460	149.000000
0.348480	149.000000
0.348500	148.000000
0.348520	148.000000
0.348540	148.000000
0.348560	149.000000
0.348580	149.000000
0.348600	148.000000
0.348620	147.000000
0.348640	147.000000
0.348660	148.000000
0.348680	148.000000
0.348700	147.000000
0.348720	147.000000
0.348740	147.000000
0.348760	148.000000
0.348780	148.000000
0.348800	148.000000
0.348820	149.000000
0.348840	150.000000
0.348860	151.000000
0.348880	150.000000
0.348900	150.000000
0.348920	149.000000
0.348940	149.000000
0.348960	149.000000
0.348980	149.000000
0.349000	147.000000
0.349020	147.000000
0.349040	147.000000
0.349060	147.000000
0.349080	147.000000
0.349100	147.000000
0.349120	146.000000
0.349140	147.000000
0.349160	148.000000
0.349180	148.000000
0.349200	148.000000
0.349220	149.000000
0.349240	150.000000
0.349260	152.000000
0.349280	152.000000
0.349300	151.000000
0.349320	149.000000
0.349340	148.000000
0.349360	148.000000
0.349380	148.000000
0.349400	147.000000
0.349420	146.000000
0.349440	145.000000
0.349460	144.000000
0.349480	142.000000
0.349500	140.000000
0.349520	141.000000
0.349540	146.000000
0.349560	155.000000
0.349580	164.000000
0.349600	171.000000
0.349620	174.000000
0.349640	171.000000
0.349660	162.000000
0.349680	152.000000
0.349700	142.000000
0.349720	138.000000
0.349740	137.000000
0.349760	138.000000
0.349780	136.000000
0.349800	130.000000
0.349820	122.000000
0.349840	117.000000
0.349860	119.000000
0.349880	129.000000
0.349900	147.000000
0.349920	165.000000
0.349940	179.000000
0.349960	184.000000
0.349980	179.000000
0.350000	170.000000
0.350020	162.000000
0.350040	159.000000
0.350060	161.000000
0.350080	164.000000
0.350100	164.000000
0.350120	158.000000
0.350140	146.000000
0.350160	130.000000
0.350180	114.000000
0.350200	102.000000
0.350220	97.000000
0.350240	99.000000
0.350260	107.000000
0.350280	118.000000
0.350300	130.000000
0.350320	144.000000
0.350340	160.000000
0.350360	178.000000
0.350380	196.000000
0.350400	211.000000
0.350420	221.000000
0.350440	224.000000
0.350460	216.000000
0.350480	198.000000
0.350500	171.000000
0.350520	140.000000
0.350540	111.000000
0.350560	85.000000
0.350580	65.000000
0.350600	53.000000
0.350620	52.000000
0.350640	63.000000
0.350660	86.000000
0.350680	115.000000
0.350700	147.000000
0.350720	178.000000
0.350740	205.000000
0.350760	223.000000
0.350780	232.000000
0.350800	229.000000
0.350820	217.000000
0.350840	198.000000
0.350860	175.000000
0.350880	149.000000
0.350900	123.000000
0.350920	100.000000
0.350940	85.000000
0.350960	78.000000
0.350980	80.000000
0.351000	91.000000
0.351020	107.000000
0.351040	128.000000
0.351060	149.000000
0.351080	168.000000
0.351100	183.000000
0.351120	192.000000
0.351140	195.000000
0.351160	192.000000
0.351180	184.000000
0.351200	172.000000
0.351220	158.000000
0.351240	145.000000
0.351260	134.000000
0.351280	125.000000
0.351300	118.000000
0.351320	116.000000
0.351340	118.000000
0.351360	124.000000
0.351380	130.000000
0.351400	138.000000
0.351420	145.000000
0.351440	153.000000
0.351460	160.000000
0.351480	165.000000
0.351500	166.000000
0.351520	165.000000
0.351540	161.000000
0.351560	158.000000
0.351580	153.000000
0.351600	148.000000
0.351620	143.000000
0.351640	139.000000
0.351660	138.000000
0.351680	137.000000
0.351700	138.000000
0.351720	140.000000
0.351740	143.000000
0.351760	146.000000
0.351780	148.000000
0.351800	149.000000
0.351820	149.000000
0.351840	151.000000
0.351860	153.000000
0.351880	154.000000
0.351900	153.000000
0.351920	153.000000
0.351940	152.000000
0.351960	151.000000
0.351980	150.000000
0.352000	148.000000
0.352020	146.000000
0.352040	145.000000
0.352060	145.000000
0.352080	145.000000
0.352100	146.000000
0.352120	146.000000
0.352140	147.000000
0.352160	148.000000
0.352180	149.000000
0.352200	149.000000
0.352220	149.000000
0.352240	150.000000
0.352260	150.000000
0.352280	150.000000
0.352300	149.000000
0.352320	148.000000
0.352340	148.000000
0.352360	148.000000
0.352380	148.000000
0.352400	148.000000
0.352420	148.000000
0.352440	149.000000
0.352460	150.000000
0.352480	150.000000
0.352500	149.000000
0.352520	148.000000
0.352540	148.000000
0.352560	148.000000
0.352580	149.000000
0.352600	148.000000
0.352620	146.000000
0.352640	144.000000
0.352660	143.000000
0.352680	142.000000
0.352700	143.000000
0.352720	146.000000
0.352740	151.000000
0.352760	159.000000
0.352780	165.000000
0.352800	168.000000
0.352820	167.000000
0.352840	160.000000
0.352860	152.000000
0.352880	143.000000
0.352900	137.000000
0.352920	136.000000
0.352940	137.000000
0.352960	138.000000
0.352980	136.000000
0.353000	129.000000
0.353020	123.000000
0.353040	120.000000
0.353060	126.000000
0.353080	139.000000
0.353100	156.000000
0.353120	171.000000
0.353140	181.000000
0.353160	182.000000
0.353180	176.000000
0.353200	167.000000
0.353220	160.000000
0.353240	159.000000
0.353260	162.000000
0.353280	165.000000
0.353300	162.000000
0.353320	153.000000
0.353340	138.000000
0.353360	122.000000
0.353380	109.000000
0.353400	100.000000
0.353420	99.000000
0.353440	103.000000
0.353460	113.000000
0.353480	124.000000
0.353500	137.000000
0.353520	151.000000
0.353540	167.000000
0.353560	184.000000
0.353580	202.000000
0.353600	215.000000
0.353620	222.000000
0.353640	219.000000
0.353660	206.000000
0.353680	185.000000
0.353700	157.000000
0.353720	126.000000
0.353740	98.000000
0.353760	75.000000
0.353780	61.000000
0.353800	56.000000
0.353820	62.000000
0.353840	78.000000
0.353860	103.000000
0.353880	134.000000
0.353900	165.000000
0.353920	192.000000
0.353940	213.000000
0.353960	225.000000
0.353980	227.000000
0.354000	221.000000
0.354020	206.000000
0.354040	185.000000
0.354060	160.000000
0.354080	134.000000
0.354100	110.000000
0.354120	92.000000
0.354140	83.000000
0.354160	82.000000
0.354180	90.000000
0.354200	103.000000
0.354220	120.000000
0.354240	139.000000
0.354260	158.000000
0.354280	175.000000
0.354300	187.000000
0.354320	194.000000
0.354340	193.000000
0.354360	187.000000
0.354380	176.000000
0.354400	164.000000
0.354420	152.000000
0.354440	140.000000
0.354460	130.000000
0.354480	122.000000
0.354500	118.000000
0.354520	118.000000
0.354540	122.000000
0.354560	128.000000
0.354580	136.000000
0.354600	144.000000
0.354620	152.000000
0.354640	159.000000
0.354660	164.000000
0.354680	167.000000
0.354700	166.000000
0.354720	164.000000
0.354740	160.000000
0.354760	156.000000
0.354780	152.000000
0.354800	147.000000
0.354820	142.000000
0.354840	139.000000
0.354860	137.000000
0.354880	136.000000
0.354900	137.000000
0.354920	138.000000
0.354940	141.000000
0.354960	145.000000
0.354980	148.000000
0.355000	150.000000
0.355020	152.000000
0.355040	152.000000
0.355060	153.000000
0.355080	153.000000
0.355100	154.000000
0.355120	154.000000
0.355140	154.000000
0.355160	152.000000
0.355180	150.000000
0.355200	147.000000
0.355220	146.000000
0.355240	145.000000
0.355260	145.000000
0.355280	145.000000
0.355300	145.000000
0.355320	144.000000
0.355340	144.000000
0.355360	144.000000
0.355380	145.000000
0.355400	147.000000
0.355420	148.000000
0.355440	150.000000
0.355460	152.000000
0.355480	152.000000
0.355500	151.000000
0.355520	150.000000
0.355540	150.000000
0.355560	150.000000
0.355580	149.000000
0.355600	148.000000
0.355620	147.000000
0.355640	146.000000
0.355660	146.000000
0.355680	147.000000
0.355700	147.000000
0.355720	147.000000
0.355740	148.000000
0.355760	149.000000
0.355780	149.000000
0.355800	148.000000
0.355820	147.000000
0.355840	146.000000
0.355860	145.000000
0.355880	145.000000
0.355900	145.000000
0.355920	147.000000
0.355940	151.000000
0.355960	156.000000
0.355980	160.000000
0.356000	160.000000
0.356020	157.000000
0.356040	151.000000
0.356060	144.000000
0.356080	140.000000
0.356100	139.000000
0.356120	140.000000
0.356140	142.000000
0.356160	143.000000
0.356180	140.000000
0.356200	134.000000
0.356220	130.000000
0.356240	131.000000
0.356260	138.000000
0.356280	149.000000
0.356300	161.000000
0.356320	169.000000
0.356340	171.000000
0.356360	167.000000
0.356380	160.000000
0.356400	154.000000
0.356420	153.000000
0.356440	155.000000
0.356460	159.000000
0.356480	160.000000
0.356500	156.000000
0.356520	147.000000
0.356540	136.000000
0.356560	125.000000
0.356580	118.000000
0.356600	115.000000
0.356620	117.000000
0.356640	122.000000
0.356660	130.000000
0.356680	138.000000
0.356700	147.000000
0.356720	156.000000
0.356740	167.000000
0.356760	179.000000
0.356780	191.000000
0.356800	198.000000
0.356820	200.000000
0.356840	195.000000
0.356860	183.000000
0.356880	165.000000
0.356900	144.000000
0.356920	123.000000
0.356940	105.000000
0.356960	93.000000
0.356980	87.000000
0.357000	87.000000
0.357020	94.000000
0.357040	108.000000
0.357060	127.000000
0.357080	148.000000
0.357100	168.000000
0.357120	185.000000
0.357140	197.000000
0.357160	203.000000
0.357180	202.000000
0.357200	194.000000
0.357220	180.000000
0.357240	163.000000
0.357260	145.000000
0.357280	129.000000
0.357300	116.000000
0.357320	108.000000
0.357340	104.000000
0.357360	106.000000
0.357380	113.000000
0.357400	124.000000
0.357420	137.000000
0.357440	151.000000
0.357460	163.000000
0.357480	173.000000
0.357500	178.000000
0.357520	179.000000
0.357540	176.000000
0.357560	170.000000
0.357580	163.000000
0.357600	155.000000
0.357620	146.000000
0.357640	138.000000
0.357660	132.000000
0.357680	128.000000
0.357700	127.000000
0.357720	128.000000
0.357740	132.000000
0.357760	137.000000
0.357780	144.000000
0.357800	150.000000
0.357820	156.000000
0.357840	159.000000
0.357860	161.000000
0.357880	161.000000
0.357900	161.000000
0.357920	159.000000
0.357940	155.000000
0.357960	151.000000
0.357980	147.000000
0.358000	144.000000
0.358020	142.000000
0.358040	141.000000
0.358060	140.000000
0.358080	139.000000
0.358100	139.000000
0.358120	141.000000
0.358140	144.000000
0.358160	148.000000
0.358180	150.000000
0.358200	152.000000
0.358220	153.000000
0.358240	153.000000
0.358260	153.000000
0.358280	153.000000
0.358300	153.000000
0.358320	152.000000
0.358340	152.000000
0.358360	151.000000
0.358380	150.000000
0.358400	148.000000
0.358420	147.000000
0.358440	145.000000
0.358460	145.000000
0.358480	144.000000
0.358500	143.000000
0.358520	143.000000
0.358540	144.000000
0.358560	146.000000
0.358580	148.000000
0.358600	150.000000
0.358620	151.000000
0.358640	152.000000
0.358660	152.000000
0.358680	153.000000
0.358700	152.000000
0.358720	151.000000
0.358740	150.000000
0.358760	149.000000
0.358780	147.000000
0.358800	146.000000
0.358820	145.000000
0.358840	144.000000
0.358860	144.000000
0.358880	145.000000
0.358900	146.000000
0.358920	148.000000
0.358940	149.000000
0.358960	150.000000
0.358980	149.000000
0.359000	148.000000
0.359020	147.000000
0.359040	146.000000
0.359060	146.000000
0.359080	146.000000
0.359100	147.000000
0.359120	149.000000
0.359140	152.000000
0.359160	154.000000
0.359180	154.000000
0.359200	151.000000
0.359220	147.000000
0.359240	144.000000
0.359260	142.000000
0.359280	143.000000
0.359300	145.000000
0.359320	146.000000
0.359340	146.000000
0.359360	144.000000
0.359380	140.000000
0.359400	138.000000
0.359420	139.000000
0.359440	143.000000
0.359460	149.000000
0.359480	156.000000
0.359500	160.000000
0.359520	161.000000
0.359540	158.000000
0.359560	154.000000
0.359580	150.000000
0.359600	148.000000
0.359620	150.000000
0.359640	153.000000
0.359660	155.000000
0.359680	155.000000
0.359700	150.000000
0.359720	143.000000
0.359740	136.000000
0.359760	131.000000
0.359780	129.000000
0.359800	130.000000
0.359820	134.000000
0.359840	138.000000
0.359860	143.000000
0.359880	146.000000
0.359900	150.000000
0.359920	155.000000
0.359940	161.000000
0.359960	169.000000
0.359980	174.000000
0.360000	176.000000
0.360020	173.000000
0.360040	167.000000
0.360060	158.000000
0.360080	147.000000
0.360100	137.000000
0.360120	127.000000
0.360140	120.000000
0.360160	116.000000
0.360180	116.000000
0.360200	119.000000
0.360220	126.000000
0.360240	136.000000
0.360260	148.000000
0.360280	159.000000
0.360300	169.000000
0.360320	176.000000
0.360340	180.000000
0.360360	179.000000
0.360380	174.000000
0.360400	166.000000
0.360420	157.000000
0.360440	147.000000
0.360460	138.000000
0.360480	131.000000
0.360500	126.000000
0.360520	124.000000
0.360540	125.000000
0.360560	130.000000
0.360580	135.000000
0.360600	142.000000
0.360620	148.000000
0.360640	155.000000
0.360660	160.000000
0.360680	163.000000
0.360700	165.000000
0.360720	164.000000
0.360740	162.000000
0.360760	158.000000
0.360780	154.000000
0.360800	148.000000
0.360820	143.000000
0.360840	138.000000
0.360860	135.000000
0.360880	135.000000
0.360900	136.000000
0.360920	139.000000
0.360940	142.000000
0.360960	144.000000
0.360980	147.000000
0.361000	149.000000
0.361020	152.000000
0.361040	155.000000
0.361060	157.000000
0.361080	158.000000
0.361100	157.000000
0.361120	154.000000
0.361140	151.000000
0.361160	149.000000
0.361180	147.000000
0.361200	146.000000
0.361220	145.000000
0.361240	144.000000
0.361260	144.000000
0.361280	145.000000
0.361300	145.000000
0.361320	146.000000
0.361340	147.000000
0.361360	148.000000
0.361380	149.000000
0.361400	150.000000
0.361420	151.000000
0.361440	152.000000
0.361460	152.000000
0.361480	151.000000
0.361500	151.000000
0.361520	150.000000
0.361540	150.000000
0.361560	150.000000
0.361580	149.000000
0.361600	147.000000
0.361620	146.000000
0.361640	145.000000
0.361660	144.000000
0.361680	144.000000
0.361700	143.000000
0.361720	144.000000
0.361740	145.000000
0.361760	147.000000
0.361780	149.000000
0.361800	151.000000
0.361820	153.000000
0.361840	154.000000
0.361860	153.000000
0.361880	151.000000
0.361900	149.000000
0.361920	147.000000
0.361940	146.000000
0.361960	145.000000
0.361980	144.000000
0.362000	142.000000
0.362020	141.000000
0.362040	142.000000
0.362060	143.000000
0.362080	145.000000
0.362100	147.000000
0.362120	148.000000
0.362140	149.000000
0.362160	149.000000
0.362180	150.000000
0.362200	151.000000
0.362220	151.000000
0.362240	150.000000
0.362260	150.000000
0.362280	149.000000
0.362300	148.000000
0.362320	149.000000
0.362340	150.000000
0.362360	150.000000
0.362380	149.000000
0.362400	147.000000
0.362420	145.000000
0.362440	144.000000
0.362460	146.000000
0.362480	149.000000
0.362500	151.000000
0.362520	152.000000
0.362540	151.000000
0.362560	149.000000
0.362580	147.000000
0.362600	145.000000
0.362620	145.000000
0.362640	147.000000
0.362660	151.000000
0.362680	154.000000
0.362700	154.000000
0.362720	151.000000
0.362740	147.000000
0.362760	144.000000
0.362780	143.000000
0.362800	146.000000
0.362820	149.000000
0.362840	152.000000
0.362860	153.000000
0.362880	151.000000
0.362900	148.000000
0.362920	145.000000
0.362940	143.000000
0.362960	143.000000
0.362980	144.000000
0.363000	145.000000
0.363020	146.000000
0.363040	147.000000
0.363060	148.000000
0.363080	151.000000
0.363100	153.000000
0.363120	155.000000
0.363140	157.000000
0.363160	159.000000
0.363180	160.000000
0.363200	159.000000
0.363220	155.000000
0.363240	149.000000
0.363260	143.000000
0.363280	138.000000
0.363300	134.000000
0.363320	133.000000
0.363340	133.000000
0.363360	135.000000
0.363380	138.000000
0.363400	142.000000
0.363420	146.000000
0.363440	151.000000
0.363460	156.000000
0.363480	160.000000
0.363500	163.000000
0.363520	163.000000
0.363540	160.000000
0.363560	156.000000
0.363580	151.000000
0.363600	146.000000
0.363620	141.000000
0.363640	137.000000
0.363660	135.000000
0.363680	135.000000
0.363700	137.000000
0.363720	139.000000
0.363740	142.000000
0.363760	145.000000
0.363780	149.000000
0.363800	152.000000
0.363820	155.000000
0.363840	157.000000
0.363860	157.000000
0.363880	156.000000
0.363900	155.000000
0.363920	153.000000
0.363940	151.000000
0.363960	148.000000
0.363980	146.000000
0.364000	144.000000
0.364020	143.000000
0.364040	143.000000
0.364060	144.000000
0.364080	144.000000
0.364100	145.000000
0.364120	146.000000
0.364140	147.000000
0.364160	150.000000
0.364180	151.000000
0.364200	152.000000
0.364220	152.000000
0.364240	152.000000
0.364260	152.000000
0.364280	151.000000
0.364300	150.000000
0.364320	148.000000
0.364340	147.000000
0.364360	147.000000
0.364380	147.000000
0.364400	146.000000
0.364420	146.000000
0.364440	145.000000
0.364460	145.000000
0.364480	146.000000
0.364500	146.000000
0.364520	147.000000
0.364540	147.000000
0.364560	147.000000
0.364580	148.000000
0.364600	150.000000
0.364620	150.000000
0.364640	151.000000
0.364660	151.000000
0.364680	151.000000
0.364700	151.000000
0.364720	150.000000
0.364740	149.000000
0.364760	148.000000
0.364780	147.000000
0.364800	146.000000
0.364820	145.000000
0.364840	144.000000
0.364860	144.000000
0.364880	144.000000
0.364900	145.000000
0.364920	145.000000
0.364940	146.000000
0.364960	146.000000
0.364980	147.000000
0.365000	149.000000
0.365020	151.000000
0.365040	152.000000
0.365060	153.000000
0.365080	152.000000
0.365100	150.000000
0.365120	149.000000
0.365140	148.000000
0.365160	147.000000
0.365180	146.000000
0.365200	145.000000
0.365220	144.000000
0.365240	143.000000
0.365260	144.000000
0.365280	146.000000
0.365300	148.000000
0.365320	150.000000
0.365340	151.000000
0.365360	151.000000
0.365380	151.000000
0.365400	150.000000
0.365420	149.000000
0.365440	148.000000
0.365460	148.000000
0.365480	148.000000
0.365500	149.000000
0.365520	148.000000
0.365540	147.000000
0.365560	146.000000
0.365580	144.000000
0.365600	143.000000
0.365620	143.000000
0.365640	145.000000
0.365660	147.000000
0.365680	150.000000
0.365700	152.000000
0.365720	152.000000
0.365740	151.000000
0.365760	149.000000
0.365780	148.000000
0.365800	148.000000
0.365820	150.000000
0.365840	153.000000
0.365860	155.000000
0.365880	154.000000
0.365900	151.000000
0.365920	146.000000
0.365940	142.000000
0.365960	141.000000
0.365980	142.000000
0.366000	145.000000
0.366020	147.000000
0.366040	149.000000
0.366060	149.000000
0.366080	148.000000
0.366100	146.000000
0.366120	144.000000
0.366140	143.000000
0.366160	144.000000
0.366180	147.000000
0.366200	151.000000
0.366220	153.000000
0.366240	154.000000
0.366260	153.000000
0.366280	152.000000
0.366300	152.000000
0.366320	152.000000
0.366340	153.000000
0.366360	152.000000
0.366380	150.000000
0.366400	147.000000
0.366420	142.000000
0.366440	137.000000
0.366460	134.000000
0.366480	134.000000
0.366500	136.000000
0.366520	140.000000
0.366540	144.000000
0.366560	148.000000
0.366580	152.000000
0.366600	156.000000
0.366620	159.000000
0.366640	161.000000
0.366660	161.000000
0.366680	159.000000
0.366700	156.000000
0.366720	152.000000
0.366740	148.000000
0.366760	144.000000
0.366780	140.000000
0.366800	137.000000
0.366820	136.000000
0.366840	136.000000
0.366860	138.000000
0.366880	141.000000
0.366900	145.000000
0.366920	148.000000
0.366940	151.000000
0.366960	154.000000
0.366980	156.000000
0.367000	157.000000
0.367020	157.000000
0.367040	155.000000
0.367060	153.000000
0.367080	150.000000
0.367100	147.000000
0.367120	145.000000
0.367140	144.000000
0.367160	143.000000
0.367180	143.000000
0.367200	143.000000
0.367220	143.000000
0.367240	144.000000
0.367260	145.000000
0.367280	147.000000
0.367300	150.000000
0.367320	151.000000
0.367340	150.000000
0.367360	149.000000
0.367380	149.000000
0.367400	150.000000
0.367420	152.000000
0.367440	152.000000
0.367460	151.000000
0.367480	149.000000
0.367500	147.000000
0.367520	146.000000
0.367540	146.000000
0.367560	146.000000
0.367580	146.000000
0.367600	146.000000
0.367620	148.000000
0.367640	148.000000
0.367660	148.000000
0.367680	148.000000
0.367700	147.000000
0.367720	146.000000
0.367740	147.000000
0.367760	147.000000
0.367780	148.000000
0.367800	148.000000
0.367820	149.000000
0.367840	150.000000
0.367860	150.000000
0.367880	150.000000
0.367900	150.000000
0.367920	150.000000
0.367940	151.000000
0.367960	151.000000
0.367980	149.000000
0.368000	147.000000
0.368020	144.000000
0.368040	143.000000
0.368060	142.000000
0.368080	143.000000
0.368100	144.000000
0.368120	144.000000
0.368140	145.000000
0.368160	147.000000
0.368180	149.000000
0.368200	150.000000
0.368220	152.000000
0.368240	152.000000
0.368260	152.000000
0.368280	151.000000
0.368300	150.000000
0.368320	149.000000
0.368340	148.000000
0.368360	146.000000
0.368380	145.000000
0.368400	144.000000
0.368420	144.000000
0.368440	145.000000
0.368460	147.000000
0.368480	148.000000
0.368500	150.000000
0.368520	151.000000
0.368540	152.000000
0.368560	153.000000
0.368580	153.000000
0.368600	153.000000
0.368620	152.000000
0.368640	151.000000
0.368660	150.000000
0.368680	149.000000
0.368700	148.000000
0.368720	146.000000
0.368740	145.000000
0.368760	144.000000
0.368780	142.000000
0.368800	141.000000
0.368820	142.000000
0.368840	144.000000
0.368860	149.000000
0.368880	152.000000
0.368900	154.000000
0.368920	153.000000
0.368940	151.000000
0.368960	149.000000
0.368980	148.000000
0.369000	150.000000
0.369020	152.000000
0.369040	154.000000
0.369060	154.000000
0.369080	152.000000
0.369100	148.000000
0.369120	143.000000
0.369140	139.000000
0.369160	138.000000
0.369180	140.000000
0.369200	143.000000
0.369220	145.000000
0.369240	146.000000
0.369260	145.000000
0.369280	144.000000
0.369300	143.000000
0.369320	144.000000
0.369340	146.000000
0.369360	149.000000
0.369380	153.000000
0.369400	155.000000
0.369420	156.000000
0.369440	155.000000
0.369460	154.000000
0.369480	152.000000
0.369500	151.000000
0.369520	150.000000
0.369540	148.000000
0.369560	144.000000
0.369580	141.000000
0.369600	138.000000
0.369620	135.000000
0.369640	134.000000
0.369660	134.000000
0.369680	136.000000
0.369700	140.000000
0.369720	145.000000
0.369740	151.000000
0.369760	156.000000
0.369780	161.000000
0.369800	164.000000
0.369820	165.000000
0.369840	164.000000
0.369860	160.000000
0.369880	155.000000
0.369900	149.000000
0.369920	145.000000
0.369940	141.000000
0.369960	137.000000
0.369980	134.000000
0.370000	133.000000
0.370020	134.000000
0.370040	137.000000
0.370060	141.000000
0.370080	145.000000
0.370100	149.000000
0.370120	154.000000
0.370140	158.000000
0.370160	160.000000
0.370180	160.000000
0.370200	158.000000
0.370220	155.000000
0.370240	153.000000
0.370260	151.000000
0.370280	148.000000
0.370300	145.000000
0.370320	142.000000
0.370340	140.000000
0.370360	140.000000
0.370380	140.000000
0.370400	142.000000
0.370420	144.000000
0.370440	146.000000
0.370460	149.000000
0.370480	151.000000
0.370500	152.000000
0.370520	152.000000
0.370540	152.000000
0.370560	152.000000
0.370580	152.000000
0.370600	151.000000
0.370620	150.000000
0.370640	148.000000
0.370660	146.000000
0.370680	145.000000
0.370700	145.000000
0.370720	145.000000
0.370740	146.000000
0.370760	147.000000
0.370780	147.000000
0.370800	147.000000
0.370820	147.000000
0.370840	148.000000
0.370860	148.000000
0.370880	148.000000
0.370900	148.000000
0.370920	148.000000
0.370940	148.000000
0.370960	148.000000
0.370980	148.000000
0.371000	149.000000
0.371020	149.000000
0.371040	149.000000
0.371060	149.000000
0.371080	148.000000
0.371100	148.000000
0.371120	148.000000
0.371140	148.000000
0.371160	148.000000
0.371180	146.000000
0.371200	145.000000
0.371220	144.000000
0.371240	143.000000
0.371260	144.000000
0.371280	145.000000
0.371300	146.000000
0.371320	147.000000
0.371340	148.000000
0.371360	149.000000
0.371380	151.000000
0.371400	152.000000
0.371420	152.000000
0.371440	152.000000
0.371460	151.000000
0.371480	150.000000
0.371500	148.000000
0.371520	147.000000
0.371540	145.000000
0.371560	144.000000
0.371580	143.000000
0.371600	143.000000
0.371620	143.000000
0.371640	145.000000
0.371660	147.000000
0.371680	149.000000
0.371700	150.000000
0.371720	151.000000
0.371740	151.000000
0.371760	151.000000
0.371780	151.000000
0.371800	151.000000
0.371820	150.000000
0.371840	150.000000
0.371860	150.000000
0.371880	149.000000
0.371900	149.000000
0.371920	148.000000
0.371940	146.000000
0.371960	144.000000
0.371980	143.000000
0.372000	143.000000
0.372020	144.000000
0.372040	146.000000
0.372060	149.000000
0.372080	151.000000
0.372100	152.000000
0.372120	151.000000
0.372140	150.000000
0.372160	149.000000
0.372180	150.000000
0.372200	151.000000
0.372220	153.000000
0.372240	153.000000
0.372260	152.000000
0.372280	148.000000
0.372300	144.000000
0.372320	140.000000
0.372340	139.000000
0.372360	141.000000
0.372380	144.000000
0.372400	148.000000
0.372420	149.000000
0.372440	149.000000
0.372460	147.000000
0.372480	145.000000
0.372500	145.000000
0.372520	145.000000
0.372540	147.000000
0.372560	150.000000
0.372580	154.000000
0.372600	156.000000
0.372620	158.000000
0.372640	158.000000
0.372660	156.000000
0.372680	154.000000
0.372700	151.000000
0.372720	148.000000
0.372740	144.000000
0.372760	141.000000
0.372780	138.000000
0.372800	136.000000
0.372820	134.000000
0.372840	134.000000
0.372860	135.000000
0.372880	138.000000
0.372900	143.000000
0.372920	149.000000
0.372940	155.000000
0.372960	160.000000
0.372980	164.000000
0.373000	166.000000
0.373020	165.000000
0.373040	162.000000
0.373060	157.000000
0.373080	152.000000
0.373100	147.000000
0.373120	142.000000
0.373140	138.000000
0.373160	135.000000
0.373180	133.000000
0.373200	133.000000
0.373220	135.000000
0.373240	139.000000
0.373260	143.000000
0.373280	148.000000
0.373300	153.000000
0.373320	156.000000
0.373340	157.000000
0.373360	157.000000
0.373380	157.000000
0.373400	156.000000
0.373420	154.000000
0.373440	151.000000
0.373460	148.000000
0.373480	145.000000
0.373500	144.000000
0.373520	144.000000
0.373540	144.000000
0.373560	143.000000
0.373580	143.000000
0.373600	143.000000
0.373620	144.000000
0.373640	147.000000
0.373660	149.000000
0.373680	150.000000
0.373700	151.000000
0.373720	151.000000
0.373740	152.000000
0.373760	152.000000
0.373780	152.000000
0.373800	151.000000
0.373820	150.000000
0.373840	148.000000
0.373860	147.000000
0.373880	146.000000
0.373900	145.000000
0.373920	144.000000
0.373940	144.000000
0.373960	145.000000
0.373980	146.000000
0.374000	147.000000
0.374020	147.000000
0.374040	147.000000
0.374060	147.000000
0.374080	147.000000
0.374100	147.000000
0.374120	148.000000
0.374140	148.000000
0.374160	149.000000
0.374180	149.000000
0.374200	149.000000
0.374220	149.000000
0.374240	149.000000
0.374260	149.000000
0.374280	148.000000
0.374300	148.000000
0.374320	148.000000
0.374340	147.000000
0.374360	147.000000
0.374380	147.000000
0.374400	146.000000
0.374420	145.000000
0.374440	145.000000
0.374460	145.000000
0.374480	145.000000
0.374500	146.000000
0.374520	148.000000
0.374540	149.000000
0.374560	150.000000
0.374580	151.000000
0.374600	152.000000
0.374620	152.000000
0.374640	152.000000
0.374660	151.000000
0.374680	149.000000
0.374700	148.000000
0.374720	146.000000
0.374740	145.000000
0.374760	143.000000
0.374780	142.000000
0.374800	143.000000
0.374820	144.000000
0.374840	146.000000
0.374860	148.000000
0.374880	149.000000
0.374900	151.000000
0.374920	152.000000
0.374940	154.000000
0.374960	154.000000
0.374980	152.000000
0.375000	150.000000
0.375020	149.000000
0.375040	148.000000
0.375060	147.000000
0.375080	147.000000
0.375100	145.000000
0.375120	144.000000
0.375140	142.000000
0.375160	141.000000
0.375180	141.000000
0.375200	142.000000
0.375220	144.000000
0.375240	146.000000
0.375260	149.000000
0.375280	151.000000
0.375300	151.000000
0.375320	151.000000
0.375340	150.000000
0.375360	150.000000
0.375380	150.000000
0.375400	150.000000
0.375420	151.000000
0.375440	152.000000
0.375460	151.000000
0.375480	148.000000
0.375500	144.000000
0.375520	141.000000
0.375540	140.000000
0.375560	142.000000
0.375580	145.000000
0.375600	147.000000
0.375620	147.000000
0.375640	146.000000
0.375660	145.000000
0.375680	145.000000
0.375700	145.000000
0.375720	146.000000
0.375740	149.000000
0.375760	153.000000
0.375780	156.000000
0.375800	158.000000
0.375820	157.000000
0.375840	155.000000
0.375860	152.000000
0.375880	150.000000
0.375900	149.000000
0.375920	148.000000
0.375940	146.000000
0.375960	142.000000
0.375980	138.000000
0.376000	135.000000
0.376020	134.000000
0.376040	134.000000
0.376060	136.000000
0.376080	139.000000
0.376100	144.000000
0.376120	149.000000
0.376140	155.000000
0.376160	160.000000
0.376180	162.000000
0.376200	162.000000
0.376220	161.000000
0.376240	158.000000
0.376260	155.000000
0.376280	151.000000
0.376300	146.000000
0.376320	141.000000
0.376340	137.000000
0.376360	135.000000
0.376380	135.000000
0.376400	136.000000
0.376420	138.000000
0.376440	142.000000
0.376460	146.000000
0.376480	150.000000
0.376500	154.000000
0.376520	156.000000
0.376540	157.000000
0.376560	158.000000
0.376580	159.000000
0.376600	157.000000
0.376620	154.000000
0.376640	151.000000
0.376660	147.000000
0.376680	145.000000
0.376700	144.000000
0.376720	144.000000
0.376740	143.000000
0.376760	142.000000
0.376780	143.000000
0.376800	144.000000
0.376820	146.000000
0.376840	148.000000
0.376860	149.000000
0.376880	150.000000
0.376900	150.000000
0.376920	151.000000
0.376940	151.000000
0.376960	150.000000
0.376980	149.000000
0.377000	148.000000
0.377020	147.000000
0.377040	147.000000
0.377060	147.000000
0.377080	146.000000
0.377100	145.000000
0.377120	144.000000
0.377140	143.000000
0.377160	144.000000
0.377180	145.000000
0.377200	147.000000
0.377220	148.000000
0.377240	149.000000
0.377260	149.000000
0.377280	149.000000
0.377300	148.000000
0.377320	149.000000
0.377340	149.000000
0.377360	150.000000
0.377380	150.000000
0.377400	150.000000
0.377420	150.000000
0.377440	150.000000
0.377460	151.000000
0.377480	150.000000
0.377500	150.000000
0.377520	148.000000
0.377540	147.000000
0.377560	146.000000
0.377580	144.000000
0.377600	143.000000
0.377620	143.000000
0.377640	144.000000
0.377660	145.000000
0.377680	146.000000
0.377700	147.000000
0.377720	148.000000
0.377740	149.000000
0.377760	150.000000
0.377780	152.000000
0.377800	153.000000
0.377820	152.000000
0.377840	151.000000
0.377860	150.000000
0.377880	148.000000
0.377900	146.000000
0.377920	144.000000
0.377940	143.000000
0.377960	143.000000
0.377980	143.000000
0.378000	144.000000
0.378020	144.000000
0.378040	146.000000
0.378060	148.000000
0.378080	150.000000
0.378100	151.000000
0.378120	152.000000
0.378140	151.000000
0.378160	151.000000
0.378180	150.000000
0.378200	149.000000
0.378220	149.000000
0.378240	148.000000
0.378260	147.000000
0.378280	147.000000
0.378300	145.000000
0.378320	144.000000
0.378340	142.000000
0.378360	141.000000
0.378380	141.000000
0.378400	143.000000
0.378420	145.000000
0.378440	148.000000
0.378460	150.000000
0.378480	150.000000
0.378500	150.000000
0.378520	150.000000
0.378540	149.000000
0.378560	149.000000
0.378580	149.000000
0.378600	149.000000
0.378620	150.000000
0.378640	150.000000
0.378660	149.000000
0.378680	148.000000
0.378700	145.000000
0.378720	143.000000
0.378740	142.000000
0.378760	143.000000
0.378780	146.000000
0.378800	148.000000
0.378820	149.000000
0.378840	148.000000
0.378860	146.000000
0.378880	146.000000
0.378900	146.000000
0.378920	147.000000
0.378940	149.000000
0.378960	151.000000
0.378980	153.000000
0.379000	154.000000
0.379020	154.000000
0.379040	153.000000
0.379060	152.000000
0.379080	151.000000
0.379100	149.000000
0.379120	147.000000
0.379140	145.000000
0.379160	142.000000
0.379180	140.000000
0.379200	138.000000
0.379220	136.000000
0.379240	136.000000
0.379260	138.000000
0.379280	141.000000
0.379300	145.000000
0.379320	149.000000
0.379340	154.000000
0.379360	157.000000
0.379380	160.000000
0.379400	160.000000
0.379420	158.000000
0.379440	155.000000
0.379460	151.000000
0.379480	148.000000
0.379500	144.000000
0.379520	140.000000
0.379540	137.000000
0.379560	136.000000
0.379580	137.000000
0.379600	140.000000
0.379620	143.000000
0.379640	145.000000
0.379660	147.000000
0.379680	150.000000
0.379700	153.000000
0.379720	155.000000
0.379740	157.000000
0.379760	157.000000
0.379780	156.000000
0.379800	154.000000
0.379820	151.000000
0.379840	148.000000
0.379860	147.000000
0.379880	146.000000
0.379900	146.000000
0.379920	145.000000
0.379940	144.000000
0.379960	143.000000
0.379980	144.000000
0.380000	146.000000
0.380020	147.000000
0.380040	149.000000
0.380060	150.000000
0.380080	151.000000
0.380100	151.000000
0.380120	151.000000
0.380140	150.000000
0.380160	149.000000
0.380180	149.000000
0.380200	150.000000
0.380220	150.000000
0.380240	150.000000
0.380260	148.000000
0.380280	146.000000
0.380300	145.000000
0.380320	145.000000
0.380340	145.000000
0.380360	146.000000
0.380380	147.000000
0.380400	147.000000
0.380420	147.000000
0.380440	146.000000
0.380460	146.000000
0.380480	147.000000
0.380500	149.000000
0.380520	150.000000
0.380540	150.000000
0.380560	150.000000
0.380580	150.000000
0.380600	150.000000
0.380620	150.000000
0.380640	149.000000
0.380660	147.000000
0.380680	146.000000
0.380700	146.000000
0.380720	145.000000
0.380740	145.000000
0.380760	145.000000
0.380780	145.000000
0.380800	145.000000
0.380820	145.000000
0.380840	146.000000
0.380860	146.000000
0.380880	147.000000
0.380900	149.000000
0.380920	151.000000
0.380940	152.000000
0.380960	153.000000
0.380980	154.000000
0.381000	154.000000
0.381020	153.000000
0.381040	152.000000
0.381060	149.000000
0.381080	147.000000
0.381100	145.000000
0.381120	144.000000
0.381140	142.000000
0.381160	141.000000
0.381180	141.000000
0.381200	142.000000
0.381220	143.000000
0.381240	145.000000
0.381260	146.000000
0.381280	148.000000
0.381300	149.000000
0.381320	151.000000
0.381340	152.000000
0.381360	153.000000
0.381380	152.000000
0.381400	150.000000
0.381420	148.000000
0.381440	146.000000
0.381460	145.000000
0.381480	144.000000
0.381500	144.000000
0.381520	143.000000
0.381540	143.000000
0.381560	143.000000
0.381580	144.000000
0.381600	145.000000
0.381620	146.000000
0.381640	148.000000
0.381660	150.000000
0.381680	151.000000
0.381700	153.000000
0.381720	153.000000
0.381740	152.000000
0.381760	152.000000
0.381780	152.000000
0.381800	152.000000
0.381820	151.000000
0.381840	149.000000
0.381860	147.000000
0.381880	145.000000
0.381900	144.000000
0.381920	144.000000
0.381940	144.000000
0.381960	145.000000
0.381980	146.000000
0.382000	147.000000
0.382020	147.000000
0.382040	147.000000
0.382060	147.000000
0.382080	147.000000
0.382100	148.000000
0.382120	149.000000
0.382140	151.000000
0.382160	152.000000
0.382180	153.000000
0.382200	153.000000
0.382220	153.000000
0.382240	153.000000
0.382260	152.000000
0.382280	151.000000
0.382300	149.000000
0.382320	146.000000
0.382340	142.000000
0.382360	139.000000
0.382380	138.000000
0.382400	138.000000
0.382420	139.000000
0.382440	140.000000
0.382460	142.000000
0.382480	146.000000
0.382500	150.000000
0.382520	153.000000
0.382540	155.000000
0.382560	156.000000
0.382580	156.000000
0.382600	157.000000
0.382620	156.000000
0.382640	154.000000
0.382660	151.000000
0.382680	148.000000
0.382700	145.000000
0.382720	143.000000
0.382740	141.000000
0.382760	139.000000
0.382780	139.000000
0.382800	141.000000
0.382820	144.000000
0.382840	146.000000
0.382860	148.000000
0.382880	149.000000
0.382900	151.000000
0.382920	152.000000
0.382940	153.000000
0.382960	152.000000
0.382980	151.000000
0.383000	150.000000
0.383020	149.000000
0.383040	147.000000
0.383060	145.000000
0.383080	144.000000
0.383100	144.000000
0.383120	145.000000
0.383140	145.000000
0.383160	146.000000
0.383180	146.000000
0.383200	146.000000
0.383220	148.000000
0.383240	149.000000
0.383260	150.000000
0.383280	149.000000
0.383300	149.000000
0.383320	150.000000
0.383340	150.000000
0.383360	150.000000
0.383380	150.000000
0.383400	149.000000
0.383420	149.000000
0.383440	147.000000
0.383460	146.000000
0.383480	145.000000
0.383500	144.000000
0.383520	145.000000
0.383540	146.000000
0.383560	146.000000
0.383580	146.000000
0.383600	146.000000
0.383620	146.000000
0.383640	147.000000
0.383660	147.000000
0.383680	148.000000
0.383700	149.000000
0.383720	149.000000
0.383740	149.000000
0.383760	149.000000
0.383780	149.000000
0.383800	149.000000
0.383820	150.000000
0.383840	150.000000
0.383860	149.000000
0.383880	148.000000
0.383900	147.000000
0.383920	147.000000
0.383940	147.000000
0.383960	146.000000
0.383980	145.000000
0.384000	145.000000
0.384020	144.000000
0.384040	144.000000
0.384060	144.000000
0.384080	146.000000
0.384100	149.000000
0.384120	151.000000
0.384140	152.000000
0.384160	152.000000
0.384180	151.000000
0.384200	151.000000
0.384220	151.000000
0.384240	149.000000
0.384260	147.000000
0.384280	144.000000
0.384300	142.000000
0.384320	141.000000
0.384340	141.000000
0.384360	141.000000
0.384380	141.000000
0.384400	142.000000
0.384420	144.000000
0.384440	147.000000
0.384460	149.000000
0.384480	151.000000
0.384500	152.000000
0.384520	154.000000
0.384540	155.000000
0.384560	155.000000
0.384580	154.000000
0.384600	152.000000
0.384620	149.000000
0.384640	147.000000
0.384660	146.000000
0.384680	145.000000
0.384700	144.000000
0.384720	143.000000
0.384740	142.000000
0.384760	141.000000
0.384780	142.000000
0.384800	145.000000
0.384820	148.000000
0.384840	150.000000
0.384860	151.000000
0.384880	151.000000
0.384900	151.000000
0.384920	151.000000
0.384940	151.000000
0.384960	150.000000
0.384980	149.000000
0.385000	149.000000
0.385020	149.000000
0.385040	148.000000
0.385060	145.000000
0.385080	142.000000
0.385100	140.000000
0.385120	141.000000
0.385140	143.000000
0.385160	144.000000
0.385180	145.000000
0.385200	146.000000
0.385220	147.000000
0.385240	147.000000
0.385260	147.000000
0.385280	146.000000
0.385300	147.000000
0.385320	148.000000
0.385340	151.000000
0.385360	152.000000
0.385380	152.000000
0.385400	152.000000
0.385420	152.000000
0.385440	152.000000
0.385460	151.000000
0.385480	149.000000
0.385500	147.000000
0.385520	146.000000
0.385540	145.000000
0.385560	143.000000
0.385580	141.000000
0.385600	140.000000
0.385620	141.000000
0.385640	143.000000
0.385660	145.000000
0.385680	146.000000
0.385700	148.000000
0.385720	151.000000
0.385740	153.000000
0.385760	153.000000
0.385780	153.000000
0.385800	152.000000
0.385820	151.000000
0.385840	151.000000
0.385860	148.000000
0.385880	145.000000
0.385900	145.000000
0.385920	146.000000
0.385940	148.000000
0.385960	143.000000
0.385980	132.000000
