0.346000	103.000000
0.346020	60.000000
0.346040	123.000000
0.346060	170.000000
0.346080	173.000000
0.346100	150.000000
0.346120	134.000000
0.346140	140.000000
0.346160	155.000000
0.346180	158.000000
0.346200	148.000000
0.346220	139.000000
0.346240	142.000000
0.346260	151.000000
0.346280	153.000000
0.346300	146.000000
0.346320	141.000000
0.346340	143.000000
0.346360	150.000000
0.346380	152.000000
0.346400	149.000000
0.346420	145.000000
0.346440	148.000000
0.346460	153.000000
0.346480	154.000000
0.346500	150.000000
0.346520	146.000000
0.346540	148.000000
0.346560	152.000000
0.346580	153.000000
0.346600	149.000000
0.346620	145.000000
0.346640	145.000000
0.346660	149.000000
0.346680	150.000000
0.346700	147.000000
0.346720	144.000000
0.346740	146.000000
0.346760	149.000000
0.346780	151.000000
0.346800	149.000000
0.346820	146.000000
0.346840	146.000000
0.346860	148.000000
0.346880	150.000000
0.346900	148.000000
0.346920	147.000000
0.346940	147.000000
0.346960	150.000000
0.346980	152.000000
0.347000	151.000000
0.347020	149.000000
0.347040	149.000000
0.347060	150.000000
0.347080	150.000000
0.347100	149.000000
0.347120	147.000000
0.347140	147.000000
0.347160	147.000000
0.347180	147.000000
0.347200	145.000000
0.347220	145.000000
0.347240	145.000000
0.347260	147.000000
0.347280	148.000000
0.347300	147.000000
0.347320	147.000000
0.347340	148.000000
0.347360	150.000000
0.347380	150.000000
0.347400	149.000000
0.347420	148.000000
0.347440	150.000000
0.347460	152.000000
0.347480	152.000000
0.347500	150.000000
0.347520	148.000000
0.347540	148.000000
0.347560	149.000000
0.347580	150.000000
0.347600	148.000000
0.347620	147.000000
0.347640	146.000000
0.347660	147.000000
0.347680	148.000000
0.347700	147.000000
0.347720	146.000000
0.347740	146.000000
0.347760	147.000000
0.347780	148.000000
0.347800	148.000000
0.347820	148.000000
0.347840	149.000000
0.347860	151.000000
0.347880	151.000000
0.347900	150.000000
0.347920	148.000000
0.347940	149.000000
0.347960	150.000000
0.347980	150.000000
0.348000	148.000000
0.348020	146.000000
0.348040	146.000000
0.348060	146.000000
0.348080	146.000000
0.348100	145.000000
0.348120	145.000000
0.348140	145.000000
0.348160	147.000000
0.348180	148.000000
0.348200	148.000000
0.348220	147.000000
0.348240	148.000000
0.348260	149.000000
0.348280	151.000000
0.348300	150.000000
0.348320	148.000000
0.348340	147.000000
0.348360	147.000000
0.348380	148.000000
0.348400	149.000000
0.348420	149.000000
0.348440	149.000000
0.348460	149.000000
0.348480	149.000000
0.348500	148.000000
0.348520	148.000000
0.348540	149.000000
0.348560	149.000000
0.348580	148.000000
0.348600	148.000000
0.348620	147.000000
0.348640	147.000000
0.348660	147.000000
0.348680	147.000000
0.348700	146.000000
0.348720	147.000000
0.348740	148.000000
0.348760	149.000000
0.348780	149.000000
0.348800	148.000000
0.348820	148.000000
0.348840	150.000000
0.348860	151.000000
0.348880	151.000000
0.348900	149.000000
0.348920	148.000000
0.348940	148.000000
0.348960	149.000000
0.348980	149.000000
0.349000	148.000000
0.349020	146.000000
0.349040	146.000000
0.349060	147.000000
0.349080	147.000000
0.349100	147.000000
0.349120	147.000000
0.349140	148.000000
0.349160	149.000000
0.349180	150.000000
0.349200	149.000000
0.349220	149.000000
0.349240	149.000000
0.349260	150.000000
0.349280	150.000000
0.349300	150.000000
0.349320	149.000000
0.349340	149.000000
0.349360	150.000000
0.349380	150.000000
0.349400	149.000000
0.349420	147.000000
0.349440	145.000000
0.349460	144.000000
0.349480	142.000000
0.349500	141.000000
0.349520	142.000000
0.349540	147.000000
0.349560	155.000000
0.349580	163.000000
0.349600	168.000000
0.349620	169.000000
0.349640	166.000000
0.349660	160.000000
0.349680	151.000000
0.349700	144.000000
0.349720	139.000000
0.349740	138.000000
0.349760	138.000000
0.349780	135.000000
0.349800	129.000000
0.349820	121.000000
0.349840	116.000000
0.349860	117.000000
0.349880	127.000000
0.349900	143.000000
0.349920	161.000000
0.349940	175.000000
0.349960	181.000000
0.349980	179.000000
0.350000	171.000000
0.350020	163.000000
0.350040	160.000000
0.350060	161.000000
0.350080	165.000000
0.350100	165.000000
0.350120	161.000000
0.350140	149.000000
0.350160	133.000000
0.350180	115.000000
0.350200	102.000000
0.350220	95.000000
0.350240	97.000000
0.350260	105.000000
0.350280	116.000000
0.350300	128.000000
0.350320	142.000000
0.350340	159.000000
0.350360	177.000000
0.350380	196.000000
0.350400	211.000000
0.350420	221.000000
0.350440	224.000000
0.350460	217.000000
0.350480	200.000000
0.350500	175.000000
0.350520	144.000000
0.350540	113.000000
0.350560	85.000000
0.350580	64.000000
0.350600	52.000000
0.350620	51.000000
0.350640	62.000000
0.350660	84.000000
0.350680	113.000000
0.350700	146.000000
0.350720	177.000000
0.350740	205.000000
0.350760	224.000000
0.350780	233.000000
0.350800	231.000000
0.350820	220.000000
0.350840	201.000000
0.350860	178.000000
0.350880	151.000000
0.350900	124.000000
0.350920	101.000000
0.350940	86.000000
0.350960	80.000000
0.350980	82.000000
0.351000	90.000000
0.351020	105.000000
0.351040	124.000000
0.351060	146.000000
0.351080	166.000000
0.351100	181.000000
0.351120	191.000000
0.351140	194.000000
0.351160	193.000000
0.351180	186.000000
0.351200	175.000000
0.351220	162.000000
0.351240	147.000000
0.351260	135.000000
0.351280	125.000000
0.351300	119.000000
0.351320	116.000000
0.351340	117.000000
0.351360	122.000000
0.351380	129.000000
0.351400	137.000000
0.351420	146.000000
0.351440	154.000000
0.351460	160.000000
0.351480	164.000000
0.351500	165.000000
0.351520	164.000000
0.351540	162.000000
0.351560	158.000000
0.351580	155.000000
0.351600	151.000000
0.351620	147.000000
0.351640	143.000000
0.351660	141.000000
0.351680	140.000000
0.351700	140.000000
0.351720	141.000000
0.351740	143.000000
0.351760	146.000000
0.351780	148.000000
0.351800	150.000000
0.351820	151.000000
0.351840	152.000000
0.351860	153.000000
0.351880	153.000000
0.351900	152.000000
0.351920	151.000000
0.351940	150.000000
0.351960	149.000000
0.351980	149.000000
0.352000	149.000000
0.352020	149.000000
0.352040	148.000000
0.352060	147.000000
0.352080	146.000000
0.352100	145.000000
0.352120	145.000000
0.352140	145.000000
0.352160	146.000000
0.352180	147.000000
0.352200	146.000000
0.352220	147.000000
0.352240	147.000000
0.352260	148.000000
0.352280	148.000000
0.352300	148.000000
0.352320	149.000000
0.352340	149.000000
0.352360	150.000000
0.352380	150.000000
0.352400	149.000000
0.352420	148.000000
0.352440	148.000000
0.352460	149.000000
0.352480	150.000000
0.352500	150.000000
0.352520	149.000000
0.352540	148.000000
0.352560	147.000000
0.352580	146.000000
0.352600	145.000000
0.352620	144.000000
0.352640	143.000000
0.352660	142.000000
0.352680	142.000000
0.352700	142.000000
0.352720	144.000000
0.352740	150.000000
0.352760	157.000000
0.352780	165.000000
0.352800	170.000000
0.352820	170.000000
0.352840	165.000000
0.352860	155.000000
0.352880	146.000000
0.352900	139.000000
0.352920	137.000000
0.352940	138.000000
0.352960	139.000000
0.352980	137.000000
0.353000	130.000000
0.353020	123.000000
0.353040	119.000000
0.353060	123.000000
0.353080	136.000000
0.353100	154.000000
0.353120	170.000000
0.353140	181.000000
0.353160	182.000000
0.353180	175.000000
0.353200	165.000000
0.353220	158.000000
0.353240	158.000000
0.353260	161.000000
0.353280	164.000000
0.353300	163.000000
0.353320	154.000000
0.353340	140.000000
0.353360	124.000000
0.353380	109.000000
0.353400	100.000000
0.353420	98.000000
0.353440	103.000000
0.353460	113.000000
0.353480	125.000000
0.353500	139.000000
0.353520	153.000000
0.353540	169.000000
0.353560	187.000000
0.353580	203.000000
0.353600	217.000000
0.353620	223.000000
0.353640	221.000000
0.353660	209.000000
0.353680	187.000000
0.353700	159.000000
0.353720	127.000000
0.353740	98.000000
0.353760	75.000000
0.353780	59.000000
0.353800	53.000000
0.353820	58.000000
0.353840	74.000000
0.353860	99.000000
0.353880	130.000000
0.353900	163.000000
0.353920	191.000000
0.353940	213.000000
0.353960	226.000000
0.353980	229.000000
0.354000	223.000000
0.354020	208.000000
0.354040	188.000000
0.354060	163.000000
0.354080	137.000000
0.354100	112.000000
0.354120	93.000000
0.354140	82.000000
0.354160	80.000000
0.354180	87.000000
0.354200	101.000000
0.354220	119.000000
0.354240	139.000000
0.354260	158.000000
0.354280	174.000000
0.354300	186.000000
0.354320	192.000000
0.354340	192.000000
0.354360	187.000000
0.354380	179.000000
0.354400	167.000000
0.354420	155.000000
0.354440	142.000000
0.354460	131.000000
0.354480	122.000000
0.354500	118.000000
0.354520	118.000000
0.354540	122.000000
0.354560	128.000000
0.354580	136.000000
0.354600	144.000000
0.354620	152.000000
0.354640	159.000000
0.354660	164.000000
0.354680	167.000000
0.354700	167.000000
0.354720	165.000000
0.354740	162.000000
0.354760	157.000000
0.354780	152.000000
0.354800	147.000000
0.354820	143.000000
0.354840	140.000000
0.354860	138.000000
0.354880	137.000000
0.354900	137.000000
0.354920	138.000000
0.354940	141.000000
0.354960	145.000000
0.354980	148.000000
0.355000	150.000000
0.355020	152.000000
0.355040	152.000000
0.355060	153.000000
0.355080	153.000000
0.355100	153.000000
0.355120	153.000000
0.355140	151.000000
0.355160	149.000000
0.355180	147.000000
0.355200	146.000000
0.355220	145.000000
0.355240	145.000000
0.355260	145.000000
0.355280	145.000000
0.355300	145.000000
0.355320	144.000000
0.355340	144.000000
0.355360	145.000000
0.355380	146.000000
0.355400	148.000000
0.355420	149.000000
0.355440	149.000000
0.355460	150.000000
0.355480	150.000000
0.355500	150.000000
0.355520	150.000000
0.355540	151.000000
0.355560	150.000000
0.355580	149.000000
0.355600	147.000000
0.355620	147.000000
0.355640	146.000000
0.355660	147.000000
0.355680	147.000000
0.355700	147.000000
0.355720	147.000000
0.355740	147.000000
0.355760	147.000000
0.355780	147.000000
0.355800	147.000000
0.355820	147.000000
0.355840	146.000000
0.355860	145.000000
0.355880	143.000000
0.355900	144.000000
0.355920	147.000000
0.355940	152.000000
0.355960	158.000000
0.355980	162.000000
0.356000	163.000000
0.356020	160.000000
0.356040	155.000000
0.356060	148.000000
0.356080	143.000000
0.356100	141.000000
0.356120	141.000000
0.356140	143.000000
0.356160	143.000000
0.356180	139.000000
0.356200	133.000000
0.356220	128.000000
0.356240	128.000000
0.356260	134.000000
0.356280	146.000000
0.356300	159.000000
0.356320	168.000000
0.356340	172.000000
0.356360	168.000000
0.356380	161.000000
0.356400	155.000000
0.356420	153.000000
0.356440	155.000000
0.356460	158.000000
0.356480	159.000000
0.356500	156.000000
0.356520	148.000000
0.356540	138.000000
0.356560	127.000000
0.356580	118.000000
0.356600	112.000000
0.356620	113.000000
0.356640	119.000000
0.356660	127.000000
0.356680	136.000000
0.356700	146.000000
0.356720	156.000000
0.356740	169.000000
0.356760	182.000000
0.356780	193.000000
0.356800	199.000000
0.356820	200.000000
0.356840	194.000000
0.356860	182.000000
0.356880	165.000000
0.356900	144.000000
0.356920	122.000000
0.356940	104.000000
0.356960	91.000000
0.356980	85.000000
0.357000	87.000000
0.357020	95.000000
0.357040	110.000000
0.357060	129.000000
0.357080	150.000000
0.357100	170.000000
0.357120	187.000000
0.357140	199.000000
0.357160	204.000000
0.357180	203.000000
0.357200	195.000000
0.357220	182.000000
0.357240	165.000000
0.357260	147.000000
0.357280	130.000000
0.357300	116.000000
0.357320	106.000000
0.357340	102.000000
0.357360	104.000000
0.357380	112.000000
0.357400	123.000000
0.357420	136.000000
0.357440	150.000000
0.357460	161.000000
0.357480	170.000000
0.357500	176.000000
0.357520	178.000000
0.357540	178.000000
0.357560	173.000000
0.357580	165.000000
0.357600	155.000000
0.357620	144.000000
0.357640	136.000000
0.357660	130.000000
0.357680	127.000000
0.357700	126.000000
0.357720	128.000000
0.357740	132.000000
0.357760	138.000000
0.357780	144.000000
0.357800	150.000000
0.357820	155.000000
0.357840	159.000000
0.357860	161.000000
0.357880	161.000000
0.357900	160.000000
0.357920	158.000000
0.357940	155.000000
0.357960	152.000000
0.357980	149.000000
0.358000	145.000000
0.358020	143.000000
0.358040	142.000000
0.358060	142.000000
0.358080	142.000000
0.358100	141.000000
0.358120	142.000000
0.358140	144.000000
0.358160	147.000000
0.358180	149.000000
0.358200	151.000000
0.358220	151.000000
0.358240	152.000000
0.358260	153.000000
0.358280	154.000000
0.358300	153.000000
0.358320	152.000000
0.358340	151.000000
0.358360	151.000000
0.358380	150.000000
0.358400	148.000000
0.358420	146.000000
0.358440	145.000000
0.358460	144.000000
0.358480	144.000000
0.358500	144.000000
0.358520	144.000000
0.358540	144.000000
0.358560	145.000000
0.358580	147.000000
0.358600	149.000000
0.358620	151.000000
0.358640	152.000000
0.358660	152.000000
0.358680	151.000000
0.358700	150.000000
0.358720	149.000000
0.358740	149.000000
0.358760	149.000000
0.358780	148.000000
0.358800	147.000000
0.358820	146.000000
0.358840	146.000000
0.358860	147.000000
0.358880	147.000000
0.358900	147.000000
0.358920	147.000000
0.358940	148.000000
0.358960	149.000000
0.358980	149.000000
0.359000	148.000000
0.359020	147.000000
0.359040	145.000000
0.359060	145.000000
0.359080	146.000000
0.359100	148.000000
0.359120	150.000000
0.359140	153.000000
0.359160	155.000000
0.359180	155.000000
0.359200	153.000000
0.359220	149.000000
0.359240	146.000000
0.359260	144.000000
0.359280	144.000000
0.359300	146.000000
0.359320	147.000000
0.359340	147.000000
0.359360	146.000000
0.359380	143.000000
0.359400	141.000000
0.359420	140.000000
0.359440	143.000000
0.359460	148.000000
0.359480	155.000000
0.359500	160.000000
0.359520	161.000000
0.359540	159.000000
0.359560	154.000000
0.359580	150.000000
0.359600	148.000000
0.359620	148.000000
0.359640	152.000000
0.359660	154.000000
0.359680	154.000000
0.359700	150.000000
0.359720	143.000000
0.359740	136.000000
0.359760	131.000000
0.359780	130.000000
0.359800	131.000000
0.359820	133.000000
0.359840	136.000000
0.359860	140.000000
0.359880	146.000000
0.359900	152.000000
0.359920	159.000000
0.359940	165.000000
0.359960	171.000000
0.359980	176.000000
0.360000	177.000000
0.360020	174.000000
0.360040	167.000000
0.360060	157.000000
0.360080	146.000000
0.360100	134.000000
0.360120	124.000000
0.360140	118.000000
0.360160	114.000000
0.360180	115.000000
0.360200	119.000000
0.360220	126.000000
0.360240	136.000000
0.360260	148.000000
0.360280	160.000000
0.360300	170.000000
0.360320	177.000000
0.360340	180.000000
0.360360	179.000000
0.360380	174.000000
0.360400	167.000000
0.360420	157.000000
0.360440	147.000000
0.360460	138.000000
0.360480	130.000000
0.360500	126.000000
0.360520	123.000000
0.360540	124.000000
0.360560	128.000000
0.360580	135.000000
0.360600	143.000000
0.360620	151.000000
0.360640	157.000000
0.360660	160.000000
0.360680	163.000000
0.360700	164.000000
0.360720	164.000000
0.360740	162.000000
0.360760	158.000000
0.360780	152.000000
0.360800	146.000000
0.360820	142.000000
0.360840	138.000000
0.360860	136.000000
0.360880	135.000000
0.360900	135.000000
0.360920	137.000000
0.360940	141.000000
0.360960	144.000000
0.360980	148.000000
0.361000	152.000000
0.361020	155.000000
0.361040	157.000000
0.361060	158.000000
0.361080	157.000000
0.361100	156.000000
0.361120	154.000000
0.361140	153.000000
0.361160	151.000000
0.361180	148.000000
0.361200	146.000000
0.361220	145.000000
0.361240	143.000000
0.361260	143.000000
0.361280	143.000000
0.361300	144.000000
0.361320	146.000000
0.361340	147.000000
0.361360	148.000000
0.361380	147.000000
0.361400	147.000000
0.361420	148.000000
0.361440	150.000000
0.361460	151.000000
0.361480	151.000000
0.361500	151.000000
0.361520	151.000000
0.361540	152.000000
0.361560	151.000000
0.361580	150.000000
0.361600	148.000000
0.361620	145.000000
0.361640	144.000000
0.361660	143.000000
0.361680	143.000000
0.361700	143.000000
0.361720	143.000000
0.361740	144.000000
0.361760	145.000000
0.361780	147.000000
0.361800	149.000000
0.361820	151.000000
0.361840	152.000000
0.361860	154.000000
0.361880	154.000000
0.361900	153.000000
0.361920	151.000000
0.361940	149.000000
0.361960	148.000000
0.361980	146.000000
0.362000	145.000000
0.362020	145.000000
0.362040	144.000000
0.362060	144.000000
0.362080	144.000000
0.362100	144.000000
0.362120	146.000000
0.362140	148.000000
0.362160	150.000000
0.362180	151.000000
0.362200	152.000000
0.362220	152.000000
0.362240	151.000000
0.362260	149.000000
0.362280	148.000000
0.362300	148.000000
0.362320	148.000000
0.362340	149.000000
0.362360	149.000000
0.362380	148.000000
0.362400	146.000000
0.362420	145.000000
0.362440	144.000000
0.362460	145.000000
0.362480	147.000000
0.362500	149.000000
0.362520	150.000000
0.362540	151.000000
0.362560	149.000000
0.362580	146.000000
0.362600	144.000000
0.362620	144.000000
0.362640	147.000000
0.362660	151.000000
0.362680	154.000000
0.362700	154.000000
0.362720	151.000000
0.362740	148.000000
0.362760	145.000000
0.362780	145.000000
0.362800	146.000000
0.362820	149.000000
0.362840	151.000000
0.362860	151.000000
0.362880	149.000000
0.362900	146.000000
0.362920	142.000000
0.362940	140.000000
0.362960	139.000000
0.362980	140.000000
0.363000	142.000000
0.363020	146.000000
0.363040	149.000000
0.363060	151.000000
0.363080	153.000000
0.363100	153.000000
0.363120	154.000000
0.363140	156.000000
0.363160	158.000000
0.363180	160.000000
0.363200	159.000000
0.363220	155.000000
0.363240	150.000000
0.363260	144.000000
0.363280	138.000000
0.363300	134.000000
0.363320	131.000000
0.363340	131.000000
0.363360	133.000000
0.363380	137.000000
0.363400	142.000000
0.363420	148.000000
0.363440	154.000000
0.363460	159.000000
0.363480	162.000000
0.363500	162.000000
0.363520	162.000000
0.363540	160.000000
0.363560	157.000000
0.363580	153.000000
0.363600	147.000000
0.363620	141.000000
0.363640	137.000000
0.363660	135.000000
0.363680	135.000000
0.363700	136.000000
0.363720	139.000000
0.363740	142.000000
0.363760	145.000000
0.363780	149.000000
0.363800	152.000000
0.363820	155.000000
0.363840	157.000000
0.363860	159.000000
0.363880	159.000000
0.363900	157.000000
0.363920	153.000000
0.363940	149.000000
0.363960	146.000000
0.363980	144.000000
0.364000	143.000000
0.364020	142.000000
0.364040	143.000000
0.364060	143.000000
0.364080	144.000000
0.364100	145.000000
0.364120	146.000000
0.364140	148.000000
0.364160	149.000000
0.364180	150.000000
0.364200	151.000000
0.364220	153.000000
0.364240	153.000000
0.364260	152.000000
0.364280	150.000000
0.364300	148.000000
0.364320	147.000000
0.364340	147.000000
0.364360	146.000000
0.364380	146.000000
0.364400	145.000000
0.364420	144.000000
0.364440	145.000000
0.364460	146.000000
0.364480	147.000000
0.364500	147.000000
0.364520	147.000000
0.364540	148.000000
0.364560	149.000000
0.364580	150.000000
0.364600	150.000000
0.364620	150.000000
0.364640	150.000000
0.364660	151.000000
0.364680	151.000000
0.364700	151.000000
0.364720	151.000000
0.364740	151.000000
0.364760	150.000000
0.364780	148.000000
0.364800	146.000000
0.364820	144.000000
0.364840	143.000000
0.364860	143.000000
0.364880	143.000000
0.364900	143.000000
0.364920	144.000000
0.364940	146.000000
0.364960	148.000000
0.364980	149.000000
0.365000	151.000000
0.365020	151.000000
0.365040	152.000000
0.365060	152.000000
0.365080	153.000000
0.365100	153.000000
0.365120	152.000000
0.365140	150.000000
0.365160	147.000000
0.365180	145.000000
0.365200	144.000000
0.365220	144.000000
0.365240	144.000000
0.365260	145.000000
0.365280	145.000000
0.365300	146.000000
0.365320	148.000000
0.365340	150.000000
0.365360	152.000000
0.365380	153.000000
0.365400	152.000000
0.365420	150.000000
0.365440	149.000000
0.365460	148.000000
0.365480	148.000000
0.365500	147.000000
0.365520	147.000000
0.365540	147.000000
0.365560	147.000000
0.365580	145.000000
0.365600	143.000000
0.365620	141.000000
0.365640	142.000000
0.365660	145.000000
0.365680	148.000000
0.365700	150.000000
0.365720	151.000000
0.365740	150.000000
0.365760	148.000000
0.365780	147.000000
0.365800	147.000000
0.365820	148.000000
0.365840	150.000000
0.365860	152.000000
0.365880	152.000000
0.365900	149.000000
0.365920	145.000000
0.365940	142.000000
0.365960	141.000000
0.365980	142.000000
0.366000	145.000000
0.366020	148.000000
0.366040	150.000000
0.366060	150.000000
0.366080	148.000000
0.366100	145.000000
0.366120	143.000000
0.366140	143.000000
0.366160	144.000000
0.366180	147.000000
0.366200	149.000000
0.366220	151.000000
0.366240	152.000000
0.366260	153.000000
0.366280	153.000000
0.366300	152.000000
0.366320	151.000000
0.366340	150.000000
0.366360	149.000000
0.366380	148.000000
0.366400	146.000000
0.366420	143.000000
0.366440	140.000000
0.366460	138.000000
0.366480	137.000000
0.366500	138.000000
0.366520	141.000000
0.366540	145.000000
0.366560	150.000000
0.366580	155.000000
0.366600	158.000000
0.366620	161.000000
0.366640	163.000000
0.366660	163.000000
0.366680	160.000000
0.366700	156.000000
0.366720	151.000000
0.366740	146.000000
0.366760	143.000000
0.366780	140.000000
0.366800	138.000000
0.366820	137.000000
0.366840	136.000000
0.366860	138.000000
0.366880	141.000000
0.366900	145.000000
0.366920	149.000000
0.366940	153.000000
0.366960	155.000000
0.366980	157.000000
0.367000	158.000000
0.367020	158.000000
0.367040	158.000000
0.367060	156.000000
0.367080	152.000000
0.367100	148.000000
0.367120	144.000000
0.367140	142.000000
0.367160	141.000000
0.367180	140.000000
0.367200	140.000000
0.367220	141.000000
0.367240	143.000000
0.367260	145.000000
0.367280	147.000000
0.367300	149.000000
0.367320	150.000000
0.367340	152.000000
0.367360	153.000000
0.367380	153.000000
0.367400	153.000000
0.367420	152.000000
0.367440	151.000000
0.367460	151.000000
0.367480	150.000000
0.367500	147.000000
0.367520	145.000000
0.367540	144.000000
0.367560	144.000000
0.367580	145.000000
0.367600	145.000000
0.367620	146.000000
0.367640	147.000000
0.367660	148.000000
0.367680	149.000000
0.367700	149.000000
0.367720	149.000000
0.367740	149.000000
0.367760	149.000000
0.367780	149.000000
0.367800	149.000000
0.367820	149.000000
0.367840	149.000000
0.367860	150.000000
0.367880	149.000000
0.367900	148.000000
0.367920	147.000000
0.367940	147.000000
0.367960	147.000000
0.367980	146.000000
0.368000	145.000000
0.368020	143.000000
0.368040	143.000000
0.368060	143.000000
0.368080	145.000000
0.368100	145.000000
0.368120	145.000000
0.368140	145.000000
0.368160	146.000000
0.368180	148.000000
0.368200	150.000000
0.368220	152.000000
0.368240	152.000000
0.368260	152.000000
0.368280	151.000000
0.368300	150.000000
0.368320	148.000000
0.368340	146.000000
0.368360	145.000000
0.368380	144.000000
0.368400	144.000000
0.368420	144.000000
0.368440	145.000000
0.368460	145.000000
0.368480	147.000000
0.368500	148.000000
0.368520	150.000000
0.368540	151.000000
0.368560	151.000000
0.368580	152.000000
0.368600	151.000000
0.368620	151.000000
0.368640	150.000000
0.368660	149.000000
0.368680	148.000000
0.368700	148.000000
0.368720	147.000000
0.368740	145.000000
0.368760	143.000000
0.368780	141.000000
0.368800	141.000000
0.368820	143.000000
0.368840	145.000000
0.368860	148.000000
0.368880	150.000000
0.368900	152.000000
0.368920	153.000000
0.368940	152.000000
0.368960	151.000000
0.368980	149.000000
0.369000	149.000000
0.369020	151.000000
0.369040	152.000000
0.369060	152.000000
0.369080	150.000000
0.369100	146.000000
0.369120	142.000000
0.369140	140.000000
0.369160	141.000000
0.369180	143.000000
0.369200	146.000000
0.369220	149.000000
0.369240	150.000000
0.369260	149.000000
0.369280	147.000000
0.369300	144.000000
0.369320	143.000000
0.369340	145.000000
0.369360	149.000000
0.369380	153.000000
0.369400	156.000000
0.369420	157.000000
0.369440	157.000000
0.369460	157.000000
0.369480	156.000000
0.369500	154.000000
0.369520	152.000000
0.369540	149.000000
0.369560	146.000000
0.369580	143.000000
0.369600	139.000000
0.369620	135.000000
0.369640	134.000000
0.369660	134.000000
0.369680	136.000000
0.369700	140.000000
0.369720	145.000000
0.369740	150.000000
0.369760	156.000000
0.369780	160.000000
0.369800	163.000000
0.369820	164.000000
0.369840	164.000000
0.369860	162.000000
0.369880	158.000000
0.369900	152.000000
0.369920	146.000000
0.369940	140.000000
0.369960	136.000000
0.369980	134.000000
0.370000	133.000000
0.370020	134.000000
0.370040	137.000000
0.370060	141.000000
0.370080	145.000000
0.370100	150.000000
0.370120	154.000000
0.370140	157.000000
0.370160	159.000000
0.370180	159.000000
0.370200	157.000000
0.370220	155.000000
0.370240	153.000000
0.370260	150.000000
0.370280	148.000000
0.370300	144.000000
0.370320	142.000000
0.370340	140.000000
0.370360	140.000000
0.370380	141.000000
0.370400	142.000000
0.370420	142.000000
0.370440	143.000000
0.370460	146.000000
0.370480	149.000000
0.370500	152.000000
0.370520	153.000000
0.370540	153.000000
0.370560	153.000000
0.370580	153.000000
0.370600	153.000000
0.370620	152.000000
0.370640	150.000000
0.370660	149.000000
0.370680	148.000000
0.370700	146.000000
0.370720	145.000000
0.370740	144.000000
0.370760	144.000000
0.370780	145.000000
0.370800	146.000000
0.370820	147.000000
0.370840	147.000000
0.370860	147.000000
0.370880	148.000000
0.370900	148.000000
0.370920	149.000000
0.370940	149.000000
0.370960	149.000000
0.370980	149.000000
0.371000	150.000000
0.371020	150.000000
0.371040	149.000000
0.371060	149.000000
0.371080	149.000000
0.371100	149.000000
0.371120	148.000000
0.371140	148.000000
0.371160	148.000000
0.371180	148.000000
0.371200	147.000000
0.371220	146.000000
0.371240	145.000000
0.371260	144.000000
0.371280	145.000000
0.371300	146.000000
0.371320	147.000000
0.371340	148.000000
0.371360	149.000000
0.371380	150.000000
0.371400	151.000000
0.371420	151.000000
0.371440	151.000000
0.371460	150.000000
0.371480	150.000000
0.371500	150.000000
0.371520	148.000000
0.371540	145.000000
0.371560	143.000000
0.371580	142.000000
0.371600	143.000000
0.371620	145.000000
0.371640	146.000000
0.371660	146.000000
0.371680	147.000000
0.371700	149.000000
0.371720	150.000000
0.371740	151.000000
0.371760	152.000000
0.371780	152.000000
0.371800	152.000000
0.371820	151.000000
0.371840	150.000000
0.371860	148.000000
0.371880	147.000000
0.371900	146.000000
0.371920	145.000000
0.371940	144.000000
0.371960	142.000000
0.371980	142.000000
0.372000	142.000000
0.372020	143.000000
0.372040	146.000000
0.372060	149.000000
0.372080	151.000000
0.372100	152.000000
0.372120	152.000000
0.372140	151.000000
0.372160	150.000000
0.372180	150.000000
0.372200	152.000000
0.372220	153.000000
0.372240	154.000000
0.372260	153.000000
0.372280	150.000000
0.372300	146.000000
0.372320	143.000000
0.372340	141.000000
0.372360	142.000000
0.372380	144.000000
0.372400	146.000000
0.372420	148.000000
0.372440	148.000000
0.372460	147.000000
0.372480	145.000000
0.372500	145.000000
0.372520	145.000000
0.372540	148.000000
0.372560	151.000000
0.372580	154.000000
0.372600	156.000000
0.372620	157.000000
0.372640	156.000000
0.372660	154.000000
0.372680	152.000000
0.372700	151.000000
0.372720	149.000000
0.372740	146.000000
0.372760	143.000000
0.372780	139.000000
0.372800	135.000000
0.372820	132.000000
0.372840	132.000000
0.372860	134.000000
0.372880	139.000000
0.372900	145.000000
0.372920	150.000000
0.372940	155.000000
0.372960	158.000000
0.372980	161.000000
0.373000	164.000000
0.373020	165.000000
0.373040	163.000000
0.373060	158.000000
0.373080	151.000000
0.373100	145.000000
0.373120	140.000000
0.373140	137.000000
0.373160	135.000000
0.373180	134.000000
0.373200	134.000000
0.373220	136.000000
0.373240	140.000000
0.373260	144.000000
0.373280	147.000000
0.373300	151.000000
0.373320	154.000000
0.373340	157.000000
0.373360	159.000000
0.373380	159.000000
0.373400	158.000000
0.373420	155.000000
0.373440	151.000000
0.373460	148.000000
0.373480	145.000000
0.373500	143.000000
0.373520	142.000000
0.373540	141.000000
0.373560	141.000000
0.373580	142.000000
0.373600	143.000000
0.373620	145.000000
0.373640	147.000000
0.373660	148.000000
0.373680	150.000000
0.373700	151.000000
0.373720	151.000000
0.373740	152.000000
0.373760	151.000000
0.373780	151.000000
0.373800	150.000000
0.373820	149.000000
0.373840	148.000000
0.373860	146.000000
0.373880	145.000000
0.373900	144.000000
0.373920	144.000000
0.373940	145.000000
0.373960	146.000000
0.373980	146.000000
0.374000	146.000000
0.374020	147.000000
0.374040	148.000000
0.374060	149.000000
0.374080	150.000000
0.374100	150.000000
0.374120	150.000000
0.374140	150.000000
0.374160	151.000000
0.374180	151.000000
0.374200	151.000000
0.374220	151.000000
0.374240	150.000000
0.374260	149.000000
0.374280	148.000000
0.374300	147.000000
0.374320	147.000000
0.374340	146.000000
0.374360	146.000000
0.374380	146.000000
0.374400	145.000000
0.374420	144.000000
0.374440	144.000000
0.374460	144.000000
0.374480	145.000000
0.374500	147.000000
0.374520	148.000000
0.374540	150.000000
0.374560	151.000000
0.374580	151.000000
0.374600	152.000000
0.374620	151.000000
0.374640	150.000000
0.374660	149.000000
0.374680	147.000000
0.374700	146.000000
0.374720	146.000000
0.374740	145.000000
0.374760	144.000000
0.374780	142.000000
0.374800	141.000000
0.374820	141.000000
0.374840	144.000000
0.374860	147.000000
0.374880	150.000000
0.374900	152.000000
0.374920	153.000000
0.374940	153.000000
0.374960	154.000000
0.374980	153.000000
0.375000	152.000000
0.375020	150.000000
0.375040	149.000000
0.375060	148.000000
0.375080	147.000000
0.375100	147.000000
0.375120	146.000000
0.375140	145.000000
0.375160	144.000000
0.375180	143.000000
0.375200	144.000000
0.375220	145.000000
0.375240	147.000000
0.375260	150.000000
0.375280	151.000000
0.375300	152.000000
0.375320	151.000000
0.375340	150.000000
0.375360	150.000000
0.375380	151.000000
0.375400	152.000000
0.375420	152.000000
0.375440	152.000000
0.375460	150.000000
0.375480	148.000000
0.375500	145.000000
0.375520	142.000000
0.375540	141.000000
0.375560	141.000000
0.375580	143.000000
0.375600	145.000000
0.375620	146.000000
0.375640	146.000000
0.375660	145.000000
0.375680	144.000000
0.375700	144.000000
0.375720	146.000000
0.375740	148.000000
0.375760	151.000000
0.375780	154.000000
0.375800	157.000000
0.375820	158.000000
0.375840	158.000000
0.375860	157.000000
0.375880	155.000000
0.375900	152.000000
0.375920	148.000000
0.375940	144.000000
0.375960	140.000000
0.375980	138.000000
0.376000	136.000000
0.376020	134.000000
0.376040	134.000000
0.376060	136.000000
0.376080	140.000000
0.376100	145.000000
0.376120	151.000000
0.376140	156.000000
0.376160	160.000000
0.376180	163.000000
0.376200	164.000000
0.376220	164.000000
0.376240	161.000000
0.376260	156.000000
0.376280	150.000000
0.376300	144.000000
0.376320	140.000000
0.376340	137.000000
0.376360	135.000000
0.376380	133.000000
0.376400	133.000000
0.376420	135.000000
0.376440	140.000000
0.376460	146.000000
0.376480	151.000000
0.376500	154.000000
0.376520	156.000000
0.376540	156.000000
0.376560	155.000000
0.376580	154.000000
0.376600	152.000000
0.376620	150.000000
0.376640	148.000000
0.376660	147.000000
0.376680	145.000000
0.376700	144.000000
0.376720	143.000000
0.376740	142.000000
0.376760	142.000000
0.376780	142.000000
0.376800	143.000000
0.376820	145.000000
0.376840	146.000000
0.376860	148.000000
0.376880	149.000000
0.376900	150.000000
0.376920	151.000000
0.376940	151.000000
0.376960	150.000000
0.376980	150.000000
0.377000	149.000000
0.377020	148.000000
0.377040	148.000000
0.377060	148.000000
0.377080	148.000000
0.377100	148.000000
0.377120	147.000000
0.377140	147.000000
0.377160	147.000000
0.377180	148.000000
0.377200	149.000000
0.377220	149.000000
0.377240	149.000000
0.377260	149.000000
0.377280	148.000000
0.377300	148.000000
0.377320	148.000000
0.377340	148.000000
0.377360	149.000000
0.377380	149.000000
0.377400	149.000000
0.377420	148.000000
0.377440	147.000000
0.377460	147.000000
0.377480	148.000000
0.377500	149.000000
0.377520	149.000000
0.377540	147.000000
0.377560	146.000000
0.377580	146.000000
0.377600	146.000000
0.377620	146.000000
0.377640	145.000000
0.377660	145.000000
0.377680	145.000000
0.377700	147.000000
0.377720	149.000000
0.377740	151.000000
0.377760	152.000000
0.377780	153.000000
0.377800	153.000000
0.377820	152.000000
0.377840	151.000000
0.377860	149.000000
0.377880	147.000000
0.377900	145.000000
0.377920	144.000000
0.377940	143.000000
0.377960	143.000000
0.377980	143.000000
0.378000	143.000000
0.378020	144.000000
0.378040	146.000000
0.378060	148.000000
0.378080	150.000000
0.378100	151.000000
0.378120	153.000000
0.378140	153.000000
0.378160	153.000000
0.378180	151.000000
0.378200	150.000000
0.378220	148.000000
0.378240	147.000000
0.378260	145.000000
0.378280	145.000000
0.378300	145.000000
0.378320	144.000000
0.378340	144.000000
0.378360	143.000000
0.378380	143.000000
0.378400	144.000000
0.378420	146.000000
0.378440	148.000000
0.378460	150.000000
0.378480	151.000000
0.378500	151.000000
0.378520	151.000000
0.378540	151.000000
0.378560	150.000000
0.378580	150.000000
0.378600	151.000000
0.378620	151.000000
0.378640	150.000000
0.378660	148.000000
0.378680	145.000000
0.378700	143.000000
0.378720	142.000000
0.378740	143.000000
0.378760	145.000000
0.378780	147.000000
0.378800	148.000000
0.378820	148.000000
0.378840	147.000000
0.378860	145.000000
0.378880	144.000000
0.378900	144.000000
0.378920	146.000000
0.378940	149.000000
0.378960	152.000000
0.378980	154.000000
0.379000	155.000000
0.379020	155.000000
0.379040	154.000000
0.379060	153.000000
0.379080	151.000000
0.379100	149.000000
0.379120	146.000000
0.379140	143.000000
0.379160	140.000000
0.379180	138.000000
0.379200	136.000000
0.379220	136.000000
0.379240	138.000000
0.379260	141.000000
0.379280	144.000000
0.379300	148.000000
0.379320	152.000000
0.379340	156.000000
0.379360	159.000000
0.379380	160.000000
0.379400	160.000000
0.379420	158.000000
0.379440	155.000000
0.379460	152.000000
0.379480	148.000000
0.379500	144.000000
0.379520	140.000000
0.379540	138.000000
0.379560	136.000000
0.379580	137.000000
0.379600	138.000000
0.379620	141.000000
0.379640	144.000000
0.379660	148.000000
0.379680	151.000000
0.379700	154.000000
0.379720	156.000000
0.379740	157.000000
0.379760	158.000000
0.379780	157.000000
0.379800	155.000000
0.379820	152.000000
0.379840	149.000000
0.379860	146.000000
0.379880	145.000000
0.379900	143.000000
0.379920	142.000000
0.379940	142.000000
0.379960	142.000000
0.379980	143.000000
0.380000	145.000000
0.380020	146.000000
0.380040	147.000000
0.380060	149.000000
0.380080	150.000000
0.380100	151.000000
0.380120	152.000000
0.380140	152.000000
0.380160	151.000000
0.380180	150.000000
0.380200	150.000000
0.380220	149.000000
0.380240	148.000000
0.380260	146.000000
0.380280	144.000000
0.380300	143.000000
0.380320	143.000000
0.380340	144.000000
0.380360	146.000000
0.380380	147.000000
0.380400	147.000000
0.380420	147.000000
0.380440	148.000000
0.380460	148.000000
0.380480	149.000000
0.380500	149.000000
0.380520	150.000000
0.380540	150.000000
0.380560	150.000000
0.380580	150.000000
0.380600	151.000000
0.380620	150.000000
0.380640	149.000000
0.380660	148.000000
0.380680	147.000000
0.380700	147.000000
0.380720	146.000000
0.380740	145.000000
0.380760	144.000000
0.380780	143.000000
0.380800	143.000000
0.380820	144.000000
0.380840	145.000000
0.380860	145.000000
0.380880	146.000000
0.380900	147.000000
0.380920	149.000000
0.380940	151.000000
0.380960	153.000000
0.380980	154.000000
0.381000	153.000000
0.381020	152.000000
0.381040	150.000000
0.381060	148.000000
0.381080	146.000000
0.381100	145.000000
0.381120	144.000000
0.381140	142.000000
0.381160	140.000000
0.381180	140.000000
0.381200	141.000000
0.381220	144.000000
0.381240	146.000000
0.381260	148.000000
0.381280	150.000000
0.381300	152.000000
0.381320	154.000000
0.381340	154.000000
0.381360	153.000000
0.381380	152.000000
0.381400	150.000000
0.381420	149.000000
0.381440	147.000000
0.381460	145.000000
0.381480	143.000000
0.381500	143.000000
0.381520	143.000000
0.381540	143.000000
0.381560	143.000000
0.381580	143.000000
0.381600	144.000000
0.381620	147.000000
0.381640	150.000000
0.381660	153.000000
0.381680	154.000000
0.381700	153.000000
0.381720	152.000000
0.381740	152.000000
0.381760	152.000000
0.381780	152.000000
0.381800	152.000000
0.381820	151.000000
0.381840	149.000000
0.381860	147.000000
0.381880	145.000000
0.381900	143.000000
0.381920	142.000000
0.381940	142.000000
0.381960	143.000000
0.381980	144.000000
0.382000	145.000000
0.382020	146.000000
0.382040	145.000000
0.382060	145.000000
0.382080	145.000000
0.382100	146.000000
0.382120	149.000000
0.382140	151.000000
0.382160	152.000000
0.382180	153.000000
0.382200	152.000000
0.382220	152.000000
0.382240	152.000000
0.382260	151.000000
0.382280	150.000000
0.382300	148.000000
0.382320	146.000000
0.382340	143.000000
0.382360	141.000000
0.382380	140.000000
0.382400	139.000000
0.382420	138.000000
0.382440	139.000000
0.382460	142.000000
0.382480	145.000000
0.382500	149.000000
0.382520	153.000000
0.382540	156.000000
0.382560	157.000000
0.382580	158.000000
0.382600	158.000000
0.382620	157.000000
0.382640	155.000000
0.382660	152.000000
0.382680	147.000000
0.382700	144.000000
0.382720	141.000000
0.382740	140.000000
0.382760	140.000000
0.382780	140.000000
0.382800	141.000000
0.382820	143.000000
0.382840	145.000000
0.382860	148.000000
0.382880	150.000000
0.382900	151.000000
0.382920	152.000000
0.382940	152.000000
0.382960	153.000000
0.382980	152.000000
0.383000	151.000000
0.383020	150.000000
0.383040	148.000000
0.383060	147.000000
0.383080	147.000000
0.383100	146.000000
0.383120	146.000000
0.383140	145.000000
0.383160	145.000000
0.383180	145.000000
0.383200	146.000000
0.383220	147.000000
0.383240	148.000000
0.383260	148.000000
0.383280	148.000000
0.383300	148.000000
0.383320	148.000000
0.383340	148.000000
0.383360	148.000000
0.383380	149.000000
0.383400	150.000000
0.383420	151.000000
0.383440	150.000000
0.383460	149.000000
0.383480	147.000000
0.383500	145.000000
0.383520	145.000000
0.383540	145.000000
0.383560	146.000000
0.383580	147.000000
0.383600	148.000000
0.383620	149.000000
0.383640	149.000000
0.383660	149.000000
0.383680	149.000000
0.383700	149.000000
0.383720	149.000000
0.383740	149.000000
0.383760	149.000000
0.383780	150.000000
0.383800	150.000000
0.383820	151.000000
0.383840	150.000000
0.383860	149.000000
0.383880	148.000000
0.383900	147.000000
0.383920	147.000000
0.383940	147.000000
0.383960	147.000000
0.383980	146.000000
0.384000	145.000000
0.384020	144.000000
0.384040	143.000000
0.384060	144.000000
0.384080	145.000000
0.384100	148.000000
0.384120	151.000000
0.384140	153.000000
0.384160	154.000000
0.384180	153.000000
0.384200	153.000000
0.384220	152.000000
0.384240	150.000000
0.384260	148.000000
0.384280	145.000000
0.384300	143.000000
0.384320	142.000000
0.384340	141.000000
0.384360	140.000000
0.384380	141.000000
0.384400	143.000000
0.384420	146.000000
0.384440	149.000000
0.384460	151.000000
0.384480	151.000000
0.384500	152.000000
0.384520	152.000000
0.384540	153.000000
0.384560	153.000000
0.384580	152.000000
0.384600	150.000000
0.384620	148.000000
0.384640	146.000000
0.384660	145.000000
0.384680	143.000000
0.384700	143.000000
0.384720	142.000000
0.384740	142.000000
0.384760	142.000000
0.384780	142.000000
0.384800	144.000000
0.384820	146.000000
0.384840	148.000000
0.384860	150.000000
0.384880	151.000000
0.384900	152.000000
0.384920	152.000000
0.384940	152.000000
0.384960	150.000000
0.384980	149.000000
0.385000	148.000000
0.385020	148.000000
0.385040	148.000000
0.385060	147.000000
0.385080	145.000000
0.385100	144.000000
0.385120	144.000000
0.385140	144.000000
0.385160	144.000000
0.385180	145.000000
0.385200	147.000000
0.385220	149.000000
0.385240	149.000000
0.385260	147.000000
0.385280	145.000000
0.385300	146.000000
0.385320	148.000000
0.385340	151.000000
0.385360	152.000000
0.385380	151.000000
0.385400	150.000000
0.385420	149.000000
0.385440	149.000000
0.385460	149.000000
0.385480	149.000000
0.385500	148.000000
0.385520	147.000000
0.385540	146.000000
0.385560	144.000000
0.385580	142.000000
0.385600	141.000000
0.385620	141.000000
0.385640	143.000000
0.385660	144.000000
0.385680	145.000000
0.385700	147.000000
0.385720	150.000000
0.385740	153.000000
0.385760	153.000000
0.385780	152.000000
0.385800	152.000000
0.385820	153.000000
0.385840	152.000000
0.385860	150.000000
0.385880	147.000000
0.385900	145.000000
0.385920	147.000000
0.385940	148.000000
0.385960	144.000000
0.385980	132.000000
