0.341500	103.000000
0.341520	60.000000
0.341540	122.000000
0.341560	169.000000
0.341580	173.000000
0.341600	151.000000
0.341620	135.000000
0.341640	141.000000
0.341660	155.000000
0.341680	158.000000
0.341700	148.000000
0.341720	139.000000
0.341740	141.000000
0.341760	150.000000
0.341780	152.000000
0.341800	146.000000
0.341820	142.000000
0.341840	145.000000
0.341860	151.000000
0.341880	154.000000
0.341900	150.000000
0.341920	146.000000
0.341940	147.000000
0.341960	151.000000
0.341980	152.000000
0.342000	148.000000
0.342020	145.000000
0.342040	147.000000
0.342060	151.000000
0.342080	152.000000
0.342100	148.000000
0.342120	144.000000
0.342140	145.000000
0.342160	148.000000
0.342180	149.000000
0.342200	147.000000
0.342220	144.000000
0.342240	145.000000
0.342260	148.000000
0.342280	148.000000
0.342300	146.000000
0.342320	144.000000
0.342340	145.000000
0.342360	149.000000
0.342380	150.000000
0.342400	148.000000
0.342420	146.000000
0.342440	147.000000
0.342460	149.000000
0.342480	151.000000
0.342500	149.000000
0.342520	148.000000
0.342540	148.000000
0.342560	150.000000
0.342580	150.000000
0.342600	147.000000
0.342620	146.000000
0.342640	147.000000
0.342660	150.000000
0.342680	151.000000
0.342700	148.000000
0.342720	146.000000
0.342740	146.000000
0.342760	147.000000
0.342780	149.000000
0.342800	148.000000
0.342820	148.000000
0.342840	150.000000
0.342860	152.000000
0.342880	153.000000
0.342900	152.000000
0.342920	150.000000
0.342940	149.000000
0.342960	150.000000
0.342980	151.000000
0.343000	149.000000
0.343020	147.000000
0.343040	147.000000
0.343060	148.000000
0.343080	148.000000
0.343100	147.000000
0.343120	146.000000
0.343140	146.000000
0.343160	147.000000
0.343180	147.000000
0.343200	146.000000
0.343220	144.000000
0.343240	145.000000
0.343260	146.000000
0.343280	147.000000
0.343300	147.000000
0.343320	147.000000
0.343340	148.000000
0.343360	149.000000
0.343380	150.000000
0.343400	149.000000
0.343420	148.000000
0.343440	147.000000
0.343460	148.000000
0.343480	149.000000
0.343500	149.000000
0.343520	149.000000
0.343540	149.000000
0.343560	148.000000
0.343580	147.000000
0.343600	146.000000
0.343620	145.000000
0.343640	146.000000
0.343660	148.000000
0.343680	149.000000
0.343700	148.000000
0.343720	147.000000
0.343740	147.000000
0.343760	148.000000
0.343780	148.000000
0.343800	147.000000
0.343820	146.000000
0.343840	147.000000
0.343860	148.000000
0.343880	149.000000
0.343900	148.000000
0.343920	148.000000
0.343940	148.000000
0.343960	148.000000
0.343980	149.000000
0.344000	148.000000
0.344020	148.000000
0.344040	148.000000
0.344060	148.000000
0.344080	148.000000
0.344100	146.000000
0.344120	146.000000
0.344140	147.000000
0.344160	148.000000
0.344180	149.000000
0.344200	148.000000
0.344220	148.000000
0.344240	148.000000
0.344260	150.000000
0.344280	150.000000
0.344300	149.000000
0.344320	148.000000
0.344340	149.000000
0.344360	150.000000
0.344380	149.000000
0.344400	148.000000
0.344420	146.000000
0.344440	146.000000
0.344460	147.000000
0.344480	147.000000
0.344500	146.000000
0.344520	146.000000
0.344540	146.000000
0.344560	147.000000
0.344580	147.000000
0.344600	147.000000
0.344620	146.000000
0.344640	147.000000
0.344660	149.000000
0.344680	151.000000
0.344700	151.000000
0.344720	151.000000
0.344740	151.000000
0.344760	151.000000
0.344780	151.000000
0.344800	150.000000
0.344820	149.000000
0.344840	149.000000
0.344860	150.000000
0.344880	149.000000
0.344900	148.000000
0.344920	147.000000
0.344940	146.000000
0.344960	147.000000
0.344980	146.000000
0.345000	146.000000
0.345020	145.000000
0.345040	146.000000
0.345060	148.000000
0.345080	149.000000
0.345100	148.000000
0.345120	148.000000
0.345140	148.000000
0.345160	149.000000
0.345180	150.000000
0.345200	150.000000
0.345220	149.000000
0.345240	149.000000
0.345260	150.000000
0.345280	150.000000
0.345300	149.000000
0.345320	148.000000
0.345340	147.000000
0.345360	147.000000
0.345380	148.000000
0.345400	147.000000
0.345420	147.000000
0.345440	146.000000
0.345460	146.000000
0.345480	147.000000
0.345500	147.000000
0.345520	148.000000
0.345540	149.000000
0.345560	150.000000
0.345580	150.000000
0.345600	148.000000
0.345620	147.000000
0.345640	147.000000
0.345660	147.000000
0.345680	148.000000
0.345700	148.000000
0.345720	147.000000
0.345740	148.000000
0.345760	148.000000
0.345780	148.000000
0.345800	147.000000
0.345820	146.000000
0.345840	146.000000
0.345860	147.000000
0.345880	149.000000
0.345900	148.000000
0.345920	147.000000
0.345940	146.000000
0.345960	146.000000
0.345980	147.000000
0.346000	149.000000
0.346020	150.000000
0.346040	151.000000
0.346060	151.000000
0.346080	150.000000
0.346100	149.000000
0.346120	148.000000
0.346140	148.000000
0.346160	148.000000
0.346180	149.000000
0.346200	149.000000
0.346220	149.000000
0.346240	149.000000
0.346260	149.000000
0.346280	149.000000
0.346300	148.000000
0.346320	147.000000
0.346340	147.000000
0.346360	148.000000
0.346380	148.000000
0.346400	147.000000
0.346420	147.000000
0.346440	147.000000
0.346460	148.000000
0.346480	148.000000
0.346500	148.000000
0.346520	148.000000
0.346540	148.000000
0.346560	149.000000
0.346580	150.000000
0.346600	149.000000
0.346620	148.000000
0.346640	148.000000
0.346660	148.000000
0.346680	148.000000
0.346700	147.000000
0.346720	147.000000
0.346740	146.000000
0.346760	146.000000
0.346780	147.000000
0.346800	146.000000
0.346820	146.000000
0.346840	146.000000
0.346860	146.000000
0.346880	148.000000
0.346900	148.000000
0.346920	149.000000
0.346940	149.000000
0.346960	150.000000
0.346980	150.000000
0.347000	150.000000
0.347020	149.000000
0.347040	148.000000
0.347060	148.000000
0.347080	148.000000
0.347100	147.000000
0.347120	147.000000
0.347140	147.000000
0.347160	148.000000
0.347180	149.000000
0.347200	149.000000
0.347220	149.000000
0.347240	148.000000
0.347260	148.000000
0.347280	148.000000
0.347300	147.000000
0.347320	146.000000
0.347340	145.000000
0.347360	146.000000
0.347380	148.000000
0.347400	149.000000
0.347420	149.000000
0.347440	148.000000
0.347460	148.000000
0.347480	148.000000
0.347500	147.000000
0.347520	147.000000
0.347540	147.000000
0.347560	148.000000
0.347580	148.000000
0.347600	149.000000
0.347620	148.000000
0.347640	148.000000
0.347660	147.000000
0.347680	148.000000
0.347700	148.000000
0.347720	148.000000
0.347740	148.000000
0.347760	147.000000
0.347780	146.000000
0.347800	146.000000
0.347820	146.000000
0.347840	147.000000
0.347860	147.000000
0.347880	148.000000
0.347900	148.000000
0.347920	148.000000
0.347940	148.000000
0.347960	147.000000
0.347980	146.000000
0.348000	144.000000
0.348020	144.000000
0.348040	144.000000
0.348060	146.000000
0.348080	150.000000
0.348100	154.000000
0.348120	160.000000
0.348140	164.000000
0.348160	166.000000
0.348180	162.000000
0.348200	155.000000
0.348220	146.000000
0.348240	139.000000
0.348260	134.000000
0.348280	133.000000
0.348300	134.000000
0.348320	135.000000
0.348340	133.000000
0.348360	130.000000
0.348380	128.000000
0.348400	129.000000
0.348420	136.000000
0.348440	149.000000
0.348460	165.000000
0.348480	178.000000
0.348500	184.000000
0.348520	181.000000
0.348540	173.000000
0.348560	163.000000
0.348580	155.000000
0.348600	153.000000
0.348620	153.000000
0.348640	154.000000
0.348660	151.000000
0.348680	143.000000
0.348700	131.000000
0.348720	117.000000
0.348740	106.000000
0.348760	100.000000
0.348780	102.000000
0.348800	110.000000
0.348820	122.000000
0.348840	137.000000
0.348860	151.000000
0.348880	166.000000
0.348900	181.000000
0.348920	196.000000
0.348940	209.000000
0.348960	217.000000
0.348980	217.000000
0.349000	208.000000
0.349020	192.000000
0.349040	168.000000
0.349060	138.000000
0.349080	108.000000
0.349100	81.000000
0.349120	62.000000
0.349140	55.000000
0.349160	58.000000
0.349180	72.000000
0.349200	95.000000
0.349220	123.000000
0.349240	155.000000
0.349260	185.000000
0.349280	209.000000
0.349300	225.000000
0.349320	230.000000
0.349340	227.000000
0.349360	214.000000
0.349380	194.000000
0.349400	169.000000
0.349420	142.000000
0.349440	116.000000
0.349460	96.000000
0.349480	83.000000
0.349500	78.000000
0.349520	81.000000
0.349540	93.000000
0.349560	110.000000
0.349580	131.000000
0.349600	152.000000
0.349620	170.000000
0.349640	184.000000
0.349660	193.000000
0.349680	196.000000
0.349700	193.000000
0.349720	184.000000
0.349740	172.000000
0.349760	159.000000
0.349780	146.000000
0.349800	134.000000
0.349820	125.000000
0.349840	119.000000
0.349860	118.000000
0.349880	120.000000
0.349900	125.000000
0.349920	132.000000
0.349940	140.000000
0.349960	148.000000
0.349980	156.000000
0.350000	161.000000
0.350020	165.000000
0.350040	165.000000
0.350060	164.000000
0.350080	161.000000
0.350100	156.000000
0.350120	151.000000
0.350140	146.000000
0.350160	142.000000
0.350180	139.000000
0.350200	138.000000
0.350220	138.000000
0.350240	140.000000
0.350260	142.000000
0.350280	143.000000
0.350300	145.000000
0.350320	148.000000
0.350340	151.000000
0.350360	154.000000
0.350380	156.000000
0.350400	156.000000
0.350420	155.000000
0.350440	154.000000
0.350460	151.000000
0.350480	149.000000
0.350500	147.000000
0.350520	146.000000
0.350540	146.000000
0.350560	145.000000
0.350580	145.000000
0.350600	144.000000
0.350620	145.000000
0.350640	146.000000
0.350660	147.000000
0.350680	148.000000
0.350700	148.000000
0.350720	148.000000
0.350740	149.000000
0.350760	150.000000
0.350780	150.000000
0.350800	150.000000
0.350820	149.000000
0.350840	149.000000
0.350860	149.000000
0.350880	149.000000
0.350900	148.000000
0.350920	147.000000
0.350940	146.000000
0.350960	145.000000
0.350980	144.000000
0.351000	144.000000
0.351020	145.000000
0.351040	147.000000
0.351060	149.000000
0.351080	149.000000
0.351100	149.000000
0.351120	149.000000
0.351140	149.000000
0.351160	149.000000
0.351180	149.000000
0.351200	147.000000
0.351220	146.000000
0.351240	146.000000
0.351260	149.000000
0.351280	152.000000
0.351300	157.000000
0.351320	161.000000
0.351340	163.000000
0.351360	162.000000
0.351380	157.000000
0.351400	149.000000
0.351420	140.000000
0.351440	135.000000
0.351460	133.000000
0.351480	135.000000
0.351500	137.000000
0.351520	138.000000
0.351540	135.000000
0.351560	131.000000
0.351580	128.000000
0.351600	131.000000
0.351620	142.000000
0.351640	157.000000
0.351660	172.000000
0.351680	180.000000
0.351700	180.000000
0.351720	172.000000
0.351740	162.000000
0.351760	155.000000
0.351780	152.000000
0.351800	153.000000
0.351820	156.000000
0.351840	156.000000
0.351860	152.000000
0.351880	142.000000
0.351900	128.000000
0.351920	114.000000
0.351940	106.000000
0.351960	104.000000
0.351980	109.000000
0.352000	117.000000
0.352020	129.000000
0.352040	143.000000
0.352060	157.000000
0.352080	172.000000
0.352100	186.000000
0.352120	198.000000
0.352140	207.000000
0.352160	212.000000
0.352180	209.000000
0.352200	197.000000
0.352220	176.000000
0.352240	150.000000
0.352260	121.000000
0.352280	96.000000
0.352300	76.000000
0.352320	64.000000
0.352340	63.000000
0.352360	71.000000
0.352380	88.000000
0.352400	112.000000
0.352420	140.000000
0.352440	169.000000
0.352460	195.000000
0.352480	214.000000
0.352500	224.000000
0.352520	224.000000
0.352540	216.000000
0.352560	201.000000
0.352580	180.000000
0.352600	156.000000
0.352620	131.000000
0.352640	109.000000
0.352660	93.000000
0.352680	85.000000
0.352700	85.000000
0.352720	93.000000
0.352740	107.000000
0.352760	124.000000
0.352780	142.000000
0.352800	159.000000
0.352820	173.000000
0.352840	184.000000
0.352860	190.000000
0.352880	190.000000
0.352900	184.000000
0.352920	174.000000
0.352940	162.000000
0.352960	151.000000
0.352980	139.000000
0.353000	130.000000
0.353020	124.000000
0.353040	121.000000
0.353060	122.000000
0.353080	126.000000
0.353100	131.000000
0.353120	137.000000
0.353140	144.000000
0.353160	152.000000
0.353180	159.000000
0.353200	163.000000
0.353220	165.000000
0.353240	164.000000
0.353260	161.000000
0.353280	157.000000
0.353300	153.000000
0.353320	148.000000
0.353340	144.000000
0.353360	141.000000
0.353380	140.000000
0.353400	139.000000
0.353420	139.000000
0.353440	140.000000
0.353460	142.000000
0.353480	144.000000
0.353500	146.000000
0.353520	148.000000
0.353540	150.000000
0.353560	151.000000
0.353580	152.000000
0.353600	153.000000
0.353620	152.000000
0.353640	152.000000
0.353660	151.000000
0.353680	150.000000
0.353700	148.000000
0.353720	147.000000
0.353740	145.000000
0.353760	144.000000
0.353780	144.000000
0.353800	145.000000
0.353820	145.000000
0.353840	145.000000
0.353860	145.000000
0.353880	146.000000
0.353900	146.000000
0.353920	148.000000
0.353940	150.000000
0.353960	151.000000
0.353980	152.000000
0.354000	151.000000
0.354020	150.000000
0.354040	150.000000
0.354060	150.000000
0.354080	149.000000
0.354100	148.000000
0.354120	147.000000
0.354140	146.000000
0.354160	145.000000
0.354180	145.000000
0.354200	145.000000
0.354220	146.000000
0.354240	146.000000
0.354260	147.000000
0.354280	148.000000
0.354300	149.000000
0.354320	149.000000
0.354340	150.000000
0.354360	150.000000
0.354380	149.000000
0.354400	148.000000
0.354420	147.000000
0.354440	148.000000
0.354460	150.000000
0.354480	153.000000
0.354500	157.000000
0.354520	158.000000
0.354540	158.000000
0.354560	154.000000
0.354580	149.000000
0.354600	143.000000
0.354620	138.000000
0.354640	137.000000
0.354660	139.000000
0.354680	141.000000
0.354700	141.000000
0.354720	139.000000
0.354740	135.000000
0.354760	133.000000
0.354780	135.000000
0.354800	142.000000
0.354820	152.000000
0.354840	162.000000
0.354860	169.000000
0.354880	170.000000
0.354900	165.000000
0.354920	158.000000
0.354940	152.000000
0.354960	150.000000
0.354980	151.000000
0.355000	154.000000
0.355020	155.000000
0.355040	153.000000
0.355060	147.000000
0.355080	139.000000
0.355100	129.000000
0.355120	122.000000
0.355140	120.000000
0.355160	122.000000
0.355180	128.000000
0.355200	134.000000
0.355220	141.000000
0.355240	148.000000
0.355260	156.000000
0.355280	166.000000
0.355300	176.000000
0.355320	184.000000
0.355340	189.000000
0.355360	189.000000
0.355380	183.000000
0.355400	171.000000
0.355420	156.000000
0.355440	139.000000
0.355460	122.000000
0.355480	108.000000
0.355500	99.000000
0.355520	94.000000
0.355540	97.000000
0.355560	105.000000
0.355580	119.000000
0.355600	135.000000
0.355620	154.000000
0.355640	171.000000
0.355660	185.000000
0.355680	194.000000
0.355700	196.000000
0.355720	193.000000
0.355740	185.000000
0.355760	173.000000
0.355780	159.000000
0.355800	144.000000
0.355820	130.000000
0.355840	118.000000
0.355860	111.000000
0.355880	109.000000
0.355900	112.000000
0.355920	119.000000
0.355940	129.000000
0.355960	141.000000
0.355980	152.000000
0.356000	162.000000
0.356020	168.000000
0.356040	172.000000
0.356060	173.000000
0.356080	171.000000
0.356100	166.000000
0.356120	159.000000
0.356140	151.000000
0.356160	144.000000
0.356180	138.000000
0.356200	133.000000
0.356220	131.000000
0.356240	131.000000
0.356260	134.000000
0.356280	138.000000
0.356300	142.000000
0.356320	146.000000
0.356340	150.000000
0.356360	153.000000
0.356380	155.000000
0.356400	157.000000
0.356420	157.000000
0.356440	156.000000
0.356460	154.000000
0.356480	151.000000
0.356500	149.000000
0.356520	147.000000
0.356540	146.000000
0.356560	144.000000
0.356580	144.000000
0.356600	143.000000
0.356620	143.000000
0.356640	144.000000
0.356660	145.000000
0.356680	146.000000
0.356700	147.000000
0.356720	149.000000
0.356740	150.000000
0.356760	152.000000
0.356780	153.000000
0.356800	153.000000
0.356820	152.000000
0.356840	151.000000
0.356860	150.000000
0.356880	149.000000
0.356900	147.000000
0.356920	147.000000
0.356940	146.000000
0.356960	145.000000
0.356980	144.000000
0.357000	143.000000
0.357020	143.000000
0.357040	144.000000
0.357060	145.000000
0.357080	146.000000
0.357100	147.000000
0.357120	148.000000
0.357140	149.000000
0.357160	150.000000
0.357180	151.000000
0.357200	151.000000
0.357220	151.000000
0.357240	151.000000
0.357260	151.000000
0.357280	150.000000
0.357300	149.000000
0.357320	146.000000
0.357340	145.000000
0.357360	144.000000
0.357380	144.000000
0.357400	144.000000
0.357420	144.000000
0.357440	144.000000
0.357460	145.000000
0.357480	147.000000
0.357500	148.000000
0.357520	149.000000
0.357540	149.000000
0.357560	149.000000
0.357580	149.000000
0.357600	150.000000
0.357620	150.000000
0.357640	151.000000
0.357660	152.000000
0.357680	153.000000
0.357700	154.000000
0.357720	153.000000
0.357740	150.000000
0.357760	146.000000
0.357780	142.000000
0.357800	139.000000
0.357820	139.000000
0.357840	140.000000
0.357860	143.000000
0.357880	144.000000
0.357900	144.000000
0.357920	143.000000
0.357940	141.000000
0.357960	142.000000
0.357980	145.000000
0.358000	151.000000
0.358020	157.000000
0.358040	161.000000
0.358060	162.000000
0.358080	158.000000
0.358100	152.000000
0.358120	147.000000
0.358140	145.000000
0.358160	147.000000
0.358180	151.000000
0.358200	154.000000
0.358220	154.000000
0.358240	150.000000
0.358260	144.000000
0.358280	138.000000
0.358300	134.000000
0.358320	133.000000
0.358340	136.000000
0.358360	139.000000
0.358380	143.000000
0.358400	145.000000
0.358420	147.000000
0.358440	150.000000
0.358460	155.000000
0.358480	160.000000
0.358500	166.000000
0.358520	169.000000
0.358540	170.000000
0.358560	167.000000
0.358580	160.000000
0.358600	152.000000
0.358620	143.000000
0.358640	136.000000
0.358660	130.000000
0.358680	126.000000
0.358700	123.000000
0.358720	124.000000
0.358740	127.000000
0.358760	134.000000
0.358780	143.000000
0.358800	152.000000
0.358820	160.000000
0.358840	166.000000
0.358860	170.000000
0.358880	171.000000
0.358900	169.000000
0.358920	165.000000
0.358940	158.000000
0.358960	151.000000
0.358980	145.000000
0.359000	140.000000
0.359020	136.000000
0.359040	132.000000
0.359060	131.000000
0.359080	133.000000
0.359100	137.000000
0.359120	141.000000
0.359140	145.000000
0.359160	149.000000
0.359180	153.000000
0.359200	155.000000
0.359220	156.000000
0.359240	157.000000
0.359260	156.000000
0.359280	154.000000
0.359300	152.000000
0.359320	148.000000
0.359340	146.000000
0.359360	144.000000
0.359380	143.000000
0.359400	143.000000
0.359420	143.000000
0.359440	144.000000
0.359460	145.000000
0.359480	146.000000
0.359500	148.000000
0.359520	149.000000
0.359540	150.000000
0.359560	151.000000
0.359580	151.000000
0.359600	151.000000
0.359620	152.000000
0.359640	151.000000
0.359660	150.000000
0.359680	148.000000
0.359700	147.000000
0.359720	147.000000
0.359740	146.000000
0.359760	146.000000
0.359780	146.000000
0.359800	146.000000
0.359820	146.000000
0.359840	146.000000
0.359860	146.000000
0.359880	146.000000
0.359900	147.000000
0.359920	147.000000
0.359940	148.000000
0.359960	148.000000
0.359980	149.000000
0.360000	149.000000
0.360020	150.000000
0.360040	150.000000
0.360060	150.000000
0.360080	150.000000
0.360100	148.000000
0.360120	147.000000
0.360140	146.000000
0.360160	145.000000
0.360180	145.000000
0.360200	144.000000
0.360220	143.000000
0.360240	143.000000
0.360260	144.000000
0.360280	146.000000
0.360300	147.000000
0.360320	148.000000
0.360340	148.000000
0.360360	149.000000
0.360380	150.000000
0.360400	152.000000
0.360420	152.000000
0.360440	152.000000
0.360460	151.000000
0.360480	150.000000
0.360500	149.000000
0.360520	148.000000
0.360540	146.000000
0.360560	144.000000
0.360580	143.000000
0.360600	143.000000
0.360620	144.000000
0.360640	145.000000
0.360660	147.000000
0.360680	147.000000
0.360700	148.000000
0.360720	149.000000
0.360740	150.000000
0.360760	151.000000
0.360780	151.000000
0.360800	151.000000
0.360820	152.000000
0.360840	152.000000
0.360860	153.000000
0.360880	153.000000
0.360900	151.000000
0.360920	147.000000
0.360940	143.000000
0.360960	139.000000
0.360980	138.000000
0.361000	140.000000
0.361020	144.000000
0.361040	147.000000
0.361060	149.000000
0.361080	149.000000
0.361100	147.000000
0.361120	145.000000
0.361140	145.000000
0.361160	148.000000
0.361180	153.000000
0.361200	158.000000
0.361220	160.000000
0.361240	157.000000
0.361260	151.000000
0.361280	144.000000
0.361300	140.000000
0.361320	139.000000
0.361340	142.000000
0.361360	147.000000
0.361380	150.000000
0.361400	151.000000
0.361420	149.000000
0.361440	145.000000
0.361460	142.000000
0.361480	140.000000
0.361500	141.000000
0.361520	143.000000
0.361540	146.000000
0.361560	149.000000
0.361580	151.000000
0.361600	152.000000
0.361620	152.000000
0.361640	152.000000
0.361660	153.000000
0.361680	155.000000
0.361700	157.000000
0.361720	157.000000
0.361740	154.000000
0.361760	149.000000
0.361780	143.000000
0.361800	138.000000
0.361820	136.000000
0.361840	135.000000
0.361860	136.000000
0.361880	138.000000
0.361900	141.000000
0.361920	145.000000
0.361940	150.000000
0.361960	155.000000
0.361980	158.000000
0.362000	160.000000
0.362020	160.000000
0.362040	158.000000
0.362060	156.000000
0.362080	152.000000
0.362100	148.000000
0.362120	143.000000
0.362140	140.000000
0.362160	138.000000
0.362180	137.000000
0.362200	139.000000
0.362220	141.000000
0.362240	144.000000
0.362260	148.000000
0.362280	151.000000
0.362300	153.000000
0.362320	154.000000
0.362340	155.000000
0.362360	154.000000
0.362380	153.000000
0.362400	151.000000
0.362420	150.000000
0.362440	148.000000
0.362460	147.000000
0.362480	145.000000
0.362500	144.000000
0.362520	143.000000
0.362540	143.000000
0.362560	143.000000
0.362580	144.000000
0.362600	145.000000
0.362620	148.000000
0.362640	150.000000
0.362660	151.000000
0.362680	151.000000
0.362700	151.000000
0.362720	150.000000
0.362740	149.000000
0.362760	149.000000
0.362780	148.000000
0.362800	147.000000
0.362820	146.000000
0.362840	145.000000
0.362860	144.000000
0.362880	144.000000
0.362900	144.000000
0.362920	146.000000
0.362940	148.000000
0.362960	149.000000
0.362980	149.000000
0.363000	149.000000
0.363020	148.000000
0.363040	148.000000
0.363060	148.000000
0.363080	148.000000
0.363100	148.000000
0.363120	147.000000
0.363140	148.000000
0.363160	149.000000
0.363180	150.000000
0.363200	151.000000
0.363220	150.000000
0.363240	150.000000
0.363260	149.000000
0.363280	148.000000
0.363300	148.000000
0.363320	146.000000
0.363340	145.000000
0.363360	144.000000
0.363380	144.000000
0.363400	144.000000
0.363420	144.000000
0.363440	143.000000
0.363460	143.000000
0.363480	145.000000
0.363500	147.000000
0.363520	150.000000
0.363540	151.000000
0.363560	151.000000
0.363580	151.000000
0.363600	151.000000
0.363620	151.000000
0.363640	151.000000
0.363660	151.000000
0.363680	150.000000
0.363700	148.000000
0.363720	146.000000
0.363740	145.000000
0.363760	145.000000
0.363780	144.000000
0.363800	144.000000
0.363820	143.000000
0.363840	144.000000
0.363860	146.000000
0.363880	149.000000
0.363900	150.000000
0.363920	150.000000
0.363940	150.000000
0.363960	150.000000
0.363980	151.000000
0.364000	152.000000
0.364020	152.000000
0.364040	152.000000
0.364060	152.000000
0.364080	151.000000
0.364100	149.000000
0.364120	145.000000
0.364140	141.000000
0.364160	139.000000
0.364180	140.000000
0.364200	143.000000
0.364220	147.000000
0.364240	150.000000
0.364260	151.000000
0.364280	149.000000
0.364300	147.000000
0.364320	146.000000
0.364340	148.000000
0.364360	151.000000
0.364380	156.000000
0.364400	159.000000
0.364420	158.000000
0.364440	153.000000
0.364460	145.000000
0.364480	140.000000
0.364500	138.000000
0.364520	141.000000
0.364540	145.000000
0.364560	149.000000
0.364580	151.000000
0.364600	150.000000
0.364620	146.000000
0.364640	142.000000
0.364660	141.000000
0.364680	142.000000
0.364700	146.000000
0.364720	151.000000
0.364740	154.000000
0.364760	155.000000
0.364780	154.000000
0.364800	153.000000
0.364820	152.000000
0.364840	151.000000
0.364860	150.000000
0.364880	149.000000
0.364900	148.000000
0.364920	146.000000
0.364940	143.000000
0.364960	139.000000
0.364980	136.000000
0.365000	135.000000
0.365020	136.000000
0.365040	140.000000
0.365060	145.000000
0.365080	150.000000
0.365100	154.000000
0.365120	158.000000
0.365140	161.000000
0.365160	163.000000
0.365180	163.000000
0.365200	161.000000
0.365220	157.000000
0.365240	151.000000
0.365260	145.000000
0.365280	139.000000
0.365300	135.000000
0.365320	132.000000
0.365340	131.000000
0.365360	132.000000
0.365380	136.000000
0.365400	141.000000
0.365420	146.000000
0.365440	151.000000
0.365460	155.000000
0.365480	158.000000
0.365500	159.000000
0.365520	160.000000
0.365540	158.000000
0.365560	155.000000
0.365580	151.000000
0.365600	147.000000
0.365620	143.000000
0.365640	140.000000
0.365660	139.000000
0.365680	138.000000
0.365700	139.000000
0.365720	141.000000
0.365740	143.000000
0.365760	146.000000
0.365780	148.000000
0.365800	151.000000
0.365820	154.000000
0.365840	155.000000
0.365860	155.000000
0.365880	154.000000
0.365900	153.000000
0.365920	151.000000
0.365940	150.000000
0.365960	149.000000
0.365980	147.000000
0.366000	146.000000
0.366020	146.000000
0.366040	145.000000
0.366060	145.000000
0.366080	144.000000
0.366100	144.000000
0.366120	145.000000
0.366140	147.000000
0.366160	150.000000
0.366180	151.000000
0.366200	151.000000
0.366220	151.000000
0.366240	150.000000
0.366260	149.000000
0.366280	148.000000
0.366300	147.000000
0.366320	147.000000
0.366340	147.000000
0.366360	147.000000
0.366380	147.000000
0.366400	148.000000
0.366420	148.000000
0.366440	149.000000
0.366460	149.000000
0.366480	149.000000
0.366500	148.000000
0.366520	148.000000
0.366540	146.000000
0.366560	145.000000
0.366580	145.000000
0.366600	145.000000
0.366620	145.000000
0.366640	146.000000
0.366660	146.000000
0.366680	147.000000
0.366700	148.000000
0.366720	149.000000
0.366740	150.000000
0.366760	150.000000
0.366780	150.000000
0.366800	150.000000
0.366820	150.000000
0.366840	150.000000
0.366860	150.000000
0.366880	148.000000
0.366900	146.000000
0.366920	144.000000
0.366940	144.000000
0.366960	144.000000
0.366980	144.000000
0.367000	144.000000
0.367020	145.000000
0.367040	145.000000
0.367060	146.000000
0.367080	147.000000
0.367100	148.000000
0.367120	148.000000
0.367140	149.000000
0.367160	150.000000
0.367180	151.000000
0.367200	152.000000
0.367220	152.000000
0.367240	152.000000
0.367260	151.000000
0.367280	148.000000
0.367300	144.000000
0.367320	141.000000
0.367340	138.000000
0.367360	138.000000
0.367380	141.000000
0.367400	144.000000
0.367420	147.000000
0.367440	149.000000
0.367460	149.000000
0.367480	148.000000
0.367500	148.000000
0.367520	148.000000
0.367540	151.000000
0.367560	155.000000
0.367580	158.000000
0.367600	158.000000
0.367620	155.000000
0.367640	150.000000
0.367660	144.000000
0.367680	141.000000
0.367700	140.000000
0.367720	142.000000
0.367740	145.000000
0.367760	147.000000
0.367780	147.000000
0.367800	145.000000
0.367820	143.000000
0.367840	142.000000
0.367860	143.000000
0.367880	146.000000
0.367900	151.000000
0.367920	156.000000
0.367940	158.000000
0.367960	158.000000
0.367980	157.000000
0.368000	155.000000
0.368020	152.000000
0.368040	151.000000
0.368060	149.000000
0.368080	147.000000
0.368100	144.000000
0.368120	141.000000
0.368140	137.000000
0.368160	134.000000
0.368180	132.000000
0.368200	134.000000
0.368220	137.000000
0.368240	142.000000
0.368260	148.000000
0.368280	155.000000
0.368300	160.000000
0.368320	164.000000
0.368340	165.000000
0.368360	165.000000
0.368380	162.000000
0.368400	158.000000
0.368420	153.000000
0.368440	146.000000
0.368460	139.000000
0.368480	134.000000
0.368500	130.000000
0.368520	129.000000
0.368540	130.000000
0.368560	133.000000
0.368580	138.000000
0.368600	145.000000
0.368620	151.000000
0.368640	156.000000
0.368660	159.000000
0.368680	162.000000
0.368700	163.000000
0.368720	162.000000
0.368740	159.000000
0.368760	155.000000
0.368780	149.000000
0.368800	144.000000
0.368820	141.000000
0.368840	138.000000
0.368860	137.000000
0.368880	136.000000
0.368900	137.000000
0.368920	140.000000
0.368940	143.000000
0.368960	146.000000
0.368980	149.000000
0.369000	152.000000
0.369020	154.000000
0.369040	156.000000
0.369060	156.000000
0.369080	154.000000
0.369100	152.000000
0.369120	149.000000
0.369140	147.000000
0.369160	146.000000
0.369180	145.000000
0.369200	144.000000
0.369220	143.000000
0.369240	143.000000
0.369260	143.000000
0.369280	143.000000
0.369300	144.000000
0.369320	146.000000
0.369340	147.000000
0.369360	149.000000
0.369380	150.000000
0.369400	150.000000
0.369420	149.000000
0.369440	148.000000
0.369460	148.000000
0.369480	148.000000
0.369500	149.000000
0.369520	150.000000
0.369540	150.000000
0.369560	149.000000
0.369580	149.000000
0.369600	148.000000
0.369620	148.000000
0.369640	148.000000
0.369660	147.000000
0.369680	147.000000
0.369700	148.000000
0.369720	148.000000
0.369740	149.000000
0.369760	149.000000
0.369780	147.000000
0.369800	147.000000
0.369820	147.000000
0.369840	148.000000
0.369860	149.000000
0.369880	149.000000
0.369900	149.000000
0.369920	149.000000
0.369940	149.000000
0.369960	150.000000
0.369980	150.000000
0.370000	150.000000
0.370020	149.000000
0.370040	148.000000
0.370060	147.000000
0.370080	146.000000
0.370100	146.000000
0.370120	145.000000
0.370140	145.000000
0.370160	144.000000
0.370180	144.000000
0.370200	145.000000
0.370220	146.000000
0.370240	146.000000
0.370260	146.000000
0.370280	147.000000
0.370300	147.000000
0.370320	147.000000
0.370340	149.000000
0.370360	150.000000
0.370380	150.000000
0.370400	150.000000
0.370420	150.000000
0.370440	151.000000
0.370460	150.000000
0.370480	148.000000
0.370500	145.000000
0.370520	142.000000
0.370540	140.000000
0.370560	141.000000
0.370580	143.000000
0.370600	146.000000
0.370620	148.000000
0.370640	150.000000
0.370660	150.000000
0.370680	149.000000
0.370700	149.000000
0.370720	150.000000
0.370740	153.000000
0.370760	156.000000
0.370780	158.000000
0.370800	157.000000
0.370820	152.000000
0.370840	146.000000
0.370860	141.000000
0.370880	138.000000
0.370900	139.000000
0.370920	142.000000
0.370940	146.000000
0.370960	147.000000
0.370980	147.000000
0.371000	145.000000
0.371020	144.000000
0.371040	143.000000
0.371060	145.000000
0.371080	149.000000
0.371100	153.000000
0.371120	157.000000
0.371140	159.000000
0.371160	158.000000
0.371180	156.000000
0.371200	153.000000
0.371220	150.000000
0.371240	148.000000
0.371260	147.000000
0.371280	144.000000
0.371300	141.000000
0.371320	137.000000
0.371340	133.000000
0.371360	131.000000
0.371380	131.000000
0.371400	134.000000
0.371420	139.000000
0.371440	145.000000
0.371460	152.000000
0.371480	158.000000
0.371500	163.000000
0.371520	166.000000
0.371540	167.000000
0.371560	166.000000
0.371580	163.000000
0.371600	157.000000
0.371620	151.000000
0.371640	143.000000
0.371660	137.000000
0.371680	133.000000
0.371700	131.000000
0.371720	130.000000
0.371740	132.000000
0.371760	135.000000
0.371780	140.000000
0.371800	146.000000
0.371820	152.000000
0.371840	157.000000
0.371860	161.000000
0.371880	163.000000
0.371900	163.000000
0.371920	160.000000
0.371940	156.000000
0.371960	151.000000
0.371980	146.000000
0.372000	142.000000
0.372020	138.000000
0.372040	136.000000
0.372060	135.000000
0.372080	136.000000
0.372100	138.000000
0.372120	141.000000
0.372140	144.000000
0.372160	147.000000
0.372180	150.000000
0.372200	153.000000
0.372220	156.000000
0.372240	157.000000
0.372260	157.000000
0.372280	155.000000
0.372300	153.000000
0.372320	150.000000
0.372340	148.000000
0.372360	146.000000
0.372380	145.000000
0.372400	144.000000
0.372420	144.000000
0.372440	144.000000
0.372460	143.000000
0.372480	144.000000
0.372500	145.000000
0.372520	147.000000
0.372540	148.000000
0.372560	150.000000
0.372580	151.000000
0.372600	152.000000
0.372620	151.000000
0.372640	150.000000
0.372660	148.000000
0.372680	148.000000
0.372700	148.000000
0.372720	149.000000
0.372740	148.000000
0.372760	147.000000
0.372780	146.000000
0.372800	146.000000
0.372820	147.000000
0.372840	147.000000
0.372860	147.000000
0.372880	147.000000
0.372900	147.000000
0.372920	147.000000
0.372940	147.000000
0.372960	146.000000
0.372980	145.000000
0.373000	145.000000
0.373020	145.000000
0.373040	145.000000
0.373060	146.000000
0.373080	147.000000
0.373100	149.000000
0.373120	150.000000
0.373140	151.000000
0.373160	151.000000
0.373180	150.000000
0.373200	149.000000
0.373220	148.000000
0.373240	147.000000
0.373260	146.000000
0.373280	145.000000
0.373300	145.000000
0.373320	146.000000
0.373340	146.000000
0.373360	146.000000
0.373380	146.000000
0.373400	145.000000
0.373420	146.000000
0.373440	147.000000
0.373460	148.000000
0.373480	149.000000
0.373500	149.000000
0.373520	150.000000
0.373540	151.000000
0.373560	151.000000
0.373580	151.000000
0.373600	151.000000
0.373620	150.000000
0.373640	150.000000
0.373660	149.000000
0.373680	148.000000
0.373700	145.000000
0.373720	143.000000
0.373740	142.000000
0.373760	143.000000
0.373780	145.000000
0.373800	147.000000
0.373820	149.000000
0.373840	149.000000
0.373860	149.000000
0.373880	148.000000
0.373900	149.000000
0.373920	150.000000
0.373940	153.000000
0.373960	155.000000
0.373980	156.000000
0.374000	153.000000
0.374020	147.000000
0.374040	142.000000
0.374060	139.000000
0.374080	140.000000
0.374100	142.000000
0.374120	145.000000
0.374140	146.000000
0.374160	146.000000
0.374180	146.000000
0.374200	145.000000
0.374220	143.000000
0.374240	143.000000
0.374260	144.000000
0.374280	149.000000
0.374300	154.000000
0.374320	157.000000
0.374340	158.000000
0.374360	156.000000
0.374380	154.000000
0.374400	153.000000
0.374420	152.000000
0.374440	150.000000
0.374460	148.000000
0.374480	144.000000
0.374500	141.000000
0.374520	138.000000
0.374540	135.000000
0.374560	133.000000
0.374580	134.000000
0.374600	138.000000
0.374620	143.000000
0.374640	150.000000
0.374660	155.000000
0.374680	159.000000
0.374700	162.000000
0.374720	164.000000
0.374740	164.000000
0.374760	162.000000
0.374780	157.000000
0.374800	152.000000
0.374820	147.000000
0.374840	142.000000
0.374860	138.000000
0.374880	134.000000
0.374900	131.000000
0.374920	129.000000
0.374940	131.000000
0.374960	135.000000
0.374980	142.000000
0.375000	149.000000
0.375020	155.000000
0.375040	159.000000
0.375060	160.000000
0.375080	161.000000
0.375100	160.000000
0.375120	158.000000
0.375140	155.000000
0.375160	151.000000
0.375180	147.000000
0.375200	144.000000
0.375220	142.000000
0.375240	140.000000
0.375260	138.000000
0.375280	137.000000
0.375300	138.000000
0.375320	140.000000
0.375340	144.000000
0.375360	147.000000
0.375380	150.000000
0.375400	153.000000
0.375420	155.000000
0.375440	157.000000
0.375460	156.000000
0.375480	155.000000
0.375500	153.000000
0.375520	151.000000
0.375540	148.000000
0.375560	146.000000
0.375580	144.000000
0.375600	143.000000
0.375620	142.000000
0.375640	142.000000
0.375660	143.000000
0.375680	144.000000
0.375700	145.000000
0.375720	147.000000
0.375740	149.000000
0.375760	150.000000
0.375780	151.000000
0.375800	150.000000
0.375820	150.000000
0.375840	149.000000
0.375860	148.000000
0.375880	148.000000
0.375900	149.000000
0.375920	149.000000
0.375940	149.000000
0.375960	149.000000
0.375980	148.000000
0.376000	147.000000
0.376020	148.000000
0.376040	148.000000
0.376060	147.000000
0.376080	145.000000
0.376100	144.000000
0.376120	144.000000
0.376140	145.000000
0.376160	146.000000
0.376180	146.000000
0.376200	146.000000
0.376220	147.000000
0.376240	148.000000
0.376260	149.000000
0.376280	149.000000
0.376300	149.000000
0.376320	149.000000
0.376340	149.000000
0.376360	149.000000
0.376380	149.000000
0.376400	148.000000
0.376420	147.000000
0.376440	147.000000
0.376460	146.000000
0.376480	146.000000
0.376500	146.000000
0.376520	146.000000
0.376540	146.000000
0.376560	146.000000
0.376580	147.000000
0.376600	147.000000
0.376620	148.000000
0.376640	149.000000
0.376660	150.000000
0.376680	150.000000
0.376700	150.000000
0.376720	149.000000
0.376740	149.000000
0.376760	149.000000
0.376780	149.000000
0.376800	150.000000
0.376820	149.000000
0.376840	148.000000
0.376860	147.000000
0.376880	145.000000
0.376900	144.000000
0.376920	144.000000
0.376940	144.000000
0.376960	145.000000
0.376980	147.000000
0.377000	149.000000
0.377020	151.000000
0.377040	151.000000
0.377060	151.000000
0.377080	151.000000
0.377100	151.000000
0.377120	152.000000
0.377140	153.000000
0.377160	154.000000
0.377180	153.000000
0.377200	150.000000
0.377220	146.000000
0.377240	143.000000
0.377260	141.000000
0.377280	142.000000
0.377300	144.000000
0.377320	146.000000
0.377340	146.000000
0.377360	145.000000
0.377380	144.000000
0.377400	143.000000
0.377420	144.000000
0.377440	145.000000
0.377460	148.000000
0.377480	151.000000
0.377500	153.000000
0.377520	155.000000
0.377540	156.000000
0.377560	155.000000
0.377580	153.000000
0.377600	151.000000
0.377620	150.000000
0.377640	148.000000
0.377660	146.000000
0.377680	143.000000
0.377700	141.000000
0.377720	138.000000
0.377740	136.000000
0.377760	134.000000
0.377780	136.000000
0.377800	139.000000
0.377820	145.000000
0.377840	150.000000
0.377860	154.000000
0.377880	157.000000
0.377900	160.000000
0.377920	162.000000
0.377940	162.000000
0.377960	159.000000
0.377980	155.000000
0.378000	150.000000
0.378020	146.000000
0.378040	141.000000
0.378060	137.000000
0.378080	134.000000
0.378100	132.000000
0.378120	133.000000
0.378140	136.000000
0.378160	139.000000
0.378180	143.000000
0.378200	148.000000
0.378220	153.000000
0.378240	156.000000
0.378260	158.000000
0.378280	159.000000
0.378300	159.000000
0.378320	157.000000
0.378340	155.000000
0.378360	151.000000
0.378380	147.000000
0.378400	143.000000
0.378420	141.000000
0.378440	139.000000
0.378460	138.000000
0.378480	139.000000
0.378500	140.000000
0.378520	143.000000
0.378540	147.000000
0.378560	150.000000
0.378580	152.000000
0.378600	154.000000
0.378620	155.000000
0.378640	155.000000
0.378660	155.000000
0.378680	153.000000
0.378700	151.000000
0.378720	149.000000
0.378740	147.000000
0.378760	146.000000
0.378780	144.000000
0.378800	142.000000
0.378820	142.000000
0.378840	142.000000
0.378860	142.000000
0.378880	143.000000
0.378900	145.000000
0.378920	147.000000
0.378940	149.000000
0.378960	149.000000
0.378980	149.000000
0.379000	148.000000
0.379020	148.000000
0.379040	149.000000
0.379060	149.000000
0.379080	149.000000
0.379100	148.000000
0.379120	148.000000
0.379140	148.000000
0.379160	148.000000
0.379180	148.000000
0.379200	148.000000
0.379220	148.000000
0.379240	148.000000
0.379260	147.000000
0.379280	147.000000
0.379300	147.000000
0.379320	146.000000
0.379340	146.000000
0.379360	146.000000
0.379380	147.000000
0.379400	148.000000
0.379420	149.000000
0.379440	150.000000
0.379460	151.000000
0.379480	152.000000
0.379500	152.000000
0.379520	152.000000
0.379540	152.000000
0.379560	151.000000
0.379580	150.000000
0.379600	148.000000
0.379620	146.000000
0.379640	145.000000
0.379660	145.000000
0.379680	145.000000
0.379700	145.000000
0.379720	146.000000
0.379740	146.000000
0.379760	146.000000
0.379780	146.000000
0.379800	147.000000
0.379820	147.000000
0.379840	148.000000
0.379860	148.000000
0.379880	148.000000
0.379900	148.000000
0.379920	148.000000
0.379940	149.000000
0.379960	148.000000
0.379980	148.000000
0.380000	148.000000
0.380020	148.000000
0.380040	149.000000
0.380060	148.000000
0.380080	148.000000
0.380100	147.000000
0.380120	146.000000
0.380140	145.000000
0.380160	145.000000
0.380180	145.000000
0.380200	145.000000
0.380220	147.000000
0.380240	148.000000
0.380260	148.000000
0.380280	148.000000
0.380300	149.000000
0.380320	151.000000
0.380340	152.000000
0.380360	153.000000
0.380380	153.000000
0.380400	151.000000
0.380420	148.000000
0.380440	145.000000
0.380460	143.000000
0.380480	143.000000
0.380500	145.000000
0.380520	146.000000
0.380540	146.000000
0.380560	145.000000
0.380580	144.000000
0.380600	144.000000
0.380620	145.000000
0.380640	147.000000
0.380660	148.000000
0.380680	149.000000
0.380700	151.000000
0.380720	153.000000
0.380740	153.000000
0.380760	153.000000
0.380780	151.000000
0.380800	150.000000
0.380820	150.000000
0.380840	149.000000
0.380860	147.000000
0.380880	145.000000
0.380900	143.000000
0.380920	142.000000
0.380940	141.000000
0.380960	140.000000
0.380980	140.000000
0.381000	142.000000
0.381020	146.000000
0.381040	150.000000
0.381060	153.000000
0.381080	156.000000
0.381100	158.000000
0.381120	159.000000
0.381140	159.000000
0.381160	156.000000
0.381180	152.000000
0.381200	149.000000
0.381220	147.000000
0.381240	144.000000
0.381260	140.000000
0.381280	136.000000
0.381300	136.000000
0.381320	139.000000
0.381340	142.000000
0.381360	143.000000
0.381380	143.000000
0.381400	147.000000
0.381420	154.000000
0.381440	160.000000
0.381460	156.000000
0.381480	141.000000
