0.275000	102.000000
0.275020	58.000000
0.275040	119.000000
0.275060	165.000000
0.275080	169.000000
0.275100	147.000000
0.275120	132.000000
0.275140	139.000000
0.275160	154.000000
0.275180	157.000000
0.275200	147.000000
0.275220	139.000000
0.275240	142.000000
0.275260	152.000000
0.275280	154.000000
0.275300	147.000000
0.275320	142.000000
0.275340	144.000000
0.275360	150.000000
0.275380	152.000000
0.275400	147.000000
0.275420	142.000000
0.275440	144.000000
0.275460	149.000000
0.275480	151.000000
0.275500	147.000000
0.275520	144.000000
0.275540	145.000000
0.275560	149.000000
0.275580	150.000000
0.275600	147.000000
0.275620	144.000000
0.275640	145.000000
0.275660	149.000000
0.275680	150.000000
0.275700	147.000000
0.275720	144.000000
0.275740	146.000000
0.275760	149.000000
0.275780	150.000000
0.275800	148.000000
0.275820	145.000000
0.275840	146.000000
0.275860	149.000000
0.275880	150.000000
0.275900	148.000000
0.275920	146.000000
0.275940	146.000000
0.275960	148.000000
0.275980	149.000000
0.276000	147.000000
0.276020	145.000000
0.276040	146.000000
0.276060	148.000000
0.276080	148.000000
0.276100	147.000000
0.276120	146.000000
0.276140	146.000000
0.276160	148.000000
0.276180	148.000000
0.276200	147.000000
0.276220	146.000000
0.276240	146.000000
0.276260	148.000000
0.276280	148.000000
0.276300	147.000000
0.276320	146.000000
0.276340	146.000000
0.276360	148.000000
0.276380	148.000000
0.276400	147.000000
0.276420	146.000000
0.276440	147.000000
0.276460	149.000000
0.276480	149.000000
0.276500	147.000000
0.276520	145.000000
0.276540	146.000000
0.276560	148.000000
0.276580	149.000000
0.276600	148.000000
0.276620	147.000000
0.276640	147.000000
0.276660	147.000000
0.276680	148.000000
0.276700	147.000000
0.276720	146.000000
0.276740	146.000000
0.276760	147.000000
0.276780	148.000000
0.276800	147.000000
0.276820	146.000000
0.276840	147.000000
0.276860	148.000000
0.276880	148.000000
0.276900	147.000000
0.276920	146.000000
0.276940	146.000000
0.276960	148.000000
0.276980	148.000000
0.277000	148.000000
0.277020	147.000000
0.277040	147.000000
0.277060	148.000000
0.277080	148.000000
0.277100	147.000000
0.277120	146.000000
0.277140	146.000000
0.277160	147.000000
0.277180	148.000000
0.277200	147.000000
0.277220	146.000000
0.277240	146.000000
0.277260	147.000000
0.277280	148.000000
0.277300	147.000000
0.277320	147.000000
0.277340	147.000000
0.277360	147.000000
0.277380	148.000000
0.277400	147.000000
0.277420	146.000000
0.277440	146.000000
0.277460	147.000000
0.277480	148.000000
0.277500	147.000000
0.277520	146.000000
0.277540	146.000000
0.277560	147.000000
0.277580	148.000000
0.277600	148.000000
0.277620	147.000000
0.277640	147.000000
0.277660	147.000000
0.277680	147.000000
0.277700	147.000000
0.277720	146.000000
0.277740	147.000000
0.277760	147.000000
0.277780	147.000000
0.277800	147.000000
0.277820	146.000000
0.277840	147.000000
0.277860	147.000000
0.277880	148.000000
0.277900	147.000000
0.277920	146.000000
0.277940	147.000000
0.277960	147.000000
0.277980	148.000000
0.278000	147.000000
0.278020	146.000000
0.278040	146.000000
0.278060	147.000000
0.278080	146.000000
0.278100	144.000000
0.278120	142.000000
0.278140	142.000000
0.278160	142.000000
0.278180	144.000000
0.278200	146.000000
0.278220	151.000000
0.278240	158.000000
0.278260	164.000000
0.278280	169.000000
0.278300	168.000000
0.278320	163.000000
0.278340	155.000000
0.278360	146.000000
0.278380	139.000000
0.278400	135.000000
0.278420	133.000000
0.278440	132.000000
0.278460	130.000000
0.278480	125.000000
0.278500	120.000000
0.278520	118.000000
0.278540	123.000000
0.278560	136.000000
0.278580	153.000000
0.278600	170.000000
0.278620	181.000000
0.278640	185.000000
0.278660	181.000000
0.278680	173.000000
0.278700	165.000000
0.278720	161.000000
0.278740	159.000000
0.278760	159.000000
0.278780	155.000000
0.278800	147.000000
0.278820	133.000000
0.278840	118.000000
0.278860	104.000000
0.278880	96.000000
0.278900	94.000000
0.278920	99.000000
0.278940	111.000000
0.278960	126.000000
0.278980	142.000000
0.279000	159.000000
0.279020	175.000000
0.279040	192.000000
0.279060	207.000000
0.279080	219.000000
0.279100	224.000000
0.279120	220.000000
0.279140	207.000000
0.279160	183.000000
0.279180	153.000000
0.279200	119.000000
0.279220	88.000000
0.279240	64.000000
0.279260	49.000000
0.279280	45.000000
0.279300	51.000000
0.279320	69.000000
0.279340	96.000000
0.279360	129.000000
0.279380	164.000000
0.279400	194.000000
0.279420	217.000000
0.279440	232.000000
0.279460	236.000000
0.279480	230.000000
0.279500	215.000000
0.279520	192.000000
0.279540	164.000000
0.279560	135.000000
0.279580	108.000000
0.279600	87.000000
0.279620	74.000000
0.279640	70.000000
0.279660	76.000000
0.279680	90.000000
0.279700	109.000000
0.279720	132.000000
0.279740	155.000000
0.279760	175.000000
0.279780	190.000000
0.279800	198.000000
0.279820	200.000000
0.279840	196.000000
0.279860	187.000000
0.279880	173.000000
0.279900	157.000000
0.279920	141.000000
0.279940	128.000000
0.279960	118.000000
0.279980	112.000000
0.280000	111.000000
0.280020	114.000000
0.280040	122.000000
0.280060	131.000000
0.280080	141.000000
0.280100	151.000000
0.280120	159.000000
0.280140	166.000000
0.280160	169.000000
0.280180	169.000000
0.280200	166.000000
0.280220	162.000000
0.280240	156.000000
0.280260	151.000000
0.280280	145.000000
0.280300	139.000000
0.280320	135.000000
0.280340	134.000000
0.280360	134.000000
0.280380	136.000000
0.280400	138.000000
0.280420	141.000000
0.280440	145.000000
0.280460	149.000000
0.280480	152.000000
0.280500	154.000000
0.280520	154.000000
0.280540	154.000000
0.280560	154.000000
0.280580	153.000000
0.280600	151.000000
0.280620	149.000000
0.280640	146.000000
0.280660	145.000000
0.280680	143.000000
0.280700	142.000000
0.280720	142.000000
0.280740	143.000000
0.280760	145.000000
0.280780	146.000000
0.280800	147.000000
0.280820	148.000000
0.280840	148.000000
0.280860	149.000000
0.280880	150.000000
0.280900	150.000000
0.280920	149.000000
0.280940	148.000000
0.280960	148.000000
0.280980	148.000000
0.281000	147.000000
0.281020	147.000000
0.281040	146.000000
0.281060	146.000000
0.281080	146.000000
0.281100	146.000000
0.281120	146.000000
0.281140	146.000000
0.281160	147.000000
0.281180	147.000000
0.281200	147.000000
0.281220	147.000000
0.281240	147.000000
0.281260	148.000000
0.281280	148.000000
0.281300	149.000000
0.281320	149.000000
0.281340	149.000000
0.281360	150.000000
0.281380	149.000000
0.281400	147.000000
0.281420	145.000000
0.281440	143.000000
0.281460	142.000000
0.281480	142.000000
0.281500	142.000000
0.281520	144.000000
0.281540	146.000000
0.281560	149.000000
0.281580	151.000000
0.281600	151.000000
0.281620	151.000000
0.281640	152.000000
0.281660	153.000000
0.281680	154.000000
0.281700	155.000000
0.281720	154.000000
0.281740	152.000000
0.281760	148.000000
0.281780	143.000000
0.281800	139.000000
0.281820	137.000000
0.281840	137.000000
0.281860	140.000000
0.281880	142.000000
0.281900	144.000000
0.281920	144.000000
0.281940	143.000000
0.281960	144.000000
0.281980	145.000000
0.282000	148.000000
0.282020	151.000000
0.282040	156.000000
0.282060	160.000000
0.282080	162.000000
0.282100	162.000000
0.282120	160.000000
0.282140	156.000000
0.282160	152.000000
0.282180	148.000000
0.282200	143.000000
0.282220	138.000000
0.282240	133.000000
0.282260	129.000000
0.282280	126.000000
0.282300	125.000000
0.282320	127.000000
0.282340	132.000000
0.282360	140.000000
0.282380	149.000000
0.282400	158.000000
0.282420	165.000000
0.282440	171.000000
0.282460	174.000000
0.282480	174.000000
0.282500	171.000000
0.282520	165.000000
0.282540	157.000000
0.282560	147.000000
0.282580	138.000000
0.282600	130.000000
0.282620	125.000000
0.282640	122.000000
0.282660	123.000000
0.282680	126.000000
0.282700	131.000000
0.282720	138.000000
0.282740	146.000000
0.282760	154.000000
0.282780	161.000000
0.282800	165.000000
0.282820	167.000000
0.282840	166.000000
0.282860	163.000000
0.282880	158.000000
0.282900	153.000000
0.282920	147.000000
0.282940	142.000000
0.282960	138.000000
0.282980	135.000000
0.283000	134.000000
0.283020	134.000000
0.283040	136.000000
0.283060	140.000000
0.283080	143.000000
0.283100	147.000000
0.283120	151.000000
0.283140	153.000000
0.283160	155.000000
0.283180	156.000000
0.283200	155.000000
0.283220	153.000000
0.283240	151.000000
0.283260	149.000000
0.283280	147.000000
0.283300	145.000000
0.283320	143.000000
0.283340	142.000000
0.283360	141.000000
0.283380	141.000000
0.283400	142.000000
0.283420	144.000000
0.283440	146.000000
0.283460	148.000000
0.283480	149.000000
0.283500	149.000000
0.283520	150.000000
0.283540	150.000000
0.283560	150.000000
0.283580	150.000000
0.283600	149.000000
0.283620	148.000000
0.283640	147.000000
0.283660	146.000000
0.283680	146.000000
0.283700	146.000000
0.283720	146.000000
0.283740	146.000000
0.283760	146.000000
0.283780	146.000000
0.283800	146.000000
0.283820	146.000000
0.283840	147.000000
0.283860	148.000000
0.283880	148.000000
0.283900	148.000000
0.283920	148.000000
0.283940	148.000000
0.283960	148.000000
0.283980	148.000000
0.284000	148.000000
0.284020	147.000000
0.284040	147.000000
0.284060	147.000000
0.284080	147.000000
0.284100	146.000000
0.284120	146.000000
0.284140	146.000000
0.284160	146.000000
0.284180	146.000000
0.284200	146.000000
0.284220	146.000000
0.284240	147.000000
0.284260	147.000000
0.284280	148.000000
0.284300	148.000000
0.284320	148.000000
0.284340	148.000000
0.284360	148.000000
0.284380	148.000000
0.284400	148.000000
0.284420	148.000000
0.284440	148.000000
0.284460	148.000000
0.284480	148.000000
0.284500	147.000000
0.284520	147.000000
0.284540	147.000000
0.284560	147.000000
0.284580	147.000000
0.284600	146.000000
0.284620	145.000000
0.284640	144.000000
0.284660	144.000000
0.284680	144.000000
0.284700	145.000000
0.284720	147.000000
0.284740	148.000000
0.284760	149.000000
0.284780	150.000000
0.284800	149.000000
0.284820	149.000000
0.284840	149.000000
0.284860	150.000000
0.284880	151.000000
0.284900	151.000000
0.284920	150.000000
0.284940	148.000000
0.284960	146.000000
0.284980	144.000000
0.285000	142.000000
0.285020	142.000000
0.285040	142.000000
0.285060	144.000000
0.285080	145.000000
0.285100	146.000000
0.285120	145.000000
0.285140	145.000000
0.285160	145.000000
0.285180	147.000000
0.285200	148.000000
0.285220	151.000000
0.285240	153.000000
0.285260	155.000000
0.285280	156.000000
0.285300	155.000000
0.285320	153.000000
0.285340	151.000000
0.285360	149.000000
0.285380	147.000000
0.285400	144.000000
0.285420	141.000000
0.285440	138.000000
0.285460	136.000000
0.285480	135.000000
0.285500	135.000000
0.285520	137.000000
0.285540	140.000000
0.285560	145.000000
0.285580	150.000000
0.285600	155.000000
0.285620	159.000000
0.285640	161.000000
0.285660	162.000000
0.285680	162.000000
0.285700	159.000000
0.285720	155.000000
0.285740	150.000000
0.285760	144.000000
0.285780	140.000000
0.285800	136.000000
0.285820	134.000000
0.285840	133.000000
0.285860	134.000000
0.285880	136.000000
0.285900	140.000000
0.285920	144.000000
0.285940	149.000000
0.285960	153.000000
0.285980	156.000000
0.286000	158.000000
0.286020	159.000000
0.286040	158.000000
0.286060	156.000000
0.286080	153.000000
0.286100	149.000000
0.286120	146.000000
0.286140	143.000000
0.286160	140.000000
0.286180	139.000000
0.286200	138.000000
0.286220	139.000000
0.286240	141.000000
0.286260	144.000000
0.286280	146.000000
0.286300	148.000000
0.286320	150.000000
0.286340	151.000000
0.286360	151.000000
0.286380	152.000000
0.286400	151.000000
0.286420	151.000000
0.286440	150.000000
0.286460	149.000000
0.286480	147.000000
0.286500	145.000000
0.286520	144.000000
0.286540	144.000000
0.286560	144.000000
0.286580	145.000000
0.286600	146.000000
0.286620	146.000000
0.286640	147.000000
0.286660	148.000000
0.286680	148.000000
0.286700	148.000000
0.286720	148.000000
0.286740	148.000000
0.286760	148.000000
0.286780	148.000000
0.286800	148.000000
0.286820	147.000000
0.286840	146.000000
0.286860	146.000000
0.286880	146.000000
0.286900	146.000000
0.286920	146.000000
0.286940	146.000000
0.286960	146.000000
0.286980	147.000000
0.287000	147.000000
0.287020	147.000000
0.287040	147.000000
0.287060	147.000000
0.287080	148.000000
0.287100	148.000000
0.287120	148.000000
0.287140	148.000000
0.287160	148.000000
0.287180	148.000000
0.287200	148.000000
0.287220	148.000000
0.287240	147.000000
0.287260	147.000000
0.287280	147.000000
0.287300	147.000000
0.287320	147.000000
0.287340	146.000000
0.287360	146.000000
0.287380	146.000000
0.287400	146.000000
0.287420	147.000000
0.287440	147.000000
0.287460	147.000000
0.287480	148.000000
0.287500	148.000000
0.287520	148.000000
0.287540	148.000000
0.287560	148.000000
0.287580	148.000000
0.287600	147.000000
0.287620	147.000000
0.287640	147.000000
0.287660	147.000000
0.287680	147.000000
0.287700	147.000000
0.287720	147.000000
0.287740	147.000000
0.287760	147.000000
0.287780	147.000000
0.287800	146.000000
0.287820	145.000000
0.287840	145.000000
0.287860	145.000000
0.287880	146.000000
0.287900	147.000000
0.287920	148.000000
0.287940	149.000000
0.287960	149.000000
0.287980	149.000000
0.288000	148.000000
0.288020	148.000000
0.288040	148.000000
0.288060	149.000000
0.288080	150.000000
0.288100	150.000000
0.288120	149.000000
0.288140	148.000000
0.288160	146.000000
0.288180	145.000000
0.288200	145.000000
0.288220	145.000000
0.288240	145.000000
0.288260	146.000000
0.288280	147.000000
0.288300	146.000000
0.288320	146.000000
0.288340	146.000000
0.288360	146.000000
0.288380	147.000000
0.288400	149.000000
0.288420	150.000000
0.288440	151.000000
0.288460	152.000000
0.288480	152.000000
0.288500	151.000000
0.288520	150.000000
0.288540	149.000000
0.288560	148.000000
0.288580	146.000000
0.288600	144.000000
0.288620	142.000000
0.288640	141.000000
0.288660	140.000000
0.288680	139.000000
0.288700	140.000000
0.288720	141.000000
0.288740	144.000000
0.288760	147.000000
0.288780	150.000000
0.288800	153.000000
0.288820	154.000000
0.288840	156.000000
0.288860	156.000000
0.288880	156.000000
0.288900	154.000000
0.288920	151.000000
0.288940	148.000000
0.288960	145.000000
0.288980	142.000000
0.289000	140.000000
0.289020	139.000000
0.289040	138.000000
0.289060	139.000000
0.289080	141.000000
0.289100	144.000000
0.289120	147.000000
0.289140	149.000000
0.289160	151.000000
0.289180	152.000000
0.289200	153.000000
0.289220	153.000000
0.289240	153.000000
0.289260	151.000000
0.289280	149.000000
0.289300	147.000000
0.289320	145.000000
0.289340	144.000000
0.289360	143.000000
0.289380	143.000000
0.289400	142.000000
0.289420	143.000000
0.289440	144.000000
0.289460	145.000000
0.289480	147.000000
0.289500	148.000000
0.289520	149.000000
0.289540	149.000000
0.289560	150.000000
0.289580	150.000000
0.289600	150.000000
0.289620	150.000000
0.289640	149.000000
0.289660	148.000000
0.289680	147.000000
0.289700	146.000000
0.289720	145.000000
0.289740	145.000000
0.289760	145.000000
0.289780	145.000000
0.289800	145.000000
0.289820	146.000000
0.289840	147.000000
0.289860	147.000000
0.289880	148.000000
0.289900	148.000000
0.289920	148.000000
0.289940	148.000000
0.289960	148.000000
0.289980	148.000000
0.290000	148.000000
0.290020	148.000000
0.290040	147.000000
0.290060	147.000000
0.290080	146.000000
0.290100	146.000000
0.290120	146.000000
0.290140	146.000000
0.290160	146.000000
0.290180	146.000000
0.290200	147.000000
0.290220	147.000000
0.290240	147.000000
0.290260	147.000000
0.290280	147.000000
0.290300	147.000000
0.290320	147.000000
0.290340	148.000000
0.290360	148.000000
0.290380	148.000000
0.290400	148.000000
0.290420	148.000000
0.290440	147.000000
0.290460	147.000000
0.290480	147.000000
0.290500	147.000000
0.290520	146.000000
0.290540	146.000000
0.290560	146.000000
0.290580	146.000000
0.290600	146.000000
0.290620	146.000000
0.290640	147.000000
0.290660	147.000000
0.290680	147.000000
0.290700	147.000000
0.290720	148.000000
0.290740	148.000000
0.290760	148.000000
0.290780	148.000000
0.290800	147.000000
0.290820	146.000000
0.290840	146.000000
0.290860	147.000000
0.290880	147.000000
0.290900	147.000000
0.290920	147.000000
0.290940	147.000000
0.290960	147.000000
0.290980	147.000000
0.291000	147.000000
0.291020	146.000000
0.291040	146.000000
0.291060	146.000000
0.291080	147.000000
0.291100	147.000000
0.291120	148.000000
0.291140	148.000000
0.291160	148.000000
0.291180	148.000000
0.291200	148.000000
0.291220	148.000000
0.291240	148.000000
0.291260	148.000000
0.291280	149.000000
0.291300	149.000000
0.291320	148.000000
0.291340	147.000000
0.291360	145.000000
0.291380	145.000000
0.291400	145.000000
0.291420	145.000000
0.291440	145.000000
0.291460	146.000000
0.291480	146.000000
0.291500	147.000000
0.291520	146.000000
0.291540	146.000000
0.291560	146.000000
0.291580	147.000000
0.291600	148.000000
0.291620	149.000000
0.291640	150.000000
0.291660	150.000000
0.291680	150.000000
0.291700	150.000000
0.291720	150.000000
0.291740	149.000000
0.291760	148.000000
0.291780	147.000000
0.291800	146.000000
0.291820	145.000000
0.291840	144.000000
0.291860	143.000000
0.291880	143.000000
0.291900	143.000000
0.291920	144.000000
0.291940	146.000000
0.291960	148.000000
0.291980	149.000000
0.292000	151.000000
0.292020	152.000000
0.292040	153.000000
0.292060	153.000000
0.292080	152.000000
0.292100	151.000000
0.292120	149.000000
0.292140	147.000000
0.292160	146.000000
0.292180	144.000000
0.292200	143.000000
0.292220	143.000000
0.292240	143.000000
0.292260	143.000000
0.292280	144.000000
0.292300	146.000000
0.292320	148.000000
0.292340	149.000000
0.292360	150.000000
0.292380	151.000000
0.292400	151.000000
0.292420	151.000000
0.292440	150.000000
0.292460	149.000000
0.292480	148.000000
0.292500	147.000000
0.292520	146.000000
0.292540	145.000000
0.292560	145.000000
0.292580	145.000000
0.292600	145.000000
0.292620	145.000000
0.292640	146.000000
0.292660	146.000000
0.292680	147.000000
0.292700	148.000000
0.292720	148.000000
0.292740	149.000000
0.292760	149.000000
0.292780	149.000000
0.292800	148.000000
0.292820	148.000000
0.292840	148.000000
0.292860	147.000000
0.292880	147.000000
0.292900	146.000000
0.292920	146.000000
0.292940	145.000000
0.292960	145.000000
0.292980	146.000000
0.293000	146.000000
0.293020	146.000000
0.293040	147.000000
0.293060	147.000000
0.293080	148.000000
0.293100	148.000000
0.293120	148.000000
0.293140	148.000000
0.293160	148.000000
0.293180	148.000000
0.293200	147.000000
0.293220	147.000000
0.293240	147.000000
0.293260	147.000000
0.293280	147.000000
0.293300	147.000000
0.293320	146.000000
0.293340	146.000000
0.293360	146.000000
0.293380	146.000000
0.293400	147.000000
0.293420	147.000000
0.293440	148.000000
0.293460	148.000000
0.293480	148.000000
0.293500	148.000000
0.293520	148.000000
0.293540	148.000000
0.293560	148.000000
0.293580	148.000000
0.293600	148.000000
0.293620	148.000000
0.293640	148.000000
0.293660	147.000000
0.293680	146.000000
0.293700	146.000000
0.293720	146.000000
0.293740	146.000000
0.293760	146.000000
0.293780	146.000000
0.293800	147.000000
0.293820	147.000000
0.293840	147.000000
0.293860	147.000000
0.293880	148.000000
0.293900	148.000000
0.293920	148.000000
0.293940	148.000000
0.293960	148.000000
0.293980	148.000000
0.294000	148.000000
0.294020	147.000000
0.294040	147.000000
0.294060	146.000000
0.294080	147.000000
0.294100	147.000000
0.294120	147.000000
0.294140	147.000000
0.294160	147.000000
0.294180	147.000000
0.294200	147.000000
0.294220	147.000000
0.294240	146.000000
0.294260	147.000000
0.294280	147.000000
0.294300	148.000000
0.294320	148.000000
0.294340	148.000000
0.294360	148.000000
0.294380	147.000000
0.294400	147.000000
0.294420	148.000000
0.294440	148.000000
0.294460	148.000000
0.294480	148.000000
0.294500	148.000000
0.294520	147.000000
0.294540	147.000000
0.294560	146.000000
0.294580	146.000000
0.294600	146.000000
0.294620	146.000000
0.294640	147.000000
0.294660	147.000000
0.294680	146.000000
0.294700	146.000000
0.294720	146.000000
0.294740	146.000000
0.294760	147.000000
0.294780	148.000000
0.294800	149.000000
0.294820	149.000000
0.294840	149.000000
0.294860	149.000000
0.294880	149.000000
0.294900	148.000000
0.294920	148.000000
0.294940	147.000000
0.294960	147.000000
0.294980	147.000000
0.295000	146.000000
0.295020	146.000000
0.295040	145.000000
0.295060	145.000000
0.295080	144.000000
0.295100	145.000000
0.295120	145.000000
0.295140	146.000000
0.295160	147.000000
0.295180	148.000000
0.295200	149.000000
0.295220	150.000000
0.295240	150.000000
0.295260	150.000000
0.295280	150.000000
0.295300	149.000000
0.295320	148.000000
0.295340	147.000000
0.295360	146.000000
0.295380	145.000000
0.295400	145.000000
0.295420	144.000000
0.295440	144.000000
0.295460	145.000000
0.295480	145.000000
0.295500	146.000000
0.295520	147.000000
0.295540	148.000000
0.295560	149.000000
0.295580	149.000000
0.295600	149.000000
0.295620	149.000000
0.295640	148.000000
0.295660	148.000000
0.295680	148.000000
0.295700	147.000000
0.295720	147.000000
0.295740	146.000000
0.295760	145.000000
0.295780	145.000000
0.295800	145.000000
0.295820	146.000000
0.295840	147.000000
0.295860	147.000000
0.295880	147.000000
0.295900	147.000000
0.295920	148.000000
0.295940	148.000000
0.295960	148.000000
0.295980	148.000000
0.296000	148.000000
0.296020	148.000000
0.296040	147.000000
0.296060	147.000000
0.296080	147.000000
0.296100	146.000000
0.296120	146.000000
0.296140	146.000000
0.296160	146.000000
0.296180	146.000000
0.296200	146.000000
0.296220	147.000000
0.296240	147.000000
0.296260	147.000000
0.296280	148.000000
0.296300	147.000000
0.296320	147.000000
0.296340	147.000000
0.296360	148.000000
0.296380	148.000000
0.296400	148.000000
0.296420	148.000000
0.296440	147.000000
0.296460	147.000000
0.296480	147.000000
0.296500	146.000000
0.296520	146.000000
0.296540	146.000000
0.296560	146.000000
0.296580	146.000000
0.296600	146.000000
0.296620	146.000000
0.296640	147.000000
0.296660	147.000000
0.296680	148.000000
0.296700	148.000000
0.296720	148.000000
0.296740	148.000000
0.296760	148.000000
0.296780	148.000000
0.296800	148.000000
0.296820	147.000000
0.296840	147.000000
0.296860	147.000000
0.296880	147.000000
0.296900	146.000000
0.296920	146.000000
0.296940	146.000000
0.296960	146.000000
0.296980	146.000000
0.297000	146.000000
0.297020	146.000000
0.297040	147.000000
0.297060	148.000000
0.297080	148.000000
0.297100	148.000000
0.297120	147.000000
0.297140	147.000000
0.297160	147.000000
0.297180	147.000000
0.297200	147.000000
0.297220	147.000000
0.297240	147.000000
0.297260	147.000000
0.297280	147.000000
0.297300	147.000000
0.297320	146.000000
0.297340	146.000000
0.297360	146.000000
0.297380	146.000000
0.297400	146.000000
0.297420	146.000000
0.297440	146.000000
0.297460	147.000000
0.297480	147.000000
0.297500	147.000000
0.297520	147.000000
0.297540	147.000000
0.297560	147.000000
0.297580	147.000000
0.297600	147.000000
0.297620	147.000000
0.297640	147.000000
0.297660	147.000000
0.297680	147.000000
0.297700	147.000000
0.297720	147.000000
0.297740	146.000000
0.297760	146.000000
0.297780	146.000000
0.297800	146.000000
0.297820	147.000000
0.297840	147.000000
0.297860	147.000000
0.297880	147.000000
0.297900	147.000000
0.297920	147.000000
0.297940	147.000000
0.297960	147.000000
0.297980	147.000000
0.298000	148.000000
0.298020	148.000000
0.298040	148.000000
0.298060	148.000000
0.298080	148.000000
0.298100	148.000000
0.298120	148.000000
0.298140	148.000000
0.298160	148.000000
0.298180	147.000000
0.298200	147.000000
0.298220	146.000000
0.298240	145.000000
0.298260	145.000000
0.298280	146.000000
0.298300	146.000000
0.298320	146.000000
0.298340	146.000000
0.298360	147.000000
0.298380	147.000000
0.298400	148.000000
0.298420	148.000000
0.298440	149.000000
0.298460	149.000000
0.298480	149.000000
0.298500	149.000000
0.298520	149.000000
0.298540	148.000000
0.298560	147.000000
0.298580	146.000000
0.298600	145.000000
0.298620	145.000000
0.298640	145.000000
0.298660	145.000000
0.298680	146.000000
0.298700	146.000000
0.298720	147.000000
0.298740	148.000000
0.298760	148.000000
0.298780	149.000000
0.298800	149.000000
0.298820	149.000000
0.298840	148.000000
0.298860	148.000000
0.298880	148.000000
0.298900	147.000000
0.298920	147.000000
0.298940	146.000000
0.298960	146.000000
0.298980	146.000000
0.299000	146.000000
0.299020	146.000000
0.299040	146.000000
0.299060	147.000000
0.299080	148.000000
0.299100	148.000000
0.299120	148.000000
0.299140	148.000000
0.299160	148.000000
0.299180	148.000000
0.299200	148.000000
0.299220	148.000000
0.299240	148.000000
0.299260	147.000000
0.299280	147.000000
0.299300	146.000000
0.299320	146.000000
0.299340	146.000000
0.299360	146.000000
0.299380	147.000000
0.299400	147.000000
0.299420	147.000000
0.299440	147.000000
0.299460	147.000000
0.299480	148.000000
0.299500	148.000000
0.299520	148.000000
0.299540	148.000000
0.299560	148.000000
0.299580	148.000000
0.299600	148.000000
0.299620	147.000000
0.299640	147.000000
0.299660	147.000000
0.299680	147.000000
0.299700	146.000000
0.299720	146.000000
0.299740	147.000000
0.299760	147.000000
0.299780	147.000000
0.299800	146.000000
0.299820	146.000000
0.299840	146.000000
0.299860	147.000000
0.299880	148.000000
0.299900	148.000000
0.299920	148.000000
0.299940	148.000000
0.299960	148.000000
0.299980	148.000000
0.300000	148.000000
0.300020	148.000000
0.300040	147.000000
0.300060	146.000000
0.300080	146.000000
0.300100	146.000000
0.300120	146.000000
0.300140	146.000000
0.300160	146.000000
0.300180	146.000000
0.300200	146.000000
0.300220	147.000000
0.300240	147.000000
0.300260	147.000000
0.300280	147.000000
0.300300	148.000000
0.300320	148.000000
0.300340	148.000000
0.300360	148.000000
0.300380	148.000000
0.300400	148.000000
0.300420	148.000000
0.300440	147.000000
0.300460	147.000000
0.300480	147.000000
0.300500	147.000000
0.300520	147.000000
0.300540	147.000000
0.300560	147.000000
0.300580	147.000000
0.300600	148.000000
0.300620	147.000000
0.300640	147.000000
0.300660	147.000000
0.300680	147.000000
0.300700	147.000000
0.300720	147.000000
0.300740	147.000000
0.300760	147.000000
0.300780	147.000000
0.300800	147.000000
0.300820	147.000000
0.300840	147.000000
0.300860	148.000000
0.300880	148.000000
0.300900	147.000000
0.300920	147.000000
0.300940	146.000000
0.300960	146.000000
0.300980	147.000000
0.301000	147.000000
0.301020	147.000000
0.301040	147.000000
0.301060	147.000000
0.301080	147.000000
0.301100	147.000000
0.301120	147.000000
0.301140	147.000000
0.301160	147.000000
0.301180	147.000000
0.301200	147.000000
0.301220	147.000000
0.301240	147.000000
0.301260	148.000000
0.301280	148.000000
0.301300	148.000000
0.301320	148.000000
0.301340	148.000000
0.301360	147.000000
0.301380	147.000000
0.301400	146.000000
0.301420	146.000000
0.301440	146.000000
0.301460	145.000000
0.301480	146.000000
0.301500	146.000000
0.301520	147.000000
0.301540	147.000000
0.301560	147.000000
0.301580	148.000000
0.301600	148.000000
0.301620	149.000000
0.301640	149.000000
0.301660	149.000000
0.301680	149.000000
0.301700	149.000000
0.301720	148.000000
0.301740	147.000000
0.301760	147.000000
0.301780	146.000000
0.301800	146.000000
0.301820	146.000000
0.301840	146.000000
0.301860	146.000000
0.301880	146.000000
0.301900	146.000000
0.301920	146.000000
0.301940	146.000000
0.301960	146.000000
0.301980	147.000000
0.302000	147.000000
0.302020	148.000000
0.302040	148.000000
0.302060	148.000000
0.302080	148.000000
0.302100	148.000000
0.302120	148.000000
0.302140	147.000000
0.302160	147.000000
0.302180	147.000000
0.302200	147.000000
0.302220	147.000000
0.302240	146.000000
0.302260	146.000000
0.302280	146.000000
0.302300	147.000000
0.302320	148.000000
0.302340	148.000000
0.302360	148.000000
0.302380	147.000000
0.302400	147.000000
0.302420	147.000000
0.302440	147.000000
0.302460	147.000000
0.302480	147.000000
0.302500	147.000000
0.302520	147.000000
0.302540	147.000000
0.302560	147.000000
0.302580	147.000000
0.302600	147.000000
0.302620	147.000000
0.302640	147.000000
0.302660	147.000000
0.302680	147.000000
0.302700	147.000000
0.302720	147.000000
0.302740	148.000000
0.302760	148.000000
0.302780	148.000000
0.302800	148.000000
0.302820	148.000000
0.302840	147.000000
0.302860	147.000000
0.302880	147.000000
0.302900	146.000000
0.302920	146.000000
0.302940	146.000000
0.302960	147.000000
0.302980	147.000000
0.303000	147.000000
0.303020	147.000000
0.303040	147.000000
0.303060	147.000000
0.303080	147.000000
0.303100	147.000000
0.303120	147.000000
0.303140	148.000000
0.303160	148.000000
0.303180	148.000000
0.303200	148.000000
0.303220	148.000000
0.303240	148.000000
0.303260	147.000000
0.303280	147.000000
0.303300	146.000000
0.303320	146.000000
0.303340	146.000000
0.303360	146.000000
0.303380	146.000000
0.303400	147.000000
0.303420	147.000000
0.303440	148.000000
0.303460	148.000000
0.303480	148.000000
0.303500	148.000000
0.303520	148.000000
0.303540	147.000000
0.303560	147.000000
0.303580	147.000000
0.303600	147.000000
0.303620	147.000000
0.303640	147.000000
0.303660	147.000000
0.303680	147.000000
0.303700	147.000000
0.303720	146.000000
0.303740	146.000000
0.303760	146.000000
0.303780	146.000000
0.303800	147.000000
0.303820	147.000000
0.303840	147.000000
0.303860	147.000000
0.303880	147.000000
0.303900	147.000000
0.303920	147.000000
0.303940	147.000000
0.303960	147.000000
0.303980	147.000000
0.304000	147.000000
0.304020	147.000000
0.304040	147.000000
0.304060	147.000000
0.304080	147.000000
0.304100	147.000000
0.304120	147.000000
0.304140	147.000000
0.304160	147.000000
0.304180	147.000000
0.304200	147.000000
0.304220	147.000000
0.304240	146.000000
0.304260	146.000000
0.304280	146.000000
0.304300	146.000000
0.304320	147.000000
0.304340	147.000000
0.304360	147.000000
0.304380	147.000000
0.304400	147.000000
0.304420	147.000000
0.304440	148.000000
0.304460	148.000000
0.304480	147.000000
0.304500	147.000000
0.304520	147.000000
0.304540	148.000000
0.304560	148.000000
0.304580	148.000000
0.304600	148.000000
0.304620	147.000000
0.304640	147.000000
0.304660	146.000000
0.304680	146.000000
0.304700	146.000000
0.304720	146.000000
0.304740	147.000000
0.304760	147.000000
0.304780	147.000000
0.304800	147.000000
0.304820	148.000000
0.304840	148.000000
0.304860	148.000000
0.304880	148.000000
0.304900	148.000000
0.304920	148.000000
0.304940	147.000000
0.304960	147.000000
0.304980	147.000000
0.305000	147.000000
0.305020	147.000000
0.305040	146.000000
0.305060	146.000000
0.305080	146.000000
0.305100	146.000000
0.305120	147.000000
0.305140	147.000000
0.305160	147.000000
0.305180	147.000000
0.305200	148.000000
0.305220	148.000000
0.305240	148.000000
0.305260	148.000000
0.305280	148.000000
0.305300	148.000000
0.305320	148.000000
0.305340	148.000000
0.305360	147.000000
0.305380	146.000000
0.305400	146.000000
0.305420	146.000000
0.305440	147.000000
0.305460	147.000000
0.305480	147.000000
0.305500	147.000000
0.305520	147.000000
0.305540	148.000000
0.305560	148.000000
0.305580	147.000000
0.305600	147.000000
0.305620	147.000000
0.305640	148.000000
0.305660	147.000000
0.305680	147.000000
0.305700	146.000000
0.305720	146.000000
0.305740	147.000000
0.305760	147.000000
0.305780	147.000000
0.305800	147.000000
0.305820	147.000000
0.305840	147.000000
0.305860	147.000000
0.305880	147.000000
0.305900	147.000000
0.305920	147.000000
0.305940	147.000000
0.305960	148.000000
0.305980	148.000000
0.306000	148.000000
0.306020	148.000000
0.306040	148.000000
0.306060	147.000000
0.306080	147.000000
0.306100	146.000000
0.306120	146.000000
0.306140	147.000000
0.306160	147.000000
0.306180	147.000000
0.306200	146.000000
0.306220	146.000000
0.306240	147.000000
0.306260	148.000000
0.306280	148.000000
0.306300	148.000000
0.306320	148.000000
0.306340	148.000000
0.306360	148.000000
0.306380	148.000000
0.306400	148.000000
0.306420	147.000000
0.306440	147.000000
0.306460	147.000000
0.306480	147.000000
0.306500	146.000000
0.306520	146.000000
0.306540	146.000000
0.306560	146.000000
0.306580	146.000000
0.306600	146.000000
0.306620	147.000000
0.306640	147.000000
0.306660	148.000000
0.306680	148.000000
0.306700	148.000000
0.306720	148.000000
0.306740	148.000000
0.306760	148.000000
0.306780	148.000000
0.306800	148.000000
0.306820	148.000000
0.306840	147.000000
0.306860	147.000000
0.306880	147.000000
0.306900	147.000000
0.306920	147.000000
0.306940	146.000000
0.306960	146.000000
0.306980	146.000000
0.307000	147.000000
0.307020	147.000000
0.307040	147.000000
0.307060	147.000000
0.307080	147.000000
0.307100	147.000000
0.307120	146.000000
0.307140	146.000000
0.307160	146.000000
0.307180	146.000000
0.307200	146.000000
0.307220	146.000000
0.307240	147.000000
0.307260	147.000000
0.307280	147.000000
0.307300	147.000000
0.307320	147.000000
0.307340	147.000000
0.307360	148.000000
0.307380	148.000000
0.307400	148.000000
0.307420	147.000000
0.307440	147.000000
0.307460	147.000000
0.307480	147.000000
0.307500	147.000000
0.307520	147.000000
0.307540	147.000000
0.307560	146.000000
0.307580	146.000000
0.307600	147.000000
0.307620	147.000000
0.307640	147.000000
0.307660	147.000000
0.307680	147.000000
0.307700	147.000000
0.307720	147.000000
0.307740	147.000000
0.307760	147.000000
0.307780	147.000000
0.307800	147.000000
0.307820	147.000000
0.307840	147.000000
0.307860	147.000000
0.307880	147.000000
0.307900	146.000000
0.307920	146.000000
0.307940	147.000000
0.307960	147.000000
0.307980	148.000000
0.308000	148.000000
0.308020	148.000000
0.308040	148.000000
0.308060	148.000000
0.308080	148.000000
0.308100	148.000000
0.308120	148.000000
0.308140	148.000000
0.308160	147.000000
0.308180	147.000000
0.308200	147.000000
0.308220	147.000000
0.308240	147.000000
0.308260	147.000000
0.308280	146.000000
0.308300	146.000000
0.308320	147.000000
0.308340	147.000000
0.308360	147.000000
0.308380	147.000000
0.308400	147.000000
0.308420	147.000000
0.308440	147.000000
0.308460	147.000000
0.308480	147.000000
0.308500	147.000000
0.308520	147.000000
0.308540	147.000000
0.308560	147.000000
0.308580	147.000000
0.308600	147.000000
0.308620	147.000000
0.308640	147.000000
0.308660	148.000000
0.308680	148.000000
0.308700	148.000000
0.308720	148.000000
0.308740	148.000000
0.308760	148.000000
0.308780	147.000000
0.308800	147.000000
0.308820	147.000000
0.308840	147.000000
0.308860	147.000000
0.308880	147.000000
0.308900	147.000000
0.308920	147.000000
0.308940	147.000000
0.308960	147.000000
0.308980	147.000000
0.309000	147.000000
0.309020	147.000000
0.309040	147.000000
0.309060	147.000000
0.309080	147.000000
0.309100	147.000000
0.309120	147.000000
0.309140	147.000000
0.309160	147.000000
0.309180	148.000000
0.309200	148.000000
0.309220	148.000000
0.309240	148.000000
0.309260	147.000000
0.309280	147.000000
0.309300	147.000000
0.309320	147.000000
0.309340	146.000000
0.309360	146.000000
0.309380	146.000000
0.309400	146.000000
0.309420	146.000000
0.309440	147.000000
0.309460	147.000000
0.309480	147.000000
0.309500	147.000000
0.309520	147.000000
0.309540	148.000000
0.309560	148.000000
0.309580	148.000000
0.309600	148.000000
0.309620	148.000000
0.309640	147.000000
0.309660	147.000000
0.309680	146.000000
0.309700	146.000000
0.309720	146.000000
0.309740	146.000000
0.309760	146.000000
0.309780	146.000000
0.309800	147.000000
0.309820	147.000000
0.309840	148.000000
0.309860	148.000000
0.309880	148.000000
0.309900	148.000000
0.309920	148.000000
0.309940	148.000000
0.309960	148.000000
0.309980	148.000000
0.310000	148.000000
0.310020	147.000000
0.310040	146.000000
0.310060	146.000000
0.310080	146.000000
0.310100	146.000000
0.310120	147.000000
0.310140	147.000000
0.310160	147.000000
0.310180	147.000000
0.310200	147.000000
0.310220	147.000000
0.310240	147.000000
0.310260	147.000000
0.310280	147.000000
0.310300	147.000000
0.310320	147.000000
0.310340	147.000000
0.310360	147.000000
0.310380	147.000000
0.310400	147.000000
0.310420	147.000000
0.310440	147.000000
0.310460	147.000000
0.310480	147.000000
0.310500	147.000000
0.310520	147.000000
0.310540	147.000000
0.310560	147.000000
0.310580	147.000000
0.310600	147.000000
0.310620	147.000000
0.310640	147.000000
0.310660	147.000000
0.310680	147.000000
0.310700	147.000000
0.310720	148.000000
0.310740	148.000000
0.310760	147.000000
0.310780	147.000000
0.310800	147.000000
0.310820	147.000000
0.310840	146.000000
0.310860	146.000000
0.310880	146.000000
0.310900	147.000000
0.310920	147.000000
0.310940	147.000000
0.310960	147.000000
0.310980	147.000000
0.311000	147.000000
0.311020	147.000000
0.311040	147.000000
0.311060	147.000000
0.311080	147.000000
0.311100	147.000000
0.311120	147.000000
0.311140	147.000000
0.311160	147.000000
0.311180	147.000000
0.311200	147.000000
0.311220	147.000000
0.311240	148.000000
0.311260	148.000000
0.311280	148.000000
0.311300	148.000000
0.311320	148.000000
0.311340	148.000000
0.311360	148.000000
0.311380	148.000000
0.311400	147.000000
0.311420	147.000000
0.311440	146.000000
0.311460	146.000000
0.311480	146.000000
0.311500	146.000000
0.311520	147.000000
0.311540	147.000000
0.311560	147.000000
0.311580	147.000000
0.311600	147.000000
0.311620	147.000000
0.311640	147.000000
0.311660	147.000000
0.311680	147.000000
0.311700	147.000000
0.311720	147.000000
0.311740	147.000000
0.311760	147.000000
0.311780	147.000000
0.311800	147.000000
0.311820	147.000000
0.311840	147.000000
0.311860	147.000000
0.311880	147.000000
0.311900	147.000000
0.311920	147.000000
0.311940	147.000000
0.311960	148.000000
0.311980	148.000000
0.312000	147.000000
0.312020	147.000000
0.312040	147.000000
0.312060	147.000000
0.312080	147.000000
0.312100	147.000000
0.312120	147.000000
0.312140	147.000000
0.312160	147.000000
0.312180	147.000000
0.312200	147.000000
0.312220	147.000000
0.312240	147.000000
0.312260	147.000000
0.312280	147.000000
0.312300	148.000000
0.312320	148.000000
0.312340	147.000000
0.312360	147.000000
0.312380	147.000000
0.312400	147.000000
0.312420	147.000000
0.312440	147.000000
0.312460	147.000000
0.312480	147.000000
0.312500	147.000000
0.312520	147.000000
0.312540	147.000000
0.312560	147.000000
0.312580	147.000000
0.312600	147.000000
0.312620	147.000000
0.312640	147.000000
0.312660	147.000000
0.312680	147.000000
0.312700	148.000000
0.312720	148.000000
0.312740	148.000000
0.312760	148.000000
0.312780	148.000000
0.312800	148.000000
0.312820	148.000000
0.312840	148.000000
0.312860	148.000000
0.312880	147.000000
0.312900	146.000000
0.312920	146.000000
0.312940	146.000000
0.312960	146.000000
0.312980	146.000000
0.313000	147.000000
0.313020	147.000000
0.313040	147.000000
0.313060	147.000000
0.313080	148.000000
0.313100	148.000000
0.313120	147.000000
0.313140	147.000000
0.313160	147.000000
0.313180	147.000000
0.313200	147.000000
0.313220	147.000000
0.313240	147.000000
0.313260	147.000000
0.313280	146.000000
0.313300	146.000000
0.313320	147.000000
0.313340	147.000000
0.313360	147.000000
0.313380	147.000000
0.313400	148.000000
0.313420	148.000000
0.313440	148.000000
0.313460	147.000000
0.313480	147.000000
0.313500	147.000000
0.313520	147.000000
0.313540	147.000000
0.313560	147.000000
0.313580	147.000000
0.313600	147.000000
0.313620	147.000000
0.313640	147.000000
0.313660	147.000000
0.313680	147.000000
0.313700	147.000000
0.313720	148.000000
0.313740	148.000000
0.313760	148.000000
0.313780	148.000000
0.313800	148.000000
0.313820	148.000000
0.313840	148.000000
0.313860	147.000000
0.313880	147.000000
0.313900	147.000000
0.313920	147.000000
0.313940	148.000000
0.313960	147.000000
0.313980	147.000000
0.314000	147.000000
0.314020	147.000000
0.314040	147.000000
0.314060	148.000000
0.314080	148.000000
0.314100	148.000000
0.314120	149.000000
0.314140	149.000000
0.314160	148.000000
0.314180	148.000000
0.314200	147.000000
0.314220	148.000000
0.314240	147.000000
0.314260	147.000000
0.314280	146.000000
0.314300	146.000000
0.314320	146.000000
0.314340	146.000000
0.314360	146.000000
0.314380	146.000000
0.314400	147.000000
0.314420	148.000000
0.314440	148.000000
0.314460	148.000000
0.314480	148.000000
0.314500	148.000000
0.314520	148.000000
0.314540	148.000000
0.314560	147.000000
0.314580	146.000000
0.314600	146.000000
0.314620	147.000000
0.314640	148.000000
0.314660	147.000000
0.314680	146.000000
0.314700	146.000000
0.314720	147.000000
0.314740	148.000000
0.314760	147.000000
0.314780	146.000000
0.314800	146.000000
0.314820	148.000000
0.314840	149.000000
0.314860	148.000000
0.314880	146.000000
0.314900	146.000000
0.314920	149.000000
0.314940	151.000000
0.314960	147.000000
0.314980	135.000000
