0.341500	102.000000
0.341520	59.000000
0.341540	121.000000
0.341560	167.000000
0.341580	171.000000
0.341600	149.000000
0.341620	133.000000
0.341640	140.000000
0.341660	155.000000
0.341680	158.000000
0.341700	147.000000
0.341720	138.000000
0.341740	141.000000
0.341760	149.000000
0.341780	152.000000
0.341800	146.000000
0.341820	142.000000
0.341840	145.000000
0.341860	152.000000
0.341880	154.000000
0.341900	149.000000
0.341920	145.000000
0.341940	147.000000
0.341960	152.000000
0.341980	153.000000
0.342000	148.000000
0.342020	144.000000
0.342040	144.000000
0.342060	148.000000
0.342080	150.000000
0.342100	147.000000
0.342120	144.000000
0.342140	146.000000
0.342160	149.000000
0.342180	151.000000
0.342200	149.000000
0.342220	147.000000
0.342240	147.000000
0.342260	150.000000
0.342280	150.000000
0.342300	148.000000
0.342320	146.000000
0.342340	147.000000
0.342360	150.000000
0.342380	151.000000
0.342400	149.000000
0.342420	146.000000
0.342440	146.000000
0.342460	148.000000
0.342480	149.000000
0.342500	148.000000
0.342520	148.000000
0.342540	148.000000
0.342560	150.000000
0.342580	150.000000
0.342600	149.000000
0.342620	147.000000
0.342640	148.000000
0.342660	149.000000
0.342680	149.000000
0.342700	147.000000
0.342720	146.000000
0.342740	147.000000
0.342760	148.000000
0.342780	148.000000
0.342800	147.000000
0.342820	146.000000
0.342840	148.000000
0.342860	151.000000
0.342880	152.000000
0.342900	150.000000
0.342920	148.000000
0.342940	148.000000
0.342960	149.000000
0.342980	150.000000
0.343000	150.000000
0.343020	149.000000
0.343040	149.000000
0.343060	149.000000
0.343080	148.000000
0.343100	146.000000
0.343120	144.000000
0.343140	145.000000
0.343160	147.000000
0.343180	148.000000
0.343200	148.000000
0.343220	146.000000
0.343240	147.000000
0.343260	148.000000
0.343280	149.000000
0.343300	148.000000
0.343320	147.000000
0.343340	148.000000
0.343360	149.000000
0.343380	150.000000
0.343400	149.000000
0.343420	148.000000
0.343440	148.000000
0.343460	149.000000
0.343480	150.000000
0.343500	148.000000
0.343520	146.000000
0.343540	145.000000
0.343560	145.000000
0.343580	146.000000
0.343600	145.000000
0.343620	145.000000
0.343640	145.000000
0.343660	146.000000
0.343680	147.000000
0.343700	147.000000
0.343720	147.000000
0.343740	147.000000
0.343760	147.000000
0.343780	147.000000
0.343800	146.000000
0.343820	146.000000
0.343840	147.000000
0.343860	149.000000
0.343880	149.000000
0.343900	149.000000
0.343920	149.000000
0.343940	149.000000
0.343960	149.000000
0.343980	149.000000
0.344000	148.000000
0.344020	148.000000
0.344040	149.000000
0.344060	149.000000
0.344080	149.000000
0.344100	147.000000
0.344120	145.000000
0.344140	145.000000
0.344160	147.000000
0.344180	148.000000
0.344200	148.000000
0.344220	148.000000
0.344240	148.000000
0.344260	149.000000
0.344280	149.000000
0.344300	148.000000
0.344320	148.000000
0.344340	149.000000
0.344360	150.000000
0.344380	150.000000
0.344400	149.000000
0.344420	147.000000
0.344440	147.000000
0.344460	147.000000
0.344480	148.000000
0.344500	148.000000
0.344520	148.000000
0.344540	148.000000
0.344560	148.000000
0.344580	148.000000
0.344600	148.000000
0.344620	147.000000
0.344640	148.000000
0.344660	149.000000
0.344680	149.000000
0.344700	149.000000
0.344720	150.000000
0.344740	151.000000
0.344760	152.000000
0.344780	151.000000
0.344800	150.000000
0.344820	148.000000
0.344840	148.000000
0.344860	149.000000
0.344880	149.000000
0.344900	148.000000
0.344920	147.000000
0.344940	146.000000
0.344960	146.000000
0.344980	146.000000
0.345000	146.000000
0.345020	147.000000
0.345040	147.000000
0.345060	148.000000
0.345080	148.000000
0.345100	148.000000
0.345120	148.000000
0.345140	149.000000
0.345160	150.000000
0.345180	150.000000
0.345200	150.000000
0.345220	149.000000
0.345240	149.000000
0.345260	149.000000
0.345280	149.000000
0.345300	149.000000
0.345320	148.000000
0.345340	147.000000
0.345360	147.000000
0.345380	147.000000
0.345400	146.000000
0.345420	146.000000
0.345440	147.000000
0.345460	148.000000
0.345480	148.000000
0.345500	147.000000
0.345520	147.000000
0.345540	147.000000
0.345560	149.000000
0.345580	150.000000
0.345600	150.000000
0.345620	149.000000
0.345640	148.000000
0.345660	148.000000
0.345680	148.000000
0.345700	148.000000
0.345720	148.000000
0.345740	147.000000
0.345760	146.000000
0.345780	146.000000
0.345800	146.000000
0.345820	146.000000
0.345840	147.000000
0.345860	148.000000
0.345880	148.000000
0.345900	147.000000
0.345920	147.000000
0.345940	146.000000
0.345960	147.000000
0.345980	147.000000
0.346000	148.000000
0.346020	149.000000
0.346040	150.000000
0.346060	150.000000
0.346080	149.000000
0.346100	148.000000
0.346120	147.000000
0.346140	148.000000
0.346160	149.000000
0.346180	149.000000
0.346200	149.000000
0.346220	149.000000
0.346240	149.000000
0.346260	149.000000
0.346280	148.000000
0.346300	147.000000
0.346320	146.000000
0.346340	145.000000
0.346360	145.000000
0.346380	145.000000
0.346400	145.000000
0.346420	146.000000
0.346440	148.000000
0.346460	149.000000
0.346480	149.000000
0.346500	148.000000
0.346520	149.000000
0.346540	150.000000
0.346560	151.000000
0.346580	151.000000
0.346600	150.000000
0.346620	149.000000
0.346640	150.000000
0.346660	150.000000
0.346680	150.000000
0.346700	148.000000
0.346720	146.000000
0.346740	146.000000
0.346760	146.000000
0.346780	146.000000
0.346800	145.000000
0.346820	145.000000
0.346840	146.000000
0.346860	147.000000
0.346880	149.000000
0.346900	149.000000
0.346920	150.000000
0.346940	150.000000
0.346960	151.000000
0.346980	151.000000
0.347000	150.000000
0.347020	149.000000
0.347040	149.000000
0.347060	149.000000
0.347080	148.000000
0.347100	147.000000
0.347120	147.000000
0.347140	147.000000
0.347160	148.000000
0.347180	149.000000
0.347200	148.000000
0.347220	147.000000
0.347240	146.000000
0.347260	147.000000
0.347280	147.000000
0.347300	147.000000
0.347320	147.000000
0.347340	147.000000
0.347360	148.000000
0.347380	148.000000
0.347400	148.000000
0.347420	148.000000
0.347440	148.000000
0.347460	148.000000
0.347480	148.000000
0.347500	147.000000
0.347520	147.000000
0.347540	148.000000
0.347560	148.000000
0.347580	149.000000
0.347600	148.000000
0.347620	147.000000
0.347640	147.000000
0.347660	147.000000
0.347680	148.000000
0.347700	148.000000
0.347720	148.000000
0.347740	148.000000
0.347760	148.000000
0.347780	148.000000
0.347800	148.000000
0.347820	148.000000
0.347840	149.000000
0.347860	150.000000
0.347880	150.000000
0.347900	150.000000
0.347920	149.000000
0.347940	149.000000
0.347960	149.000000
0.347980	148.000000
0.348000	146.000000
0.348020	145.000000
0.348040	145.000000
0.348060	147.000000
0.348080	151.000000
0.348100	156.000000
0.348120	161.000000
0.348140	165.000000
0.348160	166.000000
0.348180	162.000000
0.348200	154.000000
0.348220	144.000000
0.348240	136.000000
0.348260	132.000000
0.348280	133.000000
0.348300	135.000000
0.348320	135.000000
0.348340	133.000000
0.348360	128.000000
0.348380	125.000000
0.348400	127.000000
0.348420	136.000000
0.348440	151.000000
0.348460	167.000000
0.348480	180.000000
0.348500	184.000000
0.348520	180.000000
0.348540	171.000000
0.348560	162.000000
0.348580	155.000000
0.348600	153.000000
0.348620	154.000000
0.348640	155.000000
0.348660	152.000000
0.348680	144.000000
0.348700	131.000000
0.348720	116.000000
0.348740	104.000000
0.348760	99.000000
0.348780	101.000000
0.348800	109.000000
0.348820	122.000000
0.348840	137.000000
0.348860	154.000000
0.348880	170.000000
0.348900	185.000000
0.348920	199.000000
0.348940	210.000000
0.348960	215.000000
0.348980	214.000000
0.349000	204.000000
0.349020	186.000000
0.349040	161.000000
0.349060	131.000000
0.349080	101.000000
0.349100	75.000000
0.349120	57.000000
0.349140	51.000000
0.349160	57.000000
0.349180	74.000000
0.349200	99.000000
0.349220	129.000000
0.349240	161.000000
0.349260	190.000000
0.349280	214.000000
0.349300	228.000000
0.349320	232.000000
0.349340	226.000000
0.349360	212.000000
0.349380	191.000000
0.349400	165.000000
0.349420	136.000000
0.349440	110.000000
0.349460	91.000000
0.349480	79.000000
0.349500	77.000000
0.349520	83.000000
0.349540	96.000000
0.349560	114.000000
0.349580	135.000000
0.349600	156.000000
0.349620	175.000000
0.349640	189.000000
0.349660	196.000000
0.349680	197.000000
0.349700	192.000000
0.349720	182.000000
0.349740	169.000000
0.349760	156.000000
0.349780	142.000000
0.349800	131.000000
0.349820	123.000000
0.349840	118.000000
0.349860	118.000000
0.349880	120.000000
0.349900	126.000000
0.349920	133.000000
0.349940	142.000000
0.349960	151.000000
0.349980	158.000000
0.350000	163.000000
0.350020	165.000000
0.350040	165.000000
0.350060	163.000000
0.350080	160.000000
0.350100	156.000000
0.350120	151.000000
0.350140	147.000000
0.350160	143.000000
0.350180	140.000000
0.350200	138.000000
0.350220	138.000000
0.350240	139.000000
0.350260	141.000000
0.350280	143.000000
0.350300	146.000000
0.350320	149.000000
0.350340	151.000000
0.350360	153.000000
0.350380	153.000000
0.350400	154.000000
0.350420	153.000000
0.350440	152.000000
0.350460	151.000000
0.350480	149.000000
0.350500	147.000000
0.350520	146.000000
0.350540	145.000000
0.350560	145.000000
0.350580	145.000000
0.350600	145.000000
0.350620	145.000000
0.350640	145.000000
0.350660	146.000000
0.350680	148.000000
0.350700	149.000000
0.350720	150.000000
0.350740	151.000000
0.350760	151.000000
0.350780	150.000000
0.350800	149.000000
0.350820	149.000000
0.350840	149.000000
0.350860	150.000000
0.350880	149.000000
0.350900	148.000000
0.350920	147.000000
0.350940	145.000000
0.350960	144.000000
0.350980	144.000000
0.351000	144.000000
0.351020	145.000000
0.351040	146.000000
0.351060	148.000000
0.351080	149.000000
0.351100	149.000000
0.351120	150.000000
0.351140	150.000000
0.351160	149.000000
0.351180	148.000000
0.351200	146.000000
0.351220	145.000000
0.351240	145.000000
0.351260	148.000000
0.351280	152.000000
0.351300	157.000000
0.351320	162.000000
0.351340	164.000000
0.351360	162.000000
0.351380	155.000000
0.351400	146.000000
0.351420	138.000000
0.351440	134.000000
0.351460	134.000000
0.351480	137.000000
0.351500	139.000000
0.351520	138.000000
0.351540	134.000000
0.351560	130.000000
0.351580	128.000000
0.351600	133.000000
0.351620	145.000000
0.351640	161.000000
0.351660	174.000000
0.351680	181.000000
0.351700	179.000000
0.351720	171.000000
0.351740	161.000000
0.351760	154.000000
0.351780	151.000000
0.351800	152.000000
0.351820	155.000000
0.351840	155.000000
0.351860	150.000000
0.351880	139.000000
0.351900	125.000000
0.351920	112.000000
0.351940	105.000000
0.351960	105.000000
0.351980	111.000000
0.352000	121.000000
0.352020	134.000000
0.352040	147.000000
0.352060	161.000000
0.352080	175.000000
0.352100	188.000000
0.352120	200.000000
0.352140	208.000000
0.352160	212.000000
0.352180	208.000000
0.352200	194.000000
0.352220	172.000000
0.352240	145.000000
0.352260	117.000000
0.352280	92.000000
0.352300	73.000000
0.352320	62.000000
0.352340	61.000000
0.352360	71.000000
0.352380	90.000000
0.352400	116.000000
0.352420	145.000000
0.352440	174.000000
0.352460	198.000000
0.352480	216.000000
0.352500	224.000000
0.352520	224.000000
0.352540	214.000000
0.352560	197.000000
0.352580	175.000000
0.352600	150.000000
0.352620	125.000000
0.352640	105.000000
0.352660	92.000000
0.352680	86.000000
0.352700	89.000000
0.352720	97.000000
0.352740	111.000000
0.352760	128.000000
0.352780	145.000000
0.352800	162.000000
0.352820	175.000000
0.352840	184.000000
0.352860	188.000000
0.352880	187.000000
0.352900	181.000000
0.352920	172.000000
0.352940	160.000000
0.352960	148.000000
0.352980	136.000000
0.353000	127.000000
0.353020	122.000000
0.353040	120.000000
0.353060	123.000000
0.353080	128.000000
0.353100	134.000000
0.353120	141.000000
0.353140	148.000000
0.353160	155.000000
0.353180	160.000000
0.353200	163.000000
0.353220	164.000000
0.353240	163.000000
0.353260	161.000000
0.353280	157.000000
0.353300	152.000000
0.353320	147.000000
0.353340	143.000000
0.353360	140.000000
0.353380	139.000000
0.353400	139.000000
0.353420	139.000000
0.353440	140.000000
0.353460	141.000000
0.353480	143.000000
0.353500	146.000000
0.353520	148.000000
0.353540	150.000000
0.353560	152.000000
0.353580	153.000000
0.353600	153.000000
0.353620	153.000000
0.353640	152.000000
0.353660	152.000000
0.353680	150.000000
0.353700	149.000000
0.353720	147.000000
0.353740	146.000000
0.353760	146.000000
0.353780	145.000000
0.353800	144.000000
0.353820	144.000000
0.353840	144.000000
0.353860	145.000000
0.353880	147.000000
0.353900	149.000000
0.353920	150.000000
0.353940	151.000000
0.353960	151.000000
0.353980	151.000000
0.354000	151.000000
0.354020	150.000000
0.354040	150.000000
0.354060	149.000000
0.354080	148.000000
0.354100	147.000000
0.354120	147.000000
0.354140	147.000000
0.354160	147.000000
0.354180	145.000000
0.354200	144.000000
0.354220	144.000000
0.354240	144.000000
0.354260	144.000000
0.354280	144.000000
0.354300	145.000000
0.354320	145.000000
0.354340	147.000000
0.354360	148.000000
0.354380	148.000000
0.354400	147.000000
0.354420	147.000000
0.354440	148.000000
0.354460	150.000000
0.354480	154.000000
0.354500	157.000000
0.354520	159.000000
0.354540	159.000000
0.354560	155.000000
0.354580	149.000000
0.354600	142.000000
0.354620	138.000000
0.354640	138.000000
0.354660	140.000000
0.354680	143.000000
0.354700	144.000000
0.354720	142.000000
0.354740	138.000000
0.354760	136.000000
0.354780	138.000000
0.354800	145.000000
0.354820	155.000000
0.354840	165.000000
0.354860	170.000000
0.354880	169.000000
0.354900	163.000000
0.354920	156.000000
0.354940	151.000000
0.354960	150.000000
0.354980	151.000000
0.355000	153.000000
0.355020	154.000000
0.355040	152.000000
0.355060	145.000000
0.355080	136.000000
0.355100	126.000000
0.355120	120.000000
0.355140	119.000000
0.355160	122.000000
0.355180	128.000000
0.355200	134.000000
0.355220	141.000000
0.355240	149.000000
0.355260	158.000000
0.355280	168.000000
0.355300	177.000000
0.355320	185.000000
0.355340	190.000000
0.355360	190.000000
0.355380	184.000000
0.355400	172.000000
0.355420	155.000000
0.355440	137.000000
0.355460	120.000000
0.355480	105.000000
0.355500	96.000000
0.355520	92.000000
0.355540	96.000000
0.355560	106.000000
0.355580	121.000000
0.355600	140.000000
0.355620	158.000000
0.355640	175.000000
0.355660	189.000000
0.355680	196.000000
0.355700	197.000000
0.355720	192.000000
0.355740	183.000000
0.355760	170.000000
0.355780	155.000000
0.355800	139.000000
0.355820	125.000000
0.355840	115.000000
0.355860	110.000000
0.355880	110.000000
0.355900	114.000000
0.355920	121.000000
0.355940	131.000000
0.355960	142.000000
0.355980	153.000000
0.356000	162.000000
0.356020	168.000000
0.356040	171.000000
0.356060	172.000000
0.356080	170.000000
0.356100	165.000000
0.356120	158.000000
0.356140	151.000000
0.356160	145.000000
0.356180	139.000000
0.356200	135.000000
0.356220	133.000000
0.356240	133.000000
0.356260	134.000000
0.356280	138.000000
0.356300	141.000000
0.356320	145.000000
0.356340	149.000000
0.356360	154.000000
0.356380	157.000000
0.356400	159.000000
0.356420	159.000000
0.356440	158.000000
0.356460	155.000000
0.356480	152.000000
0.356500	149.000000
0.356520	146.000000
0.356540	144.000000
0.356560	142.000000
0.356580	142.000000
0.356600	143.000000
0.356620	144.000000
0.356640	145.000000
0.356660	145.000000
0.356680	146.000000
0.356700	146.000000
0.356720	148.000000
0.356740	150.000000
0.356760	152.000000
0.356780	153.000000
0.356800	153.000000
0.356820	153.000000
0.356840	152.000000
0.356860	151.000000
0.356880	149.000000
0.356900	148.000000
0.356920	146.000000
0.356940	146.000000
0.356960	145.000000
0.356980	144.000000
0.357000	144.000000
0.357020	143.000000
0.357040	144.000000
0.357060	145.000000
0.357080	146.000000
0.357100	148.000000
0.357120	149.000000
0.357140	150.000000
0.357160	151.000000
0.357180	152.000000
0.357200	152.000000
0.357220	151.000000
0.357240	151.000000
0.357260	150.000000
0.357280	148.000000
0.357300	147.000000
0.357320	146.000000
0.357340	146.000000
0.357360	145.000000
0.357380	145.000000
0.357400	145.000000
0.357420	144.000000
0.357440	144.000000
0.357460	146.000000
0.357480	147.000000
0.357500	148.000000
0.357520	149.000000
0.357540	150.000000
0.357560	150.000000
0.357580	150.000000
0.357600	149.000000
0.357620	150.000000
0.357640	152.000000
0.357660	154.000000
0.357680	156.000000
0.357700	156.000000
0.357720	154.000000
0.357740	150.000000
0.357760	146.000000
0.357780	143.000000
0.357800	141.000000
0.357820	141.000000
0.357840	143.000000
0.357860	145.000000
0.357880	146.000000
0.357900	146.000000
0.357920	144.000000
0.357940	142.000000
0.357960	143.000000
0.357980	147.000000
0.358000	153.000000
0.358020	159.000000
0.358040	162.000000
0.358060	161.000000
0.358080	157.000000
0.358100	151.000000
0.358120	146.000000
0.358140	145.000000
0.358160	148.000000
0.358180	152.000000
0.358200	154.000000
0.358220	152.000000
0.358240	147.000000
0.358260	141.000000
0.358280	136.000000
0.358300	133.000000
0.358320	132.000000
0.358340	134.000000
0.358360	137.000000
0.358380	142.000000
0.358400	146.000000
0.358420	149.000000
0.358440	153.000000
0.358460	158.000000
0.358480	163.000000
0.358500	167.000000
0.358520	170.000000
0.358540	169.000000
0.358560	165.000000
0.358580	158.000000
0.358600	150.000000
0.358620	141.000000
0.358640	133.000000
0.358660	128.000000
0.358680	125.000000
0.358700	124.000000
0.358720	125.000000
0.358740	129.000000
0.358760	136.000000
0.358780	145.000000
0.358800	154.000000
0.358820	162.000000
0.358840	168.000000
0.358860	171.000000
0.358880	171.000000
0.358900	169.000000
0.358920	163.000000
0.358940	156.000000
0.358960	149.000000
0.358980	142.000000
0.359000	137.000000
0.359020	133.000000
0.359040	131.000000
0.359060	131.000000
0.359080	133.000000
0.359100	136.000000
0.359120	141.000000
0.359140	146.000000
0.359160	150.000000
0.359180	154.000000
0.359200	157.000000
0.359220	158.000000
0.359240	158.000000
0.359260	156.000000
0.359280	153.000000
0.359300	150.000000
0.359320	146.000000
0.359340	144.000000
0.359360	142.000000
0.359380	142.000000
0.359400	142.000000
0.359420	143.000000
0.359440	144.000000
0.359460	145.000000
0.359480	147.000000
0.359500	148.000000
0.359520	149.000000
0.359540	151.000000
0.359560	151.000000
0.359580	152.000000
0.359600	152.000000
0.359620	152.000000
0.359640	151.000000
0.359660	149.000000
0.359680	148.000000
0.359700	147.000000
0.359720	146.000000
0.359740	146.000000
0.359760	146.000000
0.359780	145.000000
0.359800	145.000000
0.359820	145.000000
0.359840	145.000000
0.359860	145.000000
0.359880	146.000000
0.359900	146.000000
0.359920	147.000000
0.359940	147.000000
0.359960	148.000000
0.359980	149.000000
0.360000	150.000000
0.360020	150.000000
0.360040	150.000000
0.360060	149.000000
0.360080	149.000000
0.360100	148.000000
0.360120	147.000000
0.360140	146.000000
0.360160	145.000000
0.360180	144.000000
0.360200	145.000000
0.360220	145.000000
0.360240	146.000000
0.360260	146.000000
0.360280	146.000000
0.360300	147.000000
0.360320	148.000000
0.360340	148.000000
0.360360	149.000000
0.360380	150.000000
0.360400	150.000000
0.360420	150.000000
0.360440	150.000000
0.360460	149.000000
0.360480	148.000000
0.360500	147.000000
0.360520	146.000000
0.360540	146.000000
0.360560	145.000000
0.360580	144.000000
0.360600	144.000000
0.360620	144.000000
0.360640	144.000000
0.360660	145.000000
0.360680	146.000000
0.360700	148.000000
0.360720	150.000000
0.360740	151.000000
0.360760	152.000000
0.360780	152.000000
0.360800	153.000000
0.360820	153.000000
0.360840	154.000000
0.360860	154.000000
0.360880	153.000000
0.360900	150.000000
0.360920	147.000000
0.360940	143.000000
0.360960	140.000000
0.360980	139.000000
0.361000	140.000000
0.361020	143.000000
0.361040	147.000000
0.361060	149.000000
0.361080	149.000000
0.361100	147.000000
0.361120	146.000000
0.361140	146.000000
0.361160	150.000000
0.361180	154.000000
0.361200	158.000000
0.361220	158.000000
0.361240	155.000000
0.361260	149.000000
0.361280	143.000000
0.361300	140.000000
0.361320	141.000000
0.361340	145.000000
0.361360	150.000000
0.361380	153.000000
0.361400	152.000000
0.361420	149.000000
0.361440	145.000000
0.361460	142.000000
0.361480	141.000000
0.361500	143.000000
0.361520	145.000000
0.361540	148.000000
0.361560	151.000000
0.361580	152.000000
0.361600	151.000000
0.361620	151.000000
0.361640	151.000000
0.361660	153.000000
0.361680	155.000000
0.361700	157.000000
0.361720	156.000000
0.361740	153.000000
0.361760	148.000000
0.361780	143.000000
0.361800	140.000000
0.361820	137.000000
0.361840	137.000000
0.361860	137.000000
0.361880	139.000000
0.361900	143.000000
0.361920	146.000000
0.361940	150.000000
0.361960	154.000000
0.361980	156.000000
0.362000	158.000000
0.362020	159.000000
0.362040	158.000000
0.362060	155.000000
0.362080	151.000000
0.362100	147.000000
0.362120	143.000000
0.362140	140.000000
0.362160	139.000000
0.362180	138.000000
0.362200	140.000000
0.362220	142.000000
0.362240	145.000000
0.362260	149.000000
0.362280	152.000000
0.362300	153.000000
0.362320	154.000000
0.362340	154.000000
0.362360	154.000000
0.362380	153.000000
0.362400	151.000000
0.362420	149.000000
0.362440	146.000000
0.362460	145.000000
0.362480	144.000000
0.362500	143.000000
0.362520	143.000000
0.362540	143.000000
0.362560	143.000000
0.362580	144.000000
0.362600	146.000000
0.362620	149.000000
0.362640	151.000000
0.362660	151.000000
0.362680	151.000000
0.362700	149.000000
0.362720	148.000000
0.362740	147.000000
0.362760	147.000000
0.362780	146.000000
0.362800	146.000000
0.362820	145.000000
0.362840	145.000000
0.362860	146.000000
0.362880	146.000000
0.362900	147.000000
0.362920	148.000000
0.362940	148.000000
0.362960	149.000000
0.362980	149.000000
0.363000	149.000000
0.363020	149.000000
0.363040	149.000000
0.363060	148.000000
0.363080	148.000000
0.363100	148.000000
0.363120	147.000000
0.363140	147.000000
0.363160	148.000000
0.363180	148.000000
0.363200	149.000000
0.363220	149.000000
0.363240	149.000000
0.363260	148.000000
0.363280	147.000000
0.363300	147.000000
0.363320	147.000000
0.363340	148.000000
0.363360	147.000000
0.363380	146.000000
0.363400	145.000000
0.363420	145.000000
0.363440	145.000000
0.363460	145.000000
0.363480	146.000000
0.363500	148.000000
0.363520	149.000000
0.363540	151.000000
0.363560	152.000000
0.363580	152.000000
0.363600	152.000000
0.363620	151.000000
0.363640	150.000000
0.363660	149.000000
0.363680	148.000000
0.363700	148.000000
0.363720	147.000000
0.363740	146.000000
0.363760	145.000000
0.363780	144.000000
0.363800	144.000000
0.363820	145.000000
0.363840	146.000000
0.363860	148.000000
0.363880	149.000000
0.363900	149.000000
0.363920	149.000000
0.363940	150.000000
0.363960	150.000000
0.363980	151.000000
0.364000	151.000000
0.364020	152.000000
0.364040	152.000000
0.364060	151.000000
0.364080	150.000000
0.364100	147.000000
0.364120	143.000000
0.364140	140.000000
0.364160	139.000000
0.364180	140.000000
0.364200	143.000000
0.364220	146.000000
0.364240	149.000000
0.364260	150.000000
0.364280	149.000000
0.364300	147.000000
0.364320	146.000000
0.364340	149.000000
0.364360	153.000000
0.364380	157.000000
0.364400	158.000000
0.364420	155.000000
0.364440	148.000000
0.364460	142.000000
0.364480	137.000000
0.364500	136.000000
0.364520	139.000000
0.364540	144.000000
0.364560	148.000000
0.364580	149.000000
0.364600	148.000000
0.364620	144.000000
0.364640	141.000000
0.364660	141.000000
0.364680	143.000000
0.364700	147.000000
0.364720	152.000000
0.364740	155.000000
0.364760	155.000000
0.364780	155.000000
0.364800	153.000000
0.364820	152.000000
0.364840	151.000000
0.364860	151.000000
0.364880	150.000000
0.364900	149.000000
0.364920	146.000000
0.364940	143.000000
0.364960	139.000000
0.364980	135.000000
0.365000	134.000000
0.365020	135.000000
0.365040	139.000000
0.365060	144.000000
0.365080	150.000000
0.365100	155.000000
0.365120	159.000000
0.365140	162.000000
0.365160	163.000000
0.365180	162.000000
0.365200	160.000000
0.365220	156.000000
0.365240	151.000000
0.365260	144.000000
0.365280	138.000000
0.365300	134.000000
0.365320	133.000000
0.365340	133.000000
0.365360	136.000000
0.365380	139.000000
0.365400	144.000000
0.365420	149.000000
0.365440	154.000000
0.365460	158.000000
0.365480	161.000000
0.365500	161.000000
0.365520	160.000000
0.365540	158.000000
0.365560	154.000000
0.365580	151.000000
0.365600	147.000000
0.365620	144.000000
0.365640	142.000000
0.365660	140.000000
0.365680	140.000000
0.365700	140.000000
0.365720	142.000000
0.365740	144.000000
0.365760	147.000000
0.365780	150.000000
0.365800	152.000000
0.365820	154.000000
0.365840	155.000000
0.365860	156.000000
0.365880	155.000000
0.365900	153.000000
0.365920	150.000000
0.365940	147.000000
0.365960	145.000000
0.365980	144.000000
0.366000	144.000000
0.366020	143.000000
0.366040	143.000000
0.366060	143.000000
0.366080	144.000000
0.366100	145.000000
0.366120	147.000000
0.366140	149.000000
0.366160	149.000000
0.366180	149.000000
0.366200	149.000000
0.366220	148.000000
0.366240	148.000000
0.366260	147.000000
0.366280	147.000000
0.366300	147.000000
0.366320	147.000000
0.366340	148.000000
0.366360	148.000000
0.366380	148.000000
0.366400	148.000000
0.366420	149.000000
0.366440	149.000000
0.366460	148.000000
0.366480	147.000000
0.366500	147.000000
0.366520	146.000000
0.366540	146.000000
0.366560	146.000000
0.366580	144.000000
0.366600	143.000000
0.366620	143.000000
0.366640	144.000000
0.366660	146.000000
0.366680	147.000000
0.366700	148.000000
0.366720	149.000000
0.366740	150.000000
0.366760	151.000000
0.366780	152.000000
0.366800	151.000000
0.366820	150.000000
0.366840	149.000000
0.366860	149.000000
0.366880	149.000000
0.366900	148.000000
0.366920	146.000000
0.366940	145.000000
0.366960	145.000000
0.366980	145.000000
0.367000	146.000000
0.367020	147.000000
0.367040	148.000000
0.367060	148.000000
0.367080	148.000000
0.367100	149.000000
0.367120	149.000000
0.367140	150.000000
0.367160	151.000000
0.367180	152.000000
0.367200	153.000000
0.367220	153.000000
0.367240	153.000000
0.367260	151.000000
0.367280	149.000000
0.367300	145.000000
0.367320	142.000000
0.367340	139.000000
0.367360	139.000000
0.367380	141.000000
0.367400	145.000000
0.367420	148.000000
0.367440	150.000000
0.367460	150.000000
0.367480	148.000000
0.367500	147.000000
0.367520	148.000000
0.367540	151.000000
0.367560	155.000000
0.367580	158.000000
0.367600	158.000000
0.367620	154.000000
0.367640	147.000000
0.367660	141.000000
0.367680	138.000000
0.367700	139.000000
0.367720	142.000000
0.367740	146.000000
0.367760	149.000000
0.367780	149.000000
0.367800	147.000000
0.367820	145.000000
0.367840	144.000000
0.367860	145.000000
0.367880	148.000000
0.367900	152.000000
0.367920	156.000000
0.367940	158.000000
0.367960	158.000000
0.367980	156.000000
0.368000	154.000000
0.368020	151.000000
0.368040	149.000000
0.368060	147.000000
0.368080	144.000000
0.368100	141.000000
0.368120	138.000000
0.368140	135.000000
0.368160	132.000000
0.368180	131.000000
0.368200	132.000000
0.368220	136.000000
0.368240	142.000000
0.368260	150.000000
0.368280	156.000000
0.368300	161.000000
0.368320	165.000000
0.368340	167.000000
0.368360	167.000000
0.368380	164.000000
0.368400	158.000000
0.368420	151.000000
0.368440	144.000000
0.368460	138.000000
0.368480	133.000000
0.368500	130.000000
0.368520	129.000000
0.368540	130.000000
0.368560	134.000000
0.368580	140.000000
0.368600	146.000000
0.368620	153.000000
0.368640	158.000000
0.368660	161.000000
0.368680	163.000000
0.368700	163.000000
0.368720	161.000000
0.368740	157.000000
0.368760	151.000000
0.368780	146.000000
0.368800	143.000000
0.368820	140.000000
0.368840	139.000000
0.368860	138.000000
0.368880	137.000000
0.368900	138.000000
0.368920	140.000000
0.368940	143.000000
0.368960	147.000000
0.368980	151.000000
0.369000	153.000000
0.369020	156.000000
0.369040	157.000000
0.369060	156.000000
0.369080	155.000000
0.369100	152.000000
0.369120	149.000000
0.369140	147.000000
0.369160	146.000000
0.369180	145.000000
0.369200	144.000000
0.369220	143.000000
0.369240	144.000000
0.369260	144.000000
0.369280	145.000000
0.369300	146.000000
0.369320	147.000000
0.369340	148.000000
0.369360	149.000000
0.369380	150.000000
0.369400	150.000000
0.369420	150.000000
0.369440	150.000000
0.369460	149.000000
0.369480	149.000000
0.369500	148.000000
0.369520	148.000000
0.369540	148.000000
0.369560	148.000000
0.369580	148.000000
0.369600	148.000000
0.369620	148.000000
0.369640	147.000000
0.369660	147.000000
0.369680	147.000000
0.369700	146.000000
0.369720	146.000000
0.369740	145.000000
0.369760	144.000000
0.369780	143.000000
0.369800	143.000000
0.369820	144.000000
0.369840	145.000000
0.369860	146.000000
0.369880	147.000000
0.369900	148.000000
0.369920	150.000000
0.369940	151.000000
0.369960	151.000000
0.369980	151.000000
0.370000	150.000000
0.370020	149.000000
0.370040	148.000000
0.370060	148.000000
0.370080	147.000000
0.370100	147.000000
0.370120	146.000000
0.370140	145.000000
0.370160	145.000000
0.370180	146.000000
0.370200	145.000000
0.370220	146.000000
0.370240	146.000000
0.370260	147.000000
0.370280	148.000000
0.370300	149.000000
0.370320	149.000000
0.370340	149.000000
0.370360	149.000000
0.370380	150.000000
0.370400	150.000000
0.370420	151.000000
0.370440	151.000000
0.370460	150.000000
0.370480	148.000000
0.370500	145.000000
0.370520	142.000000
0.370540	140.000000
0.370560	141.000000
0.370580	143.000000
0.370600	146.000000
0.370620	149.000000
0.370640	150.000000
0.370660	150.000000
0.370680	150.000000
0.370700	149.000000
0.370720	150.000000
0.370740	152.000000
0.370760	155.000000
0.370780	156.000000
0.370800	154.000000
0.370820	149.000000
0.370840	144.000000
0.370860	140.000000
0.370880	139.000000
0.370900	141.000000
0.370920	145.000000
0.370940	148.000000
0.370960	149.000000
0.370980	148.000000
0.371000	145.000000
0.371020	143.000000
0.371040	142.000000
0.371060	145.000000
0.371080	150.000000
0.371100	154.000000
0.371120	157.000000
0.371140	157.000000
0.371160	157.000000
0.371180	155.000000
0.371200	153.000000
0.371220	151.000000
0.371240	149.000000
0.371260	147.000000
0.371280	144.000000
0.371300	142.000000
0.371320	138.000000
0.371340	135.000000
0.371360	133.000000
0.371380	133.000000
0.371400	136.000000
0.371420	141.000000
0.371440	147.000000
0.371460	153.000000
0.371480	159.000000
0.371500	164.000000
0.371520	167.000000
0.371540	167.000000
0.371560	165.000000
0.371580	161.000000
0.371600	154.000000
0.371620	147.000000
0.371640	140.000000
0.371660	134.000000
0.371680	131.000000
0.371700	130.000000
0.371720	131.000000
0.371740	133.000000
0.371760	137.000000
0.371780	142.000000
0.371800	149.000000
0.371820	155.000000
0.371840	159.000000
0.371860	162.000000
0.371880	162.000000
0.371900	161.000000
0.371920	159.000000
0.371940	155.000000
0.371960	150.000000
0.371980	146.000000
0.372000	143.000000
0.372020	140.000000
0.372040	137.000000
0.372060	136.000000
0.372080	136.000000
0.372100	137.000000
0.372120	140.000000
0.372140	144.000000
0.372160	147.000000
0.372180	151.000000
0.372200	153.000000
0.372220	155.000000
0.372240	156.000000
0.372260	156.000000
0.372280	154.000000
0.372300	153.000000
0.372320	151.000000
0.372340	148.000000
0.372360	145.000000
0.372380	143.000000
0.372400	141.000000
0.372420	141.000000
0.372440	142.000000
0.372460	143.000000
0.372480	144.000000
0.372500	145.000000
0.372520	148.000000
0.372540	150.000000
0.372560	152.000000
0.372580	151.000000
0.372600	150.000000
0.372620	150.000000
0.372640	150.000000
0.372660	150.000000
0.372680	150.000000
0.372700	149.000000
0.372720	148.000000
0.372740	148.000000
0.372760	149.000000
0.372780	149.000000
0.372800	148.000000
0.372820	147.000000
0.372840	146.000000
0.372860	146.000000
0.372880	147.000000
0.372900	148.000000
0.372920	147.000000
0.372940	147.000000
0.372960	146.000000
0.372980	145.000000
0.373000	145.000000
0.373020	146.000000
0.373040	146.000000
0.373060	148.000000
0.373080	149.000000
0.373100	151.000000
0.373120	151.000000
0.373140	151.000000
0.373160	151.000000
0.373180	150.000000
0.373200	149.000000
0.373220	148.000000
0.373240	148.000000
0.373260	147.000000
0.373280	147.000000
0.373300	146.000000
0.373320	146.000000
0.373340	145.000000
0.373360	145.000000
0.373380	145.000000
0.373400	146.000000
0.373420	147.000000
0.373440	148.000000
0.373460	149.000000
0.373480	149.000000
0.373500	149.000000
0.373520	149.000000
0.373540	149.000000
0.373560	150.000000
0.373580	150.000000
0.373600	151.000000
0.373620	151.000000
0.373640	150.000000
0.373660	149.000000
0.373680	147.000000
0.373700	144.000000
0.373720	142.000000
0.373740	141.000000
0.373760	143.000000
0.373780	145.000000
0.373800	148.000000
0.373820	150.000000
0.373840	150.000000
0.373860	149.000000
0.373880	148.000000
0.373900	149.000000
0.373920	152.000000
0.373940	154.000000
0.373960	156.000000
0.373980	155.000000
0.374000	152.000000
0.374020	148.000000
0.374040	143.000000
0.374060	140.000000
0.374080	140.000000
0.374100	142.000000
0.374120	144.000000
0.374140	146.000000
0.374160	146.000000
0.374180	145.000000
0.374200	144.000000
0.374220	144.000000
0.374240	145.000000
0.374260	148.000000
0.374280	152.000000
0.374300	156.000000
0.374320	158.000000
0.374340	157.000000
0.374360	155.000000
0.374380	153.000000
0.374400	150.000000
0.374420	148.000000
0.374440	147.000000
0.374460	145.000000
0.374480	142.000000
0.374500	139.000000
0.374520	136.000000
0.374540	133.000000
0.374560	132.000000
0.374580	133.000000
0.374600	137.000000
0.374620	143.000000
0.374640	149.000000
0.374660	155.000000
0.374680	159.000000
0.374700	163.000000
0.374720	164.000000
0.374740	164.000000
0.374760	162.000000
0.374780	157.000000
0.374800	152.000000
0.374820	145.000000
0.374840	139.000000
0.374860	134.000000
0.374880	131.000000
0.374900	130.000000
0.374920	131.000000
0.374940	133.000000
0.374960	137.000000
0.374980	143.000000
0.375000	150.000000
0.375020	157.000000
0.375040	162.000000
0.375060	163.000000
0.375080	163.000000
0.375100	161.000000
0.375120	159.000000
0.375140	155.000000
0.375160	151.000000
0.375180	146.000000
0.375200	141.000000
0.375220	138.000000
0.375240	136.000000
0.375260	136.000000
0.375280	137.000000
0.375300	139.000000
0.375320	142.000000
0.375340	146.000000
0.375360	150.000000
0.375380	153.000000
0.375400	155.000000
0.375420	156.000000
0.375440	156.000000
0.375460	155.000000
0.375480	153.000000
0.375500	151.000000
0.375520	149.000000
0.375540	147.000000
0.375560	145.000000
0.375580	144.000000
0.375600	142.000000
0.375620	142.000000
0.375640	142.000000
0.375660	143.000000
0.375680	145.000000
0.375700	147.000000
0.375720	149.000000
0.375740	151.000000
0.375760	151.000000
0.375780	150.000000
0.375800	149.000000
0.375820	148.000000
0.375840	148.000000
0.375860	149.000000
0.375880	150.000000
0.375900	150.000000
0.375920	149.000000
0.375940	148.000000
0.375960	146.000000
0.375980	146.000000
0.376000	147.000000
0.376020	148.000000
0.376040	148.000000
0.376060	147.000000
0.376080	147.000000
0.376100	147.000000
0.376120	146.000000
0.376140	146.000000
0.376160	145.000000
0.376180	146.000000
0.376200	148.000000
0.376220	150.000000
0.376240	150.000000
0.376260	149.000000
0.376280	149.000000
0.376300	149.000000
0.376320	149.000000
0.376340	150.000000
0.376360	149.000000
0.376380	148.000000
0.376400	147.000000
0.376420	147.000000
0.376440	146.000000
0.376460	146.000000
0.376480	145.000000
0.376500	144.000000
0.376520	144.000000
0.376540	145.000000
0.376560	146.000000
0.376580	146.000000
0.376600	146.000000
0.376620	147.000000
0.376640	147.000000
0.376660	148.000000
0.376680	149.000000
0.376700	150.000000
0.376720	150.000000
0.376740	151.000000
0.376760	150.000000
0.376780	150.000000
0.376800	150.000000
0.376820	150.000000
0.376840	149.000000
0.376860	147.000000
0.376880	145.000000
0.376900	143.000000
0.376920	142.000000
0.376940	142.000000
0.376960	144.000000
0.376980	146.000000
0.377000	149.000000
0.377020	150.000000
0.377040	149.000000
0.377060	148.000000
0.377080	147.000000
0.377100	148.000000
0.377120	150.000000
0.377140	153.000000
0.377160	155.000000
0.377180	154.000000
0.377200	151.000000
0.377220	147.000000
0.377240	143.000000
0.377260	142.000000
0.377280	142.000000
0.377300	144.000000
0.377320	146.000000
0.377340	146.000000
0.377360	146.000000
0.377380	144.000000
0.377400	143.000000
0.377420	144.000000
0.377440	146.000000
0.377460	149.000000
0.377480	152.000000
0.377500	155.000000
0.377520	156.000000
0.377540	156.000000
0.377560	155.000000
0.377580	153.000000
0.377600	152.000000
0.377620	151.000000
0.377640	149.000000
0.377660	146.000000
0.377680	143.000000
0.377700	140.000000
0.377720	137.000000
0.377740	136.000000
0.377760	136.000000
0.377780	138.000000
0.377800	141.000000
0.377820	145.000000
0.377840	150.000000
0.377860	155.000000
0.377880	160.000000
0.377900	163.000000
0.377920	165.000000
0.377940	163.000000
0.377960	160.000000
0.377980	155.000000
0.378000	150.000000
0.378020	146.000000
0.378040	141.000000
0.378060	137.000000
0.378080	135.000000
0.378100	134.000000
0.378120	135.000000
0.378140	137.000000
0.378160	141.000000
0.378180	145.000000
0.378200	150.000000
0.378220	155.000000
0.378240	158.000000
0.378260	160.000000
0.378280	160.000000
0.378300	159.000000
0.378320	156.000000
0.378340	153.000000
0.378360	148.000000
0.378380	144.000000
0.378400	141.000000
0.378420	139.000000
0.378440	138.000000
0.378460	138.000000
0.378480	139.000000
0.378500	141.000000
0.378520	143.000000
0.378540	147.000000
0.378560	150.000000
0.378580	152.000000
0.378600	154.000000
0.378620	155.000000
0.378640	155.000000
0.378660	154.000000
0.378680	152.000000
0.378700	150.000000
0.378720	148.000000
0.378740	147.000000
0.378760	145.000000
0.378780	144.000000
0.378800	143.000000
0.378820	142.000000
0.378840	143.000000
0.378860	144.000000
0.378880	146.000000
0.378900	148.000000
0.378920	149.000000
0.378940	149.000000
0.378960	150.000000
0.378980	150.000000
0.379000	151.000000
0.379020	150.000000
0.379040	149.000000
0.379060	148.000000
0.379080	147.000000
0.379100	148.000000
0.379120	148.000000
0.379140	148.000000
0.379160	148.000000
0.379180	147.000000
0.379200	147.000000
0.379220	147.000000
0.379240	147.000000
0.379260	147.000000
0.379280	146.000000
0.379300	146.000000
0.379320	146.000000
0.379340	146.000000
0.379360	145.000000
0.379380	145.000000
0.379400	146.000000
0.379420	147.000000
0.379440	149.000000
0.379460	149.000000
0.379480	150.000000
0.379500	149.000000
0.379520	149.000000
0.379540	150.000000
0.379560	149.000000
0.379580	148.000000
0.379600	147.000000
0.379620	146.000000
0.379640	144.000000
0.379660	144.000000
0.379680	143.000000
0.379700	144.000000
0.379720	145.000000
0.379740	145.000000
0.379760	146.000000
0.379780	147.000000
0.379800	147.000000
0.379820	148.000000
0.379840	148.000000
0.379860	148.000000
0.379880	148.000000
0.379900	148.000000
0.379920	148.000000
0.379940	148.000000
0.379960	147.000000
0.379980	147.000000
0.380000	147.000000
0.380020	148.000000
0.380040	149.000000
0.380060	148.000000
0.380080	146.000000
0.380100	144.000000
0.380120	143.000000
0.380140	144.000000
0.380160	145.000000
0.380180	147.000000
0.380200	149.000000
0.380220	150.000000
0.380240	149.000000
0.380260	148.000000
0.380280	147.000000
0.380300	148.000000
0.380320	150.000000
0.380340	153.000000
0.380360	153.000000
0.380380	152.000000
0.380400	149.000000
0.380420	147.000000
0.380440	145.000000
0.380460	144.000000
0.380480	145.000000
0.380500	145.000000
0.380520	146.000000
0.380540	146.000000
0.380560	144.000000
0.380580	143.000000
0.380600	143.000000
0.380620	144.000000
0.380640	146.000000
0.380660	148.000000
0.380680	150.000000
0.380700	152.000000
0.380720	154.000000
0.380740	155.000000
0.380760	154.000000
0.380780	153.000000
0.380800	152.000000
0.380820	151.000000
0.380840	149.000000
0.380860	146.000000
0.380880	143.000000
0.380900	141.000000
0.380920	139.000000
0.380940	139.000000
0.380960	139.000000
0.380980	139.000000
0.381000	142.000000
0.381020	146.000000
0.381040	151.000000
0.381060	154.000000
0.381080	155.000000
0.381100	157.000000
0.381120	159.000000
0.381140	159.000000
0.381160	156.000000
0.381180	152.000000
0.381200	148.000000
0.381220	145.000000
0.381240	143.000000
0.381260	140.000000
0.381280	137.000000
0.381300	136.000000
0.381320	138.000000
0.381340	141.000000
0.381360	143.000000
0.381380	145.000000
0.381400	149.000000
0.381420	156.000000
0.381440	161.000000
0.381460	157.000000
0.381480	141.000000
