0.343700	102.000000
0.343720	58.000000
0.343740	120.000000
0.343760	166.000000
0.343780	171.000000
0.343800	149.000000
0.343820	134.000000
0.343840	141.000000
0.343860	156.000000
0.343880	158.000000
0.343900	148.000000
0.343920	139.000000
0.343940	143.000000
0.343960	152.000000
0.343980	154.000000
0.344000	147.000000
0.344020	142.000000
0.344040	145.000000
0.344060	151.000000
0.344080	153.000000
0.344100	148.000000
0.344120	144.000000
0.344140	145.000000
0.344160	150.000000
0.344180	151.000000
0.344200	147.000000
0.344220	144.000000
0.344240	146.000000
0.344260	150.000000
0.344280	150.000000
0.344300	147.000000
0.344320	144.000000
0.344340	146.000000
0.344360	151.000000
0.344380	152.000000
0.344400	150.000000
0.344420	147.000000
0.344440	148.000000
0.344460	151.000000
0.344480	151.000000
0.344500	148.000000
0.344520	145.000000
0.344540	146.000000
0.344560	148.000000
0.344580	149.000000
0.344600	147.000000
0.344620	145.000000
0.344640	146.000000
0.344660	149.000000
0.344680	150.000000
0.344700	148.000000
0.344720	146.000000
0.344740	147.000000
0.344760	150.000000
0.344780	150.000000
0.344800	149.000000
0.344820	147.000000
0.344840	148.000000
0.344860	150.000000
0.344880	151.000000
0.344900	149.000000
0.344920	147.000000
0.344940	146.000000
0.344960	147.000000
0.344980	148.000000
0.345000	146.000000
0.345020	146.000000
0.345040	146.000000
0.345060	148.000000
0.345080	148.000000
0.345100	146.000000
0.345120	146.000000
0.345140	147.000000
0.345160	149.000000
0.345180	150.000000
0.345200	148.000000
0.345220	147.000000
0.345240	147.000000
0.345260	148.000000
0.345280	149.000000
0.345300	148.000000
0.345320	147.000000
0.345340	148.000000
0.345360	148.000000
0.345380	148.000000
0.345400	147.000000
0.345420	147.000000
0.345440	148.000000
0.345460	149.000000
0.345480	149.000000
0.345500	147.000000
0.345520	146.000000
0.345540	147.000000
0.345560	150.000000
0.345580	151.000000
0.345600	149.000000
0.345620	148.000000
0.345640	148.000000
0.345660	149.000000
0.345680	150.000000
0.345700	149.000000
0.345720	148.000000
0.345740	148.000000
0.345760	150.000000
0.345780	151.000000
0.345800	150.000000
0.345820	149.000000
0.345840	148.000000
0.345860	149.000000
0.345880	149.000000
0.345900	147.000000
0.345920	146.000000
0.345940	146.000000
0.345960	146.000000
0.345980	147.000000
0.346000	147.000000
0.346020	147.000000
0.346040	148.000000
0.346060	149.000000
0.346080	149.000000
0.346100	148.000000
0.346120	146.000000
0.346140	147.000000
0.346160	148.000000
0.346180	149.000000
0.346200	148.000000
0.346220	147.000000
0.346240	147.000000
0.346260	149.000000
0.346280	150.000000
0.346300	150.000000
0.346320	149.000000
0.346340	149.000000
0.346360	150.000000
0.346380	149.000000
0.346400	148.000000
0.346420	147.000000
0.346440	146.000000
0.346460	147.000000
0.346480	147.000000
0.346500	146.000000
0.346520	146.000000
0.346540	147.000000
0.346560	149.000000
0.346580	150.000000
0.346600	150.000000
0.346620	149.000000
0.346640	148.000000
0.346660	148.000000
0.346680	148.000000
0.346700	147.000000
0.346720	147.000000
0.346740	147.000000
0.346760	148.000000
0.346780	148.000000
0.346800	147.000000
0.346820	146.000000
0.346840	146.000000
0.346860	146.000000
0.346880	147.000000
0.346900	148.000000
0.346920	148.000000
0.346940	148.000000
0.346960	149.000000
0.346980	149.000000
0.347000	148.000000
0.347020	148.000000
0.347040	148.000000
0.347060	149.000000
0.347080	150.000000
0.347100	150.000000
0.347120	149.000000
0.347140	148.000000
0.347160	148.000000
0.347180	148.000000
0.347200	147.000000
0.347220	147.000000
0.347240	148.000000
0.347260	149.000000
0.347280	149.000000
0.347300	148.000000
0.347320	147.000000
0.347340	147.000000
0.347360	148.000000
0.347380	148.000000
0.347400	148.000000
0.347420	147.000000
0.347440	147.000000
0.347460	148.000000
0.347480	148.000000
0.347500	148.000000
0.347520	148.000000
0.347540	149.000000
0.347560	150.000000
0.347580	150.000000
0.347600	148.000000
0.347620	147.000000
0.347640	147.000000
0.347660	148.000000
0.347680	148.000000
0.347700	148.000000
0.347720	147.000000
0.347740	147.000000
0.347760	148.000000
0.347780	148.000000
0.347800	148.000000
0.347820	148.000000
0.347840	147.000000
0.347860	147.000000
0.347880	147.000000
0.347900	147.000000
0.347920	146.000000
0.347940	146.000000
0.347960	147.000000
0.347980	149.000000
0.348000	149.000000
0.348020	149.000000
0.348040	149.000000
0.348060	150.000000
0.348080	150.000000
0.348100	150.000000
0.348120	149.000000
0.348140	148.000000
0.348160	148.000000
0.348180	147.000000
0.348200	146.000000
0.348220	146.000000
0.348240	145.000000
0.348260	146.000000
0.348280	146.000000
0.348300	146.000000
0.348320	147.000000
0.348340	147.000000
0.348360	148.000000
0.348380	149.000000
0.348400	149.000000
0.348420	148.000000
0.348440	148.000000
0.348460	148.000000
0.348480	148.000000
0.348500	148.000000
0.348520	147.000000
0.348540	148.000000
0.348560	148.000000
0.348580	149.000000
0.348600	149.000000
0.348620	149.000000
0.348640	149.000000
0.348660	149.000000
0.348680	149.000000
0.348700	149.000000
0.348720	148.000000
0.348740	148.000000
0.348760	149.000000
0.348780	149.000000
0.348800	149.000000
0.348820	148.000000
0.348840	147.000000
0.348860	146.000000
0.348880	146.000000
0.348900	146.000000
0.348920	147.000000
0.348940	147.000000
0.348960	148.000000
0.348980	148.000000
0.349000	148.000000
0.349020	148.000000
0.349040	148.000000
0.349060	149.000000
0.349080	148.000000
0.349100	148.000000
0.349120	147.000000
0.349140	147.000000
0.349160	147.000000
0.349180	146.000000
0.349200	146.000000
0.349220	147.000000
0.349240	147.000000
0.349260	148.000000
0.349280	148.000000
0.349300	147.000000
0.349320	147.000000
0.349340	147.000000
0.349360	147.000000
0.349380	147.000000
0.349400	146.000000
0.349420	145.000000
0.349440	145.000000
0.349460	146.000000
0.349480	148.000000
0.349500	151.000000
0.349520	156.000000
0.349540	161.000000
0.349560	164.000000
0.349580	163.000000
0.349600	157.000000
0.349620	148.000000
0.349640	141.000000
0.349660	137.000000
0.349680	136.000000
0.349700	137.000000
0.349720	138.000000
0.349740	137.000000
0.349760	133.000000
0.349780	129.000000
0.349800	127.000000
0.349820	130.000000
0.349840	140.000000
0.349860	156.000000
0.349880	170.000000
0.349900	178.000000
0.349920	179.000000
0.349940	172.000000
0.349960	164.000000
0.349980	158.000000
0.350000	155.000000
0.350020	156.000000
0.350040	158.000000
0.350060	157.000000
0.350080	151.000000
0.350100	139.000000
0.350120	125.000000
0.350140	113.000000
0.350160	105.000000
0.350180	104.000000
0.350200	109.000000
0.350220	119.000000
0.350240	132.000000
0.350260	145.000000
0.350280	159.000000
0.350300	172.000000
0.350320	184.000000
0.350340	196.000000
0.350360	205.000000
0.350380	208.000000
0.350400	203.000000
0.350420	191.000000
0.350440	173.000000
0.350460	150.000000
0.350480	125.000000
0.350500	101.000000
0.350520	82.000000
0.350540	71.000000
0.350560	69.000000
0.350580	76.000000
0.350600	91.000000
0.350620	112.000000
0.350640	137.000000
0.350660	163.000000
0.350680	187.000000
0.350700	204.000000
0.350720	215.000000
0.350740	217.000000
0.350760	212.000000
0.350780	200.000000
0.350800	182.000000
0.350820	161.000000
0.350840	138.000000
0.350860	118.000000
0.350880	104.000000
0.350900	95.000000
0.350920	93.000000
0.350940	97.000000
0.350960	107.000000
0.350980	121.000000
0.351000	136.000000
0.351020	151.000000
0.351040	165.000000
0.351060	176.000000
0.351080	182.000000
0.351100	184.000000
0.351120	181.000000
0.351140	174.000000
0.351160	166.000000
0.351180	155.000000
0.351200	145.000000
0.351220	137.000000
0.351240	131.000000
0.351260	128.000000
0.351280	128.000000
0.351300	129.000000
0.351320	132.000000
0.351340	137.000000
0.351360	142.000000
0.351380	148.000000
0.351400	153.000000
0.351420	157.000000
0.351440	159.000000
0.351460	160.000000
0.351480	159.000000
0.351500	157.000000
0.351520	154.000000
0.351540	151.000000
0.351560	148.000000
0.351580	146.000000
0.351600	144.000000
0.351620	142.000000
0.351640	141.000000
0.351660	141.000000
0.351680	142.000000
0.351700	143.000000
0.351720	145.000000
0.351740	147.000000
0.351760	149.000000
0.351780	151.000000
0.351800	152.000000
0.351820	152.000000
0.351840	152.000000
0.351860	151.000000
0.351880	150.000000
0.351900	148.000000
0.351920	147.000000
0.351940	147.000000
0.351960	147.000000
0.351980	146.000000
0.352000	145.000000
0.352020	144.000000
0.352040	144.000000
0.352060	145.000000
0.352080	146.000000
0.352100	147.000000
0.352120	148.000000
0.352140	149.000000
0.352160	150.000000
0.352180	150.000000
0.352200	150.000000
0.352220	150.000000
0.352240	150.000000
0.352260	150.000000
0.352280	149.000000
0.352300	147.000000
0.352320	146.000000
0.352340	147.000000
0.352360	147.000000
0.352380	148.000000
0.352400	148.000000
0.352420	148.000000
0.352440	147.000000
0.352460	147.000000
0.352480	146.000000
0.352500	146.000000
0.352520	146.000000
0.352540	147.000000
0.352560	148.000000
0.352580	148.000000
0.352600	146.000000
0.352620	145.000000
0.352640	145.000000
0.352660	147.000000
0.352680	150.000000
0.352700	154.000000
0.352720	158.000000
0.352740	161.000000
0.352760	162.000000
0.352780	158.000000
0.352800	151.000000
0.352820	143.000000
0.352840	137.000000
0.352860	134.000000
0.352880	135.000000
0.352900	137.000000
0.352920	138.000000
0.352940	136.000000
0.352960	132.000000
0.352980	129.000000
0.353000	130.000000
0.353020	137.000000
0.353040	150.000000
0.353060	164.000000
0.353080	175.000000
0.353100	178.000000
0.353120	174.000000
0.353140	166.000000
0.353160	158.000000
0.353180	154.000000
0.353200	154.000000
0.353220	155.000000
0.353240	156.000000
0.353260	152.000000
0.353280	143.000000
0.353300	131.000000
0.353320	119.000000
0.353340	110.000000
0.353360	106.000000
0.353380	109.000000
0.353400	117.000000
0.353420	127.000000
0.353440	139.000000
0.353460	151.000000
0.353480	164.000000
0.353500	176.000000
0.353520	188.000000
0.353540	198.000000
0.353560	204.000000
0.353580	203.000000
0.353600	195.000000
0.353620	181.000000
0.353640	161.000000
0.353660	138.000000
0.353680	114.000000
0.353700	94.000000
0.353720	79.000000
0.353740	72.000000
0.353760	75.000000
0.353780	87.000000
0.353800	106.000000
0.353820	129.000000
0.353840	154.000000
0.353860	178.000000
0.353880	197.000000
0.353900	209.000000
0.353920	215.000000
0.353940	213.000000
0.353960	203.000000
0.353980	187.000000
0.354000	167.000000
0.354020	145.000000
0.354040	125.000000
0.354060	109.000000
0.354080	99.000000
0.354100	95.000000
0.354120	98.000000
0.354140	106.000000
0.354160	118.000000
0.354180	132.000000
0.354200	147.000000
0.354220	161.000000
0.354240	172.000000
0.354260	180.000000
0.354280	182.000000
0.354300	181.000000
0.354320	176.000000
0.354340	168.000000
0.354360	159.000000
0.354380	148.000000
0.354400	139.000000
0.354420	131.000000
0.354440	127.000000
0.354460	126.000000
0.354480	128.000000
0.354500	130.000000
0.354520	135.000000
0.354540	141.000000
0.354560	147.000000
0.354580	153.000000
0.354600	158.000000
0.354620	160.000000
0.354640	161.000000
0.354660	161.000000
0.354680	159.000000
0.354700	156.000000
0.354720	152.000000
0.354740	148.000000
0.354760	145.000000
0.354780	143.000000
0.354800	142.000000
0.354820	141.000000
0.354840	141.000000
0.354860	141.000000
0.354880	142.000000
0.354900	143.000000
0.354920	146.000000
0.354940	149.000000
0.354960	151.000000
0.354980	153.000000
0.355000	153.000000
0.355020	152.000000
0.355040	151.000000
0.355060	150.000000
0.355080	149.000000
0.355100	148.000000
0.355120	148.000000
0.355140	148.000000
0.355160	148.000000
0.355180	147.000000
0.355200	147.000000
0.355220	146.000000
0.355240	146.000000
0.355260	146.000000
0.355280	146.000000
0.355300	147.000000
0.355320	148.000000
0.355340	150.000000
0.355360	150.000000
0.355380	151.000000
0.355400	151.000000
0.355420	151.000000
0.355440	151.000000
0.355460	150.000000
0.355480	150.000000
0.355500	150.000000
0.355520	149.000000
0.355540	148.000000
0.355560	147.000000
0.355580	146.000000
0.355600	145.000000
0.355620	145.000000
0.355640	145.000000
0.355660	146.000000
0.355680	147.000000
0.355700	147.000000
0.355720	147.000000
0.355740	147.000000
0.355760	148.000000
0.355780	148.000000
0.355800	147.000000
0.355820	146.000000
0.355840	147.000000
0.355860	149.000000
0.355880	152.000000
0.355900	155.000000
0.355920	157.000000
0.355940	157.000000
0.355960	156.000000
0.355980	152.000000
0.356000	147.000000
0.356020	142.000000
0.356040	139.000000
0.356060	139.000000
0.356080	140.000000
0.356100	141.000000
0.356120	140.000000
0.356140	137.000000
0.356160	134.000000
0.356180	133.000000
0.356200	138.000000
0.356220	146.000000
0.356240	156.000000
0.356260	163.000000
0.356280	167.000000
0.356300	165.000000
0.356320	160.000000
0.356340	155.000000
0.356360	151.000000
0.356380	151.000000
0.356400	152.000000
0.356420	154.000000
0.356440	154.000000
0.356460	150.000000
0.356480	142.000000
0.356500	133.000000
0.356520	126.000000
0.356540	122.000000
0.356560	123.000000
0.356580	127.000000
0.356600	134.000000
0.356620	140.000000
0.356640	147.000000
0.356660	155.000000
0.356680	162.000000
0.356700	170.000000
0.356720	178.000000
0.356740	183.000000
0.356760	184.000000
0.356780	181.000000
0.356800	173.000000
0.356820	161.000000
0.356840	146.000000
0.356860	130.000000
0.356880	116.000000
0.356900	105.000000
0.356920	100.000000
0.356940	101.000000
0.356960	107.000000
0.356980	117.000000
0.357000	131.000000
0.357020	146.000000
0.357040	162.000000
0.357060	175.000000
0.357080	186.000000
0.357100	191.000000
0.357120	191.000000
0.357140	186.000000
0.357160	177.000000
0.357180	165.000000
0.357200	151.000000
0.357220	137.000000
0.357240	126.000000
0.357260	118.000000
0.357280	114.000000
0.357300	115.000000
0.357320	120.000000
0.357340	128.000000
0.357360	138.000000
0.357380	148.000000
0.357400	156.000000
0.357420	164.000000
0.357440	169.000000
0.357460	171.000000
0.357480	169.000000
0.357500	165.000000
0.357520	159.000000
0.357540	153.000000
0.357560	147.000000
0.357580	141.000000
0.357600	137.000000
0.357620	133.000000
0.357640	133.000000
0.357660	134.000000
0.357680	136.000000
0.357700	140.000000
0.357720	143.000000
0.357740	147.000000
0.357760	151.000000
0.357780	154.000000
0.357800	155.000000
0.357820	156.000000
0.357840	156.000000
0.357860	155.000000
0.357880	154.000000
0.357900	151.000000
0.357920	148.000000
0.357940	145.000000
0.357960	143.000000
0.357980	142.000000
0.358000	141.000000
0.358020	141.000000
0.358040	142.000000
0.358060	142.000000
0.358080	143.000000
0.358100	145.000000
0.358120	147.000000
0.358140	149.000000
0.358160	151.000000
0.358180	152.000000
0.358200	151.000000
0.358220	150.000000
0.358240	149.000000
0.358260	149.000000
0.358280	149.000000
0.358300	149.000000
0.358320	148.000000
0.358340	148.000000
0.358360	147.000000
0.358380	146.000000
0.358400	146.000000
0.358420	145.000000
0.358440	144.000000
0.358460	144.000000
0.358480	145.000000
0.358500	146.000000
0.358520	146.000000
0.358540	147.000000
0.358560	148.000000
0.358580	150.000000
0.358600	151.000000
0.358620	151.000000
0.358640	151.000000
0.358660	151.000000
0.358680	150.000000
0.358700	149.000000
0.358720	148.000000
0.358740	147.000000
0.358760	147.000000
0.358780	147.000000
0.358800	146.000000
0.358820	145.000000
0.358840	145.000000
0.358860	144.000000
0.358880	145.000000
0.358900	146.000000
0.358920	147.000000
0.358940	148.000000
0.358960	148.000000
0.358980	148.000000
0.359000	148.000000
0.359020	148.000000
0.359040	149.000000
0.359060	150.000000
0.359080	152.000000
0.359100	153.000000
0.359120	154.000000
0.359140	153.000000
0.359160	151.000000
0.359180	148.000000
0.359200	145.000000
0.359220	142.000000
0.359240	142.000000
0.359260	143.000000
0.359280	145.000000
0.359300	145.000000
0.359320	144.000000
0.359340	142.000000
0.359360	141.000000
0.359380	143.000000
0.359400	148.000000
0.359420	154.000000
0.359440	159.000000
0.359460	161.000000
0.359480	160.000000
0.359500	156.000000
0.359520	151.000000
0.359540	148.000000
0.359560	148.000000
0.359580	149.000000
0.359600	151.000000
0.359620	152.000000
0.359640	149.000000
0.359660	144.000000
0.359680	139.000000
0.359700	135.000000
0.359720	134.000000
0.359740	135.000000
0.359760	138.000000
0.359780	141.000000
0.359800	144.000000
0.359820	147.000000
0.359840	150.000000
0.359860	153.000000
0.359880	157.000000
0.359900	160.000000
0.359920	164.000000
0.359940	165.000000
0.359960	164.000000
0.359980	160.000000
0.360000	153.000000
0.360020	146.000000
0.360040	139.000000
0.360060	132.000000
0.360080	127.000000
0.360100	125.000000
0.360120	124.000000
0.360140	127.000000
0.360160	132.000000
0.360180	139.000000
0.360200	148.000000
0.360220	156.000000
0.360240	163.000000
0.360260	168.000000
0.360280	169.000000
0.360300	167.000000
0.360320	164.000000
0.360340	160.000000
0.360360	154.000000
0.360380	147.000000
0.360400	141.000000
0.360420	136.000000
0.360440	133.000000
0.360460	133.000000
0.360480	134.000000
0.360500	136.000000
0.360520	140.000000
0.360540	145.000000
0.360560	150.000000
0.360580	155.000000
0.360600	157.000000
0.360620	159.000000
0.360640	159.000000
0.360660	157.000000
0.360680	155.000000
0.360700	152.000000
0.360720	148.000000
0.360740	144.000000
0.360760	142.000000
0.360780	140.000000
0.360800	139.000000
0.360820	140.000000
0.360840	142.000000
0.360860	144.000000
0.360880	146.000000
0.360900	147.000000
0.360920	149.000000
0.360940	151.000000
0.360960	153.000000
0.360980	154.000000
0.361000	153.000000
0.361020	152.000000
0.361040	151.000000
0.361060	150.000000
0.361080	149.000000
0.361100	148.000000
0.361120	146.000000
0.361140	145.000000
0.361160	145.000000
0.361180	146.000000
0.361200	146.000000
0.361220	147.000000
0.361240	147.000000
0.361260	148.000000
0.361280	148.000000
0.361300	148.000000
0.361320	147.000000
0.361340	148.000000
0.361360	149.000000
0.361380	150.000000
0.361400	150.000000
0.361420	150.000000
0.361440	150.000000
0.361460	150.000000
0.361480	149.000000
0.361500	148.000000
0.361520	147.000000
0.361540	146.000000
0.361560	146.000000
0.361580	146.000000
0.361600	146.000000
0.361620	145.000000
0.361640	145.000000
0.361660	145.000000
0.361680	145.000000
0.361700	146.000000
0.361720	147.000000
0.361740	149.000000
0.361760	150.000000
0.361780	150.000000
0.361800	149.000000
0.361820	149.000000
0.361840	150.000000
0.361860	150.000000
0.361880	151.000000
0.361900	150.000000
0.361920	149.000000
0.361940	148.000000
0.361960	148.000000
0.361980	148.000000
0.362000	147.000000
0.362020	146.000000
0.362040	145.000000
0.362060	145.000000
0.362080	146.000000
0.362100	147.000000
0.362120	146.000000
0.362140	147.000000
0.362160	147.000000
0.362180	148.000000
0.362200	149.000000
0.362220	150.000000
0.362240	150.000000
0.362260	150.000000
0.362280	151.000000
0.362300	151.000000
0.362320	150.000000
0.362340	147.000000
0.362360	144.000000
0.362380	142.000000
0.362400	143.000000
0.362420	144.000000
0.362440	146.000000
0.362460	147.000000
0.362480	147.000000
0.362500	146.000000
0.362520	144.000000
0.362540	144.000000
0.362560	145.000000
0.362580	148.000000
0.362600	151.000000
0.362620	154.000000
0.362640	154.000000
0.362660	152.000000
0.362680	149.000000
0.362700	146.000000
0.362720	144.000000
0.362740	144.000000
0.362760	146.000000
0.362780	148.000000
0.362800	149.000000
0.362820	148.000000
0.362840	146.000000
0.362860	144.000000
0.362880	143.000000
0.362900	143.000000
0.362920	144.000000
0.362940	147.000000
0.362960	149.000000
0.362980	150.000000
0.363000	150.000000
0.363020	150.000000
0.363040	150.000000
0.363060	151.000000
0.363080	152.000000
0.363100	153.000000
0.363120	153.000000
0.363140	152.000000
0.363160	149.000000
0.363180	146.000000
0.363200	143.000000
0.363220	140.000000
0.363240	138.000000
0.363260	139.000000
0.363280	141.000000
0.363300	143.000000
0.363320	146.000000
0.363340	149.000000
0.363360	152.000000
0.363380	154.000000
0.363400	156.000000
0.363420	157.000000
0.363440	157.000000
0.363460	155.000000
0.363480	153.000000
0.363500	149.000000
0.363520	146.000000
0.363540	142.000000
0.363560	140.000000
0.363580	139.000000
0.363600	138.000000
0.363620	139.000000
0.363640	141.000000
0.363660	144.000000
0.363680	148.000000
0.363700	152.000000
0.363720	155.000000
0.363740	157.000000
0.363760	157.000000
0.363780	156.000000
0.363800	154.000000
0.363820	151.000000
0.363840	148.000000
0.363860	146.000000
0.363880	144.000000
0.363900	142.000000
0.363920	141.000000
0.363940	140.000000
0.363960	140.000000
0.363980	141.000000
0.364000	143.000000
0.364020	146.000000
0.364040	148.000000
0.364060	151.000000
0.364080	152.000000
0.364100	154.000000
0.364120	154.000000
0.364140	154.000000
0.364160	153.000000
0.364180	152.000000
0.364200	149.000000
0.364220	148.000000
0.364240	146.000000
0.364260	145.000000
0.364280	144.000000
0.364300	144.000000
0.364320	144.000000
0.364340	145.000000
0.364360	147.000000
0.364380	148.000000
0.364400	148.000000
0.364420	148.000000
0.364440	148.000000
0.364460	148.000000
0.364480	148.000000
0.364500	149.000000
0.364520	149.000000
0.364540	148.000000
0.364560	148.000000
0.364580	148.000000
0.364600	148.000000
0.364620	149.000000
0.364640	149.000000
0.364660	150.000000
0.364680	149.000000
0.364700	148.000000
0.364720	148.000000
0.364740	147.000000
0.364760	147.000000
0.364780	147.000000
0.364800	146.000000
0.364820	144.000000
0.364840	144.000000
0.364860	145.000000
0.364880	146.000000
0.364900	147.000000
0.364920	147.000000
0.364940	148.000000
0.364960	150.000000
0.364980	151.000000
0.365000	152.000000
0.365020	152.000000
0.365040	151.000000
0.365060	149.000000
0.365080	149.000000
0.365100	148.000000
0.365120	148.000000
0.365140	147.000000
0.365160	146.000000
0.365180	145.000000
0.365200	145.000000
0.365220	144.000000
0.365240	144.000000
0.365260	145.000000
0.365280	146.000000
0.365300	147.000000
0.365320	148.000000
0.365340	148.000000
0.365360	148.000000
0.365380	149.000000
0.365400	149.000000
0.365420	149.000000
0.365440	149.000000
0.365460	150.000000
0.365480	150.000000
0.365500	149.000000
0.365520	147.000000
0.365540	146.000000
0.365560	145.000000
0.365580	145.000000
0.365600	146.000000
0.365620	147.000000
0.365640	148.000000
0.365660	148.000000
0.365680	148.000000
0.365700	147.000000
0.365720	147.000000
0.365740	148.000000
0.365760	149.000000
0.365780	151.000000
0.365800	153.000000
0.365820	153.000000
0.365840	151.000000
0.365860	148.000000
0.365880	145.000000
0.365900	143.000000
0.365920	144.000000
0.365940	145.000000
0.365960	147.000000
0.365980	147.000000
0.366000	147.000000
0.366020	146.000000
0.366040	145.000000
0.366060	144.000000
0.366080	146.000000
0.366100	148.000000
0.366120	151.000000
0.366140	153.000000
0.366160	154.000000
0.366180	154.000000
0.366200	153.000000
0.366220	153.000000
0.366240	151.000000
0.366260	150.000000
0.366280	148.000000
0.366300	145.000000
0.366320	143.000000
0.366340	141.000000
0.366360	140.000000
0.366380	138.000000
0.366400	139.000000
0.366420	140.000000
0.366440	143.000000
0.366460	146.000000
0.366480	150.000000
0.366500	155.000000
0.366520	158.000000
0.366540	161.000000
0.366560	161.000000
0.366580	161.000000
0.366600	158.000000
0.366620	154.000000
0.366640	150.000000
0.366660	145.000000
0.366680	140.000000
0.366700	136.000000
0.366720	134.000000
0.366740	133.000000
0.366760	134.000000
0.366780	137.000000
0.366800	140.000000
0.366820	145.000000
0.366840	150.000000
0.366860	155.000000
0.366880	158.000000
0.366900	160.000000
0.366920	161.000000
0.366940	161.000000
0.366960	159.000000
0.366980	155.000000
0.367000	151.000000
0.367020	146.000000
0.367040	142.000000
0.367060	139.000000
0.367080	136.000000
0.367100	135.000000
0.367120	136.000000
0.367140	138.000000
0.367160	140.000000
0.367180	144.000000
0.367200	147.000000
0.367220	151.000000
0.367240	154.000000
0.367260	155.000000
0.367280	156.000000
0.367300	155.000000
0.367320	154.000000
0.367340	153.000000
0.367360	151.000000
0.367380	149.000000
0.367400	147.000000
0.367420	145.000000
0.367440	144.000000
0.367460	144.000000
0.367480	144.000000
0.367500	144.000000
0.367520	146.000000
0.367540	147.000000
0.367560	149.000000
0.367580	151.000000
0.367600	151.000000
0.367620	150.000000
0.367640	150.000000
0.367660	149.000000
0.367680	149.000000
0.367700	149.000000
0.367720	148.000000
0.367740	147.000000
0.367760	147.000000
0.367780	147.000000
0.367800	148.000000
0.367820	149.000000
0.367840	149.000000
0.367860	148.000000
0.367880	148.000000
0.367900	148.000000
0.367920	148.000000
0.367940	148.000000
0.367960	147.000000
0.367980	147.000000
0.368000	146.000000
0.368020	146.000000
0.368040	146.000000
0.368060	147.000000
0.368080	147.000000
0.368100	148.000000
0.368120	148.000000
0.368140	148.000000
0.368160	149.000000
0.368180	149.000000
0.368200	149.000000
0.368220	149.000000
0.368240	149.000000
0.368260	148.000000
0.368280	148.000000
0.368300	148.000000
0.368320	147.000000
0.368340	146.000000
0.368360	145.000000
0.368380	145.000000
0.368400	145.000000
0.368420	146.000000
0.368440	147.000000
0.368460	148.000000
0.368480	148.000000
0.368500	148.000000
0.368520	148.000000
0.368540	148.000000
0.368560	149.000000
0.368580	150.000000
0.368600	150.000000
0.368620	150.000000
0.368640	149.000000
0.368660	148.000000
0.368680	147.000000
0.368700	146.000000
0.368720	145.000000
0.368740	144.000000
0.368760	143.000000
0.368780	144.000000
0.368800	146.000000
0.368820	147.000000
0.368840	149.000000
0.368860	148.000000
0.368880	147.000000
0.368900	147.000000
0.368920	148.000000
0.368940	150.000000
0.368960	152.000000
0.368980	152.000000
0.369000	151.000000
0.369020	149.000000
0.369040	146.000000
0.369060	144.000000
0.369080	142.000000
0.369100	141.000000
0.369120	141.000000
0.369140	143.000000
0.369160	145.000000
0.369180	147.000000
0.369200	147.000000
0.369220	146.000000
0.369240	146.000000
0.369260	147.000000
0.369280	149.000000
0.369300	152.000000
0.369320	155.000000
0.369340	157.000000
0.369360	157.000000
0.369380	157.000000
0.369400	154.000000
0.369420	151.000000
0.369440	147.000000
0.369460	145.000000
0.369480	143.000000
0.369500	141.000000
0.369520	139.000000
0.369540	136.000000
0.369560	134.000000
0.369580	135.000000
0.369600	137.000000
0.369620	142.000000
0.369640	148.000000
0.369660	154.000000
0.369680	158.000000
0.369700	161.000000
0.369720	164.000000
0.369740	164.000000
0.369760	163.000000
0.369780	159.000000
0.369800	154.000000
0.369820	149.000000
0.369840	143.000000
0.369860	137.000000
0.369880	133.000000
0.369900	130.000000
0.369920	130.000000
0.369940	132.000000
0.369960	136.000000
0.369980	141.000000
0.370000	146.000000
0.370020	151.000000
0.370040	156.000000
0.370060	161.000000
0.370080	164.000000
0.370100	165.000000
0.370120	163.000000
0.370140	159.000000
0.370160	155.000000
0.370180	150.000000
0.370200	144.000000
0.370220	140.000000
0.370240	137.000000
0.370260	135.000000
0.370280	135.000000
0.370300	136.000000
0.370320	138.000000
0.370340	140.000000
0.370360	144.000000
0.370380	148.000000
0.370400	152.000000
0.370420	155.000000
0.370440	156.000000
0.370460	156.000000
0.370480	156.000000
0.370500	154.000000
0.370520	152.000000
0.370540	150.000000
0.370560	147.000000
0.370580	145.000000
0.370600	143.000000
0.370620	142.000000
0.370640	142.000000
0.370660	142.000000
0.370680	143.000000
0.370700	145.000000
0.370720	147.000000
0.370740	148.000000
0.370760	150.000000
0.370780	150.000000
0.370800	150.000000
0.370820	149.000000
0.370840	149.000000
0.370860	148.000000
0.370880	148.000000
0.370900	148.000000
0.370920	148.000000
0.370940	148.000000
0.370960	148.000000
0.370980	147.000000
0.371000	147.000000
0.371020	147.000000
0.371040	147.000000
0.371060	148.000000
0.371080	149.000000
0.371100	148.000000
0.371120	147.000000
0.371140	146.000000
0.371160	145.000000
0.371180	144.000000
0.371200	144.000000
0.371220	145.000000
0.371240	145.000000
0.371260	146.000000
0.371280	147.000000
0.371300	149.000000
0.371320	150.000000
0.371340	150.000000
0.371360	150.000000
0.371380	149.000000
0.371400	149.000000
0.371420	149.000000
0.371440	148.000000
0.371460	148.000000
0.371480	147.000000
0.371500	147.000000
0.371520	147.000000
0.371540	147.000000
0.371560	146.000000
0.371580	146.000000
0.371600	146.000000
0.371620	147.000000
0.371640	148.000000
0.371660	149.000000
0.371680	149.000000
0.371700	149.000000
0.371720	148.000000
0.371740	148.000000
0.371760	148.000000
0.371780	148.000000
0.371800	149.000000
0.371820	149.000000
0.371840	149.000000
0.371860	148.000000
0.371880	146.000000
0.371900	145.000000
0.371920	144.000000
0.371940	143.000000
0.371960	144.000000
0.371980	146.000000
0.372000	148.000000
0.372020	150.000000
0.372040	151.000000
0.372060	151.000000
0.372080	150.000000
0.372100	149.000000
0.372120	149.000000
0.372140	150.000000
0.372160	151.000000
0.372180	151.000000
0.372200	150.000000
0.372220	148.000000
0.372240	146.000000
0.372260	143.000000
0.372280	142.000000
0.372300	142.000000
0.372320	144.000000
0.372340	145.000000
0.372360	146.000000
0.372380	147.000000
0.372400	146.000000
0.372420	147.000000
0.372440	147.000000
0.372460	149.000000
0.372480	151.000000
0.372500	153.000000
0.372520	154.000000
0.372540	155.000000
0.372560	154.000000
0.372580	153.000000
0.372600	150.000000
0.372620	148.000000
0.372640	146.000000
0.372660	143.000000
0.372680	141.000000
0.372700	139.000000
0.372720	137.000000
0.372740	136.000000
0.372760	136.000000
0.372780	138.000000
0.372800	141.000000
0.372820	145.000000
0.372840	150.000000
0.372860	155.000000
0.372880	160.000000
0.372900	162.000000
0.372920	163.000000
0.372940	162.000000
0.372960	160.000000
0.372980	156.000000
0.373000	151.000000
0.373020	146.000000
0.373040	140.000000
0.373060	134.000000
0.373080	131.000000
0.373100	130.000000
0.373120	131.000000
0.373140	134.000000
0.373160	138.000000
0.373180	143.000000
0.373200	149.000000
0.373220	154.000000
0.373240	158.000000
0.373260	160.000000
0.373280	161.000000
0.373300	161.000000
0.373320	159.000000
0.373340	156.000000
0.373360	151.000000
0.373380	147.000000
0.373400	142.000000
0.373420	139.000000
0.373440	137.000000
0.373460	136.000000
0.373480	136.000000
0.373500	138.000000
0.373520	141.000000
0.373540	144.000000
0.373560	148.000000
0.373580	152.000000
0.373600	154.000000
0.373620	156.000000
0.373640	156.000000
0.373660	155.000000
0.373680	154.000000
0.373700	153.000000
0.373720	151.000000
0.373740	149.000000
0.373760	146.000000
0.373780	144.000000
0.373800	143.000000
0.373820	143.000000
0.373840	143.000000
0.373860	144.000000
0.373880	145.000000
0.373900	146.000000
0.373920	147.000000
0.373940	149.000000
0.373960	150.000000
0.373980	151.000000
0.374000	151.000000
0.374020	151.000000
0.374040	150.000000
0.374060	149.000000
0.374080	148.000000
0.374100	148.000000
0.374120	147.000000
0.374140	147.000000
0.374160	147.000000
0.374180	147.000000
0.374200	148.000000
0.374220	148.000000
0.374240	149.000000
0.374260	148.000000
0.374280	148.000000
0.374300	147.000000
0.374320	146.000000
0.374340	146.000000
0.374360	146.000000
0.374380	146.000000
0.374400	146.000000
0.374420	146.000000
0.374440	147.000000
0.374460	148.000000
0.374480	149.000000
0.374500	150.000000
0.374520	151.000000
0.374540	151.000000
0.374560	149.000000
0.374580	148.000000
0.374600	147.000000
0.374620	147.000000
0.374640	147.000000
0.374660	146.000000
0.374680	146.000000
0.374700	146.000000
0.374720	147.000000
0.374740	147.000000
0.374760	148.000000
0.374780	148.000000
0.374800	149.000000
0.374820	149.000000
0.374840	150.000000
0.374860	149.000000
0.374880	149.000000
0.374900	149.000000
0.374920	148.000000
0.374940	148.000000
0.374960	147.000000
0.374980	147.000000
0.375000	146.000000
0.375020	146.000000
0.375040	146.000000
0.375060	146.000000
0.375080	146.000000
0.375100	144.000000
0.375120	143.000000
0.375140	143.000000
0.375160	144.000000
0.375180	146.000000
0.375200	148.000000
0.375220	149.000000
0.375240	150.000000
0.375260	150.000000
0.375280	149.000000
0.375300	149.000000
0.375320	150.000000
0.375340	150.000000
0.375360	151.000000
0.375380	150.000000
0.375400	149.000000
0.375420	148.000000
0.375440	145.000000
0.375460	143.000000
0.375480	142.000000
0.375500	143.000000
0.375520	144.000000
0.375540	146.000000
0.375560	147.000000
0.375580	148.000000
0.375600	147.000000
0.375620	147.000000
0.375640	148.000000
0.375660	149.000000
0.375680	151.000000
0.375700	152.000000
0.375720	154.000000
0.375740	154.000000
0.375760	154.000000
0.375780	152.000000
0.375800	149.000000
0.375820	147.000000
0.375840	144.000000
0.375860	142.000000
0.375880	141.000000
0.375900	139.000000
0.375920	137.000000
0.375940	137.000000
0.375960	137.000000
0.375980	140.000000
0.376000	143.000000
0.376020	147.000000
0.376040	152.000000
0.376060	156.000000
0.376080	159.000000
0.376100	161.000000
0.376120	161.000000
0.376140	160.000000
0.376160	157.000000
0.376180	153.000000
0.376200	148.000000
0.376220	143.000000
0.376240	139.000000
0.376260	135.000000
0.376280	133.000000
0.376300	133.000000
0.376320	135.000000
0.376340	138.000000
0.376360	142.000000
0.376380	146.000000
0.376400	151.000000
0.376420	155.000000
0.376440	158.000000
0.376460	160.000000
0.376480	160.000000
0.376500	159.000000
0.376520	156.000000
0.376540	153.000000
0.376560	150.000000
0.376580	146.000000
0.376600	142.000000
0.376620	140.000000
0.376640	138.000000
0.376660	138.000000
0.376680	139.000000
0.376700	141.000000
0.376720	144.000000
0.376740	146.000000
0.376760	148.000000
0.376780	149.000000
0.376800	151.000000
0.376820	153.000000
0.376840	154.000000
0.376860	154.000000
0.376880	152.000000
0.376900	150.000000
0.376920	148.000000
0.376940	147.000000
0.376960	145.000000
0.376980	144.000000
0.377000	143.000000
0.377020	142.000000
0.377040	142.000000
0.377060	143.000000
0.377080	144.000000
0.377100	145.000000
0.377120	147.000000
0.377140	149.000000
0.377160	152.000000
0.377180	153.000000
0.377200	153.000000
0.377220	152.000000
0.377240	151.000000
0.377260	150.000000
0.377280	149.000000
0.377300	149.000000
0.377320	149.000000
0.377340	149.000000
0.377360	148.000000
0.377380	148.000000
0.377400	147.000000
0.377420	147.000000
0.377440	146.000000
0.377460	147.000000
0.377480	147.000000
0.377500	147.000000
0.377520	147.000000
0.377540	146.000000
0.377560	146.000000
0.377580	146.000000
0.377600	146.000000
0.377620	147.000000
0.377640	148.000000
0.377660	148.000000
0.377680	148.000000
0.377700	148.000000
0.377720	148.000000
0.377740	149.000000
0.377760	148.000000
0.377780	147.000000
0.377800	146.000000
0.377820	145.000000
0.377840	144.000000
0.377860	144.000000
0.377880	144.000000
0.377900	144.000000
0.377920	145.000000
0.377940	146.000000
0.377960	147.000000
0.377980	149.000000
0.378000	151.000000
0.378020	152.000000
0.378040	152.000000
0.378060	152.000000
0.378080	151.000000
0.378100	149.000000
0.378120	148.000000
0.378140	147.000000
0.378160	147.000000
0.378180	146.000000
0.378200	146.000000
0.378220	145.000000
0.378240	145.000000
0.378260	146.000000
0.378280	147.000000
0.378300	147.000000
0.378320	146.000000
0.378340	146.000000
0.378360	147.000000
0.378380	148.000000
0.378400	149.000000
0.378420	150.000000
0.378440	150.000000
0.378460	150.000000
0.378480	149.000000
0.378500	148.000000
0.378520	148.000000
0.378540	148.000000
0.378560	148.000000
0.378580	149.000000
0.378600	148.000000
0.378620	146.000000
0.378640	145.000000
0.378660	143.000000
0.378680	143.000000
0.378700	145.000000
0.378720	147.000000
0.378740	148.000000
0.378760	148.000000
0.378780	147.000000
0.378800	145.000000
0.378820	144.000000
0.378840	145.000000
0.378860	146.000000
0.378880	148.000000
0.378900	150.000000
0.378920	151.000000
0.378940	151.000000
0.378960	150.000000
0.378980	150.000000
0.379000	148.000000
0.379020	146.000000
0.379040	144.000000
0.379060	143.000000
0.379080	142.000000
0.379100	142.000000
0.379120	141.000000
0.379140	140.000000
0.379160	140.000000
0.379180	141.000000
0.379200	144.000000
0.379220	148.000000
0.379240	152.000000
0.379260	156.000000
0.379280	158.000000
0.379300	160.000000
0.379320	159.000000
0.379340	157.000000
0.379360	154.000000
0.379380	151.000000
0.379400	148.000000
0.379420	145.000000
0.379440	142.000000
0.379460	139.000000
0.379480	137.000000
0.379500	137.000000
0.379520	139.000000
0.379540	141.000000
0.379560	144.000000
0.379580	147.000000
0.379600	151.000000
0.379620	155.000000
0.379640	157.000000
0.379660	158.000000
0.379680	156.000000
0.379700	154.000000
0.379720	152.000000
0.379740	151.000000
0.379760	148.000000
0.379780	146.000000
0.379800	143.000000
0.379820	141.000000
0.379840	141.000000
0.379860	140.000000
0.379880	141.000000
0.379900	143.000000
0.379920	146.000000
0.379940	148.000000
0.379960	149.000000
0.379980	149.000000
0.380000	149.000000
0.380020	150.000000
0.380040	151.000000
0.380060	152.000000
0.380080	152.000000
0.380100	151.000000
0.380120	149.000000
0.380140	148.000000
0.380160	147.000000
0.380180	146.000000
0.380200	145.000000
0.380220	144.000000
0.380240	144.000000
0.380260	144.000000
0.380280	145.000000
0.380300	146.000000
0.380320	147.000000
0.380340	148.000000
0.380360	149.000000
0.380380	149.000000
0.380400	149.000000
0.380420	150.000000
0.380440	150.000000
0.380460	149.000000
0.380480	149.000000
0.380500	148.000000
0.380520	148.000000
0.380540	147.000000
0.380560	147.000000
0.380580	146.000000
0.380600	145.000000
0.380620	145.000000
0.380640	146.000000
0.380660	146.000000
0.380680	147.000000
0.380700	147.000000
0.380720	146.000000
0.380740	146.000000
0.380760	145.000000
0.380780	145.000000
0.380800	146.000000
0.380820	147.000000
0.380840	148.000000
0.380860	149.000000
0.380880	150.000000
0.380900	151.000000
0.380920	151.000000
0.380940	150.000000
0.380960	150.000000
0.380980	148.000000
0.381000	147.000000
0.381020	145.000000
0.381040	144.000000
0.381060	143.000000
0.381080	144.000000
0.381100	145.000000
0.381120	146.000000
0.381140	146.000000
0.381160	147.000000
0.381180	148.000000
0.381200	149.000000
0.381220	150.000000
0.381240	151.000000
0.381260	150.000000
0.381280	149.000000
0.381300	148.000000
0.381320	147.000000
0.381340	146.000000
0.381360	145.000000
0.381380	145.000000
0.381400	145.000000
0.381420	146.000000
0.381440	147.000000
0.381460	147.000000
0.381480	147.000000
0.381500	148.000000
0.381520	149.000000
0.381540	150.000000
0.381560	150.000000
0.381580	151.000000
0.381600	151.000000
0.381620	151.000000
0.381640	150.000000
0.381660	149.000000
0.381680	147.000000
0.381700	146.000000
0.381720	146.000000
0.381740	146.000000
0.381760	146.000000
0.381780	147.000000
0.381800	147.000000
0.381820	147.000000
0.381840	147.000000
0.381860	146.000000
0.381880	146.000000
0.381900	146.000000
0.381920	147.000000
0.381940	148.000000
0.381960	148.000000
0.381980	148.000000
0.382000	148.000000
0.382020	148.000000
0.382040	148.000000
0.382060	148.000000
0.382080	149.000000
0.382100	150.000000
0.382120	151.000000
0.382140	152.000000
0.382160	151.000000
0.382180	149.000000
0.382200	148.000000
0.382220	147.000000
0.382240	146.000000
0.382260	146.000000
0.382280	144.000000
0.382300	143.000000
0.382320	142.000000
0.382340	142.000000
0.382360	143.000000
0.382380	144.000000
0.382400	146.000000
0.382420	148.000000
0.382440	151.000000
0.382460	153.000000
0.382480	154.000000
0.382500	155.000000
0.382520	155.000000
0.382540	154.000000
0.382560	151.000000
0.382580	149.000000
0.382600	146.000000
0.382620	143.000000
0.382640	141.000000
0.382660	139.000000
0.382680	138.000000
0.382700	139.000000
0.382720	141.000000
0.382740	144.000000
0.382760	146.000000
0.382780	148.000000
0.382800	149.000000
0.382820	151.000000
0.382840	153.000000
0.382860	154.000000
0.382880	153.000000
0.382900	153.000000
0.382920	151.000000
0.382940	149.000000
0.382960	147.000000
0.382980	145.000000
0.383000	144.000000
0.383020	143.000000
0.383040	143.000000
0.383060	143.000000
0.383080	143.000000
0.383100	144.000000
0.383120	146.000000
0.383140	147.000000
0.383160	149.000000
0.383180	150.000000
0.383200	152.000000
0.383220	153.000000
0.383240	152.000000
0.383260	150.000000
0.383280	149.000000
0.383300	148.000000
0.383320	149.000000
0.383340	148.000000
0.383360	147.000000
0.383380	145.000000
0.383400	144.000000
0.383420	144.000000
0.383440	145.000000
0.383460	144.000000
0.383480	144.000000
0.383500	144.000000
0.383520	147.000000
0.383540	149.000000
0.383560	149.000000
0.383580	147.000000
0.383600	148.000000
0.383620	152.000000
0.383640	155.000000
0.383660	151.000000
0.383680	137.000000
