0.343700	102.000000
0.343720	58.000000
0.343740	119.000000
0.343760	165.000000
0.343780	169.000000
0.343800	147.000000
0.343820	132.000000
0.343840	139.000000
0.343860	155.000000
0.343880	159.000000
0.343900	150.000000
0.343920	142.000000
0.343940	144.000000
0.343960	152.000000
0.343980	155.000000
0.344000	149.000000
0.344020	144.000000
0.344040	146.000000
0.344060	151.000000
0.344080	151.000000
0.344100	147.000000
0.344120	143.000000
0.344140	145.000000
0.344160	149.000000
0.344180	150.000000
0.344200	146.000000
0.344220	143.000000
0.344240	145.000000
0.344260	150.000000
0.344280	152.000000
0.344300	149.000000
0.344320	146.000000
0.344340	147.000000
0.344360	151.000000
0.344380	152.000000
0.344400	150.000000
0.344420	148.000000
0.344440	148.000000
0.344460	150.000000
0.344480	150.000000
0.344500	147.000000
0.344520	145.000000
0.344540	146.000000
0.344560	148.000000
0.344580	148.000000
0.344600	146.000000
0.344620	144.000000
0.344640	145.000000
0.344660	147.000000
0.344680	147.000000
0.344700	146.000000
0.344720	144.000000
0.344740	146.000000
0.344760	150.000000
0.344780	151.000000
0.344800	150.000000
0.344820	148.000000
0.344840	148.000000
0.344860	150.000000
0.344880	151.000000
0.344900	149.000000
0.344920	147.000000
0.344940	147.000000
0.344960	149.000000
0.344980	149.000000
0.345000	147.000000
0.345020	146.000000
0.345040	146.000000
0.345060	148.000000
0.345080	148.000000
0.345100	147.000000
0.345120	146.000000
0.345140	147.000000
0.345160	149.000000
0.345180	150.000000
0.345200	148.000000
0.345220	147.000000
0.345240	147.000000
0.345260	149.000000
0.345280	149.000000
0.345300	147.000000
0.345320	146.000000
0.345340	147.000000
0.345360	149.000000
0.345380	150.000000
0.345400	149.000000
0.345420	148.000000
0.345440	148.000000
0.345460	149.000000
0.345480	148.000000
0.345500	147.000000
0.345520	146.000000
0.345540	147.000000
0.345560	149.000000
0.345580	150.000000
0.345600	148.000000
0.345620	147.000000
0.345640	147.000000
0.345660	148.000000
0.345680	149.000000
0.345700	150.000000
0.345720	150.000000
0.345740	150.000000
0.345760	151.000000
0.345780	150.000000
0.345800	148.000000
0.345820	147.000000
0.345840	148.000000
0.345860	149.000000
0.345880	149.000000
0.345900	147.000000
0.345920	145.000000
0.345940	145.000000
0.345960	147.000000
0.345980	148.000000
0.346000	148.000000
0.346020	147.000000
0.346040	147.000000
0.346060	148.000000
0.346080	148.000000
0.346100	148.000000
0.346120	148.000000
0.346140	149.000000
0.346160	150.000000
0.346180	151.000000
0.346200	150.000000
0.346220	149.000000
0.346240	150.000000
0.346260	150.000000
0.346280	150.000000
0.346300	149.000000
0.346320	148.000000
0.346340	148.000000
0.346360	148.000000
0.346380	148.000000
0.346400	147.000000
0.346420	146.000000
0.346440	147.000000
0.346460	147.000000
0.346480	148.000000
0.346500	147.000000
0.346520	146.000000
0.346540	146.000000
0.346560	147.000000
0.346580	148.000000
0.346600	148.000000
0.346620	148.000000
0.346640	148.000000
0.346660	149.000000
0.346680	149.000000
0.346700	149.000000
0.346720	147.000000
0.346740	147.000000
0.346760	147.000000
0.346780	147.000000
0.346800	147.000000
0.346820	147.000000
0.346840	148.000000
0.346860	149.000000
0.346880	149.000000
0.346900	148.000000
0.346920	146.000000
0.346940	146.000000
0.346960	147.000000
0.346980	148.000000
0.347000	148.000000
0.347020	148.000000
0.347040	148.000000
0.347060	149.000000
0.347080	150.000000
0.347100	149.000000
0.347120	148.000000
0.347140	148.000000
0.347160	148.000000
0.347180	149.000000
0.347200	149.000000
0.347220	149.000000
0.347240	149.000000
0.347260	149.000000
0.347280	148.000000
0.347300	147.000000
0.347320	147.000000
0.347340	147.000000
0.347360	148.000000
0.347380	148.000000
0.347400	147.000000
0.347420	147.000000
0.347440	146.000000
0.347460	147.000000
0.347480	147.000000
0.347500	147.000000
0.347520	147.000000
0.347540	148.000000
0.347560	149.000000
0.347580	150.000000
0.347600	149.000000
0.347620	148.000000
0.347640	148.000000
0.347660	149.000000
0.347680	149.000000
0.347700	148.000000
0.347720	147.000000
0.347740	146.000000
0.347760	147.000000
0.347780	147.000000
0.347800	148.000000
0.347820	148.000000
0.347840	148.000000
0.347860	149.000000
0.347880	149.000000
0.347900	148.000000
0.347920	147.000000
0.347940	147.000000
0.347960	148.000000
0.347980	149.000000
0.348000	149.000000
0.348020	148.000000
0.348040	148.000000
0.348060	149.000000
0.348080	149.000000
0.348100	149.000000
0.348120	149.000000
0.348140	149.000000
0.348160	149.000000
0.348180	148.000000
0.348200	147.000000
0.348220	146.000000
0.348240	146.000000
0.348260	146.000000
0.348280	146.000000
0.348300	145.000000
0.348320	145.000000
0.348340	145.000000
0.348360	146.000000
0.348380	147.000000
0.348400	147.000000
0.348420	147.000000
0.348440	148.000000
0.348460	150.000000
0.348480	151.000000
0.348500	151.000000
0.348520	150.000000
0.348540	149.000000
0.348560	149.000000
0.348580	148.000000
0.348600	148.000000
0.348620	148.000000
0.348640	148.000000
0.348660	149.000000
0.348680	149.000000
0.348700	148.000000
0.348720	147.000000
0.348740	147.000000
0.348760	148.000000
0.348780	148.000000
0.348800	147.000000
0.348820	146.000000
0.348840	146.000000
0.348860	147.000000
0.348880	149.000000
0.348900	149.000000
0.348920	149.000000
0.348940	149.000000
0.348960	149.000000
0.348980	150.000000
0.349000	149.000000
0.349020	149.000000
0.349040	149.000000
0.349060	150.000000
0.349080	150.000000
0.349100	149.000000
0.349120	148.000000
0.349140	148.000000
0.349160	148.000000
0.349180	148.000000
0.349200	148.000000
0.349220	147.000000
0.349240	147.000000
0.349260	147.000000
0.349280	148.000000
0.349300	147.000000
0.349320	147.000000
0.349340	146.000000
0.349360	146.000000
0.349380	146.000000
0.349400	145.000000
0.349420	144.000000
0.349440	145.000000
0.349460	146.000000
0.349480	149.000000
0.349500	152.000000
0.349520	156.000000
0.349540	161.000000
0.349560	164.000000
0.349580	162.000000
0.349600	156.000000
0.349620	148.000000
0.349640	140.000000
0.349660	135.000000
0.349680	135.000000
0.349700	136.000000
0.349720	137.000000
0.349740	135.000000
0.349760	131.000000
0.349780	127.000000
0.349800	127.000000
0.349820	132.000000
0.349840	144.000000
0.349860	158.000000
0.349880	171.000000
0.349900	177.000000
0.349920	176.000000
0.349940	171.000000
0.349960	164.000000
0.349980	158.000000
0.350000	156.000000
0.350020	156.000000
0.350040	156.000000
0.350060	154.000000
0.350080	148.000000
0.350100	136.000000
0.350120	121.000000
0.350140	109.000000
0.350160	102.000000
0.350180	103.000000
0.350200	110.000000
0.350220	122.000000
0.350240	135.000000
0.350260	148.000000
0.350280	162.000000
0.350300	176.000000
0.350320	189.000000
0.350340	201.000000
0.350360	209.000000
0.350380	211.000000
0.350400	205.000000
0.350420	192.000000
0.350440	170.000000
0.350460	145.000000
0.350480	118.000000
0.350500	94.000000
0.350520	77.000000
0.350540	68.000000
0.350560	68.000000
0.350580	77.000000
0.350600	94.000000
0.350620	117.000000
0.350640	143.000000
0.350660	170.000000
0.350680	193.000000
0.350700	210.000000
0.350720	219.000000
0.350740	220.000000
0.350760	212.000000
0.350780	197.000000
0.350800	178.000000
0.350820	156.000000
0.350840	134.000000
0.350860	114.000000
0.350880	99.000000
0.350900	91.000000
0.350920	90.000000
0.350940	97.000000
0.350960	109.000000
0.350980	123.000000
0.351000	139.000000
0.351020	155.000000
0.351040	169.000000
0.351060	179.000000
0.351080	183.000000
0.351100	183.000000
0.351120	179.000000
0.351140	173.000000
0.351160	165.000000
0.351180	154.000000
0.351200	143.000000
0.351220	134.000000
0.351240	128.000000
0.351260	126.000000
0.351280	126.000000
0.351300	127.000000
0.351320	131.000000
0.351340	137.000000
0.351360	144.000000
0.351380	150.000000
0.351400	155.000000
0.351420	158.000000
0.351440	160.000000
0.351460	161.000000
0.351480	161.000000
0.351500	158.000000
0.351520	154.000000
0.351540	151.000000
0.351560	147.000000
0.351580	145.000000
0.351600	142.000000
0.351620	141.000000
0.351640	141.000000
0.351660	141.000000
0.351680	143.000000
0.351700	144.000000
0.351720	146.000000
0.351740	149.000000
0.351760	152.000000
0.351780	153.000000
0.351800	152.000000
0.351820	151.000000
0.351840	150.000000
0.351860	150.000000
0.351880	150.000000
0.351900	149.000000
0.351920	148.000000
0.351940	147.000000
0.351960	147.000000
0.351980	146.000000
0.352000	145.000000
0.352020	144.000000
0.352040	145.000000
0.352060	146.000000
0.352080	148.000000
0.352100	149.000000
0.352120	149.000000
0.352140	149.000000
0.352160	149.000000
0.352180	150.000000
0.352200	150.000000
0.352220	149.000000
0.352240	149.000000
0.352260	149.000000
0.352280	150.000000
0.352300	149.000000
0.352320	148.000000
0.352340	147.000000
0.352360	146.000000
0.352380	145.000000
0.352400	145.000000
0.352420	145.000000
0.352440	146.000000
0.352460	147.000000
0.352480	147.000000
0.352500	147.000000
0.352520	147.000000
0.352540	148.000000
0.352560	148.000000
0.352580	147.000000
0.352600	146.000000
0.352620	145.000000
0.352640	146.000000
0.352660	148.000000
0.352680	151.000000
0.352700	156.000000
0.352720	160.000000
0.352740	163.000000
0.352760	163.000000
0.352780	159.000000
0.352800	152.000000
0.352820	144.000000
0.352840	138.000000
0.352860	136.000000
0.352880	136.000000
0.352900	137.000000
0.352920	137.000000
0.352940	135.000000
0.352960	131.000000
0.352980	128.000000
0.353000	129.000000
0.353020	138.000000
0.353040	151.000000
0.353060	165.000000
0.353080	175.000000
0.353100	177.000000
0.353120	172.000000
0.353140	164.000000
0.353160	157.000000
0.353180	154.000000
0.353200	154.000000
0.353220	156.000000
0.353240	157.000000
0.353260	153.000000
0.353280	144.000000
0.353300	131.000000
0.353320	118.000000
0.353340	108.000000
0.353360	105.000000
0.353380	109.000000
0.353400	118.000000
0.353420	130.000000
0.353440	143.000000
0.353460	155.000000
0.353480	167.000000
0.353500	179.000000
0.353520	191.000000
0.353540	200.000000
0.353560	206.000000
0.353580	204.000000
0.353600	195.000000
0.353620	178.000000
0.353640	156.000000
0.353660	132.000000
0.353680	108.000000
0.353700	87.000000
0.353720	74.000000
0.353740	69.000000
0.353760	75.000000
0.353780	88.000000
0.353800	108.000000
0.353820	132.000000
0.353840	158.000000
0.353860	182.000000
0.353880	201.000000
0.353900	213.000000
0.353920	217.000000
0.353940	213.000000
0.353960	202.000000
0.353980	186.000000
0.354000	166.000000
0.354020	143.000000
0.354040	122.000000
0.354060	106.000000
0.354080	96.000000
0.354100	93.000000
0.354120	97.000000
0.354140	106.000000
0.354160	118.000000
0.354180	133.000000
0.354200	149.000000
0.354220	163.000000
0.354240	174.000000
0.354260	181.000000
0.354280	183.000000
0.354300	181.000000
0.354320	175.000000
0.354340	167.000000
0.354360	156.000000
0.354380	146.000000
0.354400	136.000000
0.354420	130.000000
0.354440	126.000000
0.354460	125.000000
0.354480	127.000000
0.354500	130.000000
0.354520	135.000000
0.354540	141.000000
0.354560	146.000000
0.354580	152.000000
0.354600	157.000000
0.354620	160.000000
0.354640	161.000000
0.354660	161.000000
0.354680	158.000000
0.354700	154.000000
0.354720	151.000000
0.354740	147.000000
0.354760	145.000000
0.354780	143.000000
0.354800	142.000000
0.354820	142.000000
0.354840	142.000000
0.354860	142.000000
0.354880	143.000000
0.354900	144.000000
0.354920	146.000000
0.354940	149.000000
0.354960	150.000000
0.354980	150.000000
0.355000	150.000000
0.355020	151.000000
0.355040	152.000000
0.355060	152.000000
0.355080	151.000000
0.355100	149.000000
0.355120	147.000000
0.355140	146.000000
0.355160	146.000000
0.355180	146.000000
0.355200	146.000000
0.355220	145.000000
0.355240	145.000000
0.355260	146.000000
0.355280	146.000000
0.355300	146.000000
0.355320	146.000000
0.355340	147.000000
0.355360	149.000000
0.355380	150.000000
0.355400	151.000000
0.355420	151.000000
0.355440	151.000000
0.355460	150.000000
0.355480	149.000000
0.355500	148.000000
0.355520	148.000000
0.355540	148.000000
0.355560	149.000000
0.355580	149.000000
0.355600	148.000000
0.355620	147.000000
0.355640	147.000000
0.355660	146.000000
0.355680	146.000000
0.355700	146.000000
0.355720	146.000000
0.355740	146.000000
0.355760	147.000000
0.355780	147.000000
0.355800	147.000000
0.355820	147.000000
0.355840	148.000000
0.355860	150.000000
0.355880	152.000000
0.355900	154.000000
0.355920	157.000000
0.355940	158.000000
0.355960	157.000000
0.355980	153.000000
0.356000	147.000000
0.356020	141.000000
0.356040	139.000000
0.356060	139.000000
0.356080	141.000000
0.356100	142.000000
0.356120	140.000000
0.356140	137.000000
0.356160	134.000000
0.356180	134.000000
0.356200	137.000000
0.356220	146.000000
0.356240	157.000000
0.356260	165.000000
0.356280	169.000000
0.356300	165.000000
0.356320	159.000000
0.356340	154.000000
0.356360	152.000000
0.356380	153.000000
0.356400	154.000000
0.356420	154.000000
0.356440	152.000000
0.356460	147.000000
0.356480	139.000000
0.356500	131.000000
0.356520	124.000000
0.356540	120.000000
0.356560	122.000000
0.356580	127.000000
0.356600	134.000000
0.356620	142.000000
0.356640	149.000000
0.356660	157.000000
0.356680	165.000000
0.356700	173.000000
0.356720	180.000000
0.356740	184.000000
0.356760	185.000000
0.356780	181.000000
0.356800	171.000000
0.356820	157.000000
0.356840	141.000000
0.356860	125.000000
0.356880	111.000000
0.356900	101.000000
0.356920	97.000000
0.356940	99.000000
0.356960	106.000000
0.356980	118.000000
0.357000	133.000000
0.357020	149.000000
0.357040	166.000000
0.357060	180.000000
0.357080	189.000000
0.357100	193.000000
0.357120	192.000000
0.357140	185.000000
0.357160	175.000000
0.357180	163.000000
0.357200	149.000000
0.357220	135.000000
0.357240	124.000000
0.357260	116.000000
0.357280	113.000000
0.357300	114.000000
0.357320	119.000000
0.357340	127.000000
0.357360	137.000000
0.357380	147.000000
0.357400	157.000000
0.357420	164.000000
0.357440	169.000000
0.357460	172.000000
0.357480	171.000000
0.357500	167.000000
0.357520	161.000000
0.357540	154.000000
0.357560	147.000000
0.357580	141.000000
0.357600	137.000000
0.357620	134.000000
0.357640	134.000000
0.357660	136.000000
0.357680	138.000000
0.357700	141.000000
0.357720	144.000000
0.357740	147.000000
0.357760	151.000000
0.357780	153.000000
0.357800	155.000000
0.357820	155.000000
0.357840	155.000000
0.357860	154.000000
0.357880	153.000000
0.357900	150.000000
0.357920	148.000000
0.357940	146.000000
0.357960	144.000000
0.357980	143.000000
0.358000	143.000000
0.358020	143.000000
0.358040	144.000000
0.358060	145.000000
0.358080	147.000000
0.358100	148.000000
0.358120	149.000000
0.358140	150.000000
0.358160	151.000000
0.358180	151.000000
0.358200	151.000000
0.358220	150.000000
0.358240	149.000000
0.358260	149.000000
0.358280	149.000000
0.358300	148.000000
0.358320	148.000000
0.358340	147.000000
0.358360	146.000000
0.358380	145.000000
0.358400	143.000000
0.358420	142.000000
0.358440	143.000000
0.358460	144.000000
0.358480	146.000000
0.358500	147.000000
0.358520	148.000000
0.358540	148.000000
0.358560	149.000000
0.358580	150.000000
0.358600	150.000000
0.358620	150.000000
0.358640	150.000000
0.358660	150.000000
0.358680	150.000000
0.358700	150.000000
0.358720	149.000000
0.358740	148.000000
0.358760	148.000000
0.358780	147.000000
0.358800	146.000000
0.358820	145.000000
0.358840	145.000000
0.358860	145.000000
0.358880	146.000000
0.358900	147.000000
0.358920	147.000000
0.358940	147.000000
0.358960	148.000000
0.358980	149.000000
0.359000	149.000000
0.359020	149.000000
0.359040	150.000000
0.359060	152.000000
0.359080	154.000000
0.359100	155.000000
0.359120	155.000000
0.359140	152.000000
0.359160	149.000000
0.359180	146.000000
0.359200	144.000000
0.359220	143.000000
0.359240	143.000000
0.359260	144.000000
0.359280	144.000000
0.359300	144.000000
0.359320	143.000000
0.359340	141.000000
0.359360	141.000000
0.359380	142.000000
0.359400	146.000000
0.359420	152.000000
0.359440	157.000000
0.359460	159.000000
0.359480	158.000000
0.359500	155.000000
0.359520	151.000000
0.359540	148.000000
0.359560	147.000000
0.359580	148.000000
0.359600	149.000000
0.359620	149.000000
0.359640	147.000000
0.359660	143.000000
0.359680	138.000000
0.359700	135.000000
0.359720	134.000000
0.359740	135.000000
0.359760	138.000000
0.359780	143.000000
0.359800	147.000000
0.359820	151.000000
0.359840	154.000000
0.359860	156.000000
0.359880	159.000000
0.359900	162.000000
0.359920	164.000000
0.359940	166.000000
0.359960	164.000000
0.359980	160.000000
0.360000	152.000000
0.360020	144.000000
0.360040	137.000000
0.360060	131.000000
0.360080	127.000000
0.360100	125.000000
0.360120	125.000000
0.360140	129.000000
0.360160	135.000000
0.360180	143.000000
0.360200	151.000000
0.360220	158.000000
0.360240	164.000000
0.360260	169.000000
0.360280	170.000000
0.360300	168.000000
0.360320	164.000000
0.360340	158.000000
0.360360	152.000000
0.360380	146.000000
0.360400	140.000000
0.360420	135.000000
0.360440	132.000000
0.360460	131.000000
0.360480	132.000000
0.360500	136.000000
0.360520	141.000000
0.360540	146.000000
0.360560	151.000000
0.360580	155.000000
0.360600	158.000000
0.360620	159.000000
0.360640	158.000000
0.360660	157.000000
0.360680	154.000000
0.360700	151.000000
0.360720	147.000000
0.360740	144.000000
0.360760	142.000000
0.360780	141.000000
0.360800	140.000000
0.360820	141.000000
0.360840	143.000000
0.360860	145.000000
0.360880	147.000000
0.360900	149.000000
0.360920	151.000000
0.360940	151.000000
0.360960	151.000000
0.360980	151.000000
0.361000	152.000000
0.361020	152.000000
0.361040	151.000000
0.361060	150.000000
0.361080	148.000000
0.361100	146.000000
0.361120	144.000000
0.361140	144.000000
0.361160	145.000000
0.361180	146.000000
0.361200	147.000000
0.361220	147.000000
0.361240	148.000000
0.361260	148.000000
0.361280	149.000000
0.361300	149.000000
0.361320	149.000000
0.361340	149.000000
0.361360	149.000000
0.361380	150.000000
0.361400	150.000000
0.361420	150.000000
0.361440	149.000000
0.361460	149.000000
0.361480	149.000000
0.361500	149.000000
0.361520	148.000000
0.361540	148.000000
0.361560	147.000000
0.361580	145.000000
0.361600	144.000000
0.361620	144.000000
0.361640	144.000000
0.361660	144.000000
0.361680	145.000000
0.361700	145.000000
0.361720	146.000000
0.361740	148.000000
0.361760	151.000000
0.361780	152.000000
0.361800	153.000000
0.361820	153.000000
0.361840	152.000000
0.361860	151.000000
0.361880	150.000000
0.361900	149.000000
0.361920	147.000000
0.361940	146.000000
0.361960	146.000000
0.361980	145.000000
0.362000	145.000000
0.362020	145.000000
0.362040	146.000000
0.362060	146.000000
0.362080	147.000000
0.362100	148.000000
0.362120	148.000000
0.362140	148.000000
0.362160	148.000000
0.362180	149.000000
0.362200	149.000000
0.362220	149.000000
0.362240	149.000000
0.362260	150.000000
0.362280	151.000000
0.362300	151.000000
0.362320	150.000000
0.362340	149.000000
0.362360	147.000000
0.362380	145.000000
0.362400	145.000000
0.362420	146.000000
0.362440	147.000000
0.362460	148.000000
0.362480	148.000000
0.362500	147.000000
0.362520	145.000000
0.362540	144.000000
0.362560	145.000000
0.362580	148.000000
0.362600	152.000000
0.362620	155.000000
0.362640	155.000000
0.362660	152.000000
0.362680	149.000000
0.362700	145.000000
0.362720	143.000000
0.362740	144.000000
0.362760	146.000000
0.362780	148.000000
0.362800	149.000000
0.362820	148.000000
0.362840	146.000000
0.362860	144.000000
0.362880	143.000000
0.362900	143.000000
0.362920	145.000000
0.362940	148.000000
0.362960	151.000000
0.362980	153.000000
0.363000	153.000000
0.363020	153.000000
0.363040	153.000000
0.363060	153.000000
0.363080	153.000000
0.363100	152.000000
0.363120	151.000000
0.363140	148.000000
0.363160	145.000000
0.363180	143.000000
0.363200	140.000000
0.363220	139.000000
0.363240	139.000000
0.363260	140.000000
0.363280	141.000000
0.363300	144.000000
0.363320	146.000000
0.363340	149.000000
0.363360	153.000000
0.363380	156.000000
0.363400	157.000000
0.363420	157.000000
0.363440	156.000000
0.363460	153.000000
0.363480	150.000000
0.363500	147.000000
0.363520	143.000000
0.363540	140.000000
0.363560	138.000000
0.363580	137.000000
0.363600	138.000000
0.363620	140.000000
0.363640	143.000000
0.363660	147.000000
0.363680	150.000000
0.363700	153.000000
0.363720	156.000000
0.363740	158.000000
0.363760	158.000000
0.363780	157.000000
0.363800	155.000000
0.363820	152.000000
0.363840	149.000000
0.363860	146.000000
0.363880	144.000000
0.363900	142.000000
0.363920	140.000000
0.363940	139.000000
0.363960	140.000000
0.363980	141.000000
0.364000	143.000000
0.364020	146.000000
0.364040	148.000000
0.364060	150.000000
0.364080	151.000000
0.364100	152.000000
0.364120	152.000000
0.364140	151.000000
0.364160	150.000000
0.364180	150.000000
0.364200	149.000000
0.364220	148.000000
0.364240	147.000000
0.364260	145.000000
0.364280	144.000000
0.364300	143.000000
0.364320	144.000000
0.364340	145.000000
0.364360	147.000000
0.364380	148.000000
0.364400	149.000000
0.364420	149.000000
0.364440	148.000000
0.364460	148.000000
0.364480	147.000000
0.364500	148.000000
0.364520	148.000000
0.364540	149.000000
0.364560	148.000000
0.364580	148.000000
0.364600	148.000000
0.364620	149.000000
0.364640	149.000000
0.364660	149.000000
0.364680	148.000000
0.364700	147.000000
0.364720	147.000000
0.364740	147.000000
0.364760	147.000000
0.364780	146.000000
0.364800	145.000000
0.364820	144.000000
0.364840	144.000000
0.364860	145.000000
0.364880	145.000000
0.364900	146.000000
0.364920	148.000000
0.364940	149.000000
0.364960	151.000000
0.364980	152.000000
0.365000	152.000000
0.365020	151.000000
0.365040	150.000000
0.365060	150.000000
0.365080	149.000000
0.365100	149.000000
0.365120	148.000000
0.365140	147.000000
0.365160	147.000000
0.365180	146.000000
0.365200	146.000000
0.365220	145.000000
0.365240	145.000000
0.365260	146.000000
0.365280	146.000000
0.365300	147.000000
0.365320	148.000000
0.365340	148.000000
0.365360	149.000000
0.365380	149.000000
0.365400	150.000000
0.365420	151.000000
0.365440	150.000000
0.365460	149.000000
0.365480	149.000000
0.365500	148.000000
0.365520	147.000000
0.365540	146.000000
0.365560	145.000000
0.365580	145.000000
0.365600	146.000000
0.365620	147.000000
0.365640	149.000000
0.365660	150.000000
0.365680	149.000000
0.365700	147.000000
0.365720	147.000000
0.365740	148.000000
0.365760	150.000000
0.365780	152.000000
0.365800	152.000000
0.365820	151.000000
0.365840	149.000000
0.365860	147.000000
0.365880	144.000000
0.365900	142.000000
0.365920	142.000000
0.365940	143.000000
0.365960	146.000000
0.365980	148.000000
0.366000	148.000000
0.366020	146.000000
0.366040	145.000000
0.366060	145.000000
0.366080	146.000000
0.366100	149.000000
0.366120	151.000000
0.366140	154.000000
0.366160	155.000000
0.366180	155.000000
0.366200	153.000000
0.366220	151.000000
0.366240	148.000000
0.366260	146.000000
0.366280	144.000000
0.366300	142.000000
0.366320	141.000000
0.366340	139.000000
0.366360	138.000000
0.366380	138.000000
0.366400	139.000000
0.366420	141.000000
0.366440	145.000000
0.366460	149.000000
0.366480	153.000000
0.366500	157.000000
0.366520	160.000000
0.366540	161.000000
0.366560	161.000000
0.366580	160.000000
0.366600	157.000000
0.366620	154.000000
0.366640	149.000000
0.366660	144.000000
0.366680	139.000000
0.366700	134.000000
0.366720	131.000000
0.366740	131.000000
0.366760	134.000000
0.366780	137.000000
0.366800	141.000000
0.366820	146.000000
0.366840	151.000000
0.366860	156.000000
0.366880	160.000000
0.366900	162.000000
0.366920	162.000000
0.366940	160.000000
0.366960	158.000000
0.366980	154.000000
0.367000	150.000000
0.367020	145.000000
0.367040	142.000000
0.367060	139.000000
0.367080	138.000000
0.367100	138.000000
0.367120	138.000000
0.367140	140.000000
0.367160	142.000000
0.367180	145.000000
0.367200	149.000000
0.367220	152.000000
0.367240	154.000000
0.367260	155.000000
0.367280	156.000000
0.367300	154.000000
0.367320	153.000000
0.367340	151.000000
0.367360	149.000000
0.367380	147.000000
0.367400	145.000000
0.367420	143.000000
0.367440	142.000000
0.367460	142.000000
0.367480	142.000000
0.367500	143.000000
0.367520	145.000000
0.367540	146.000000
0.367560	147.000000
0.367580	148.000000
0.367600	149.000000
0.367620	150.000000
0.367640	150.000000
0.367660	149.000000
0.367680	148.000000
0.367700	148.000000
0.367720	148.000000
0.367740	148.000000
0.367760	148.000000
0.367780	148.000000
0.367800	147.000000
0.367820	147.000000
0.367840	147.000000
0.367860	147.000000
0.367880	147.000000
0.367900	147.000000
0.367920	147.000000
0.367940	147.000000
0.367960	147.000000
0.367980	147.000000
0.368000	146.000000
0.368020	146.000000
0.368040	147.000000
0.368060	148.000000
0.368080	148.000000
0.368100	148.000000
0.368120	149.000000
0.368140	149.000000
0.368160	150.000000
0.368180	150.000000
0.368200	151.000000
0.368220	151.000000
0.368240	151.000000
0.368260	150.000000
0.368280	149.000000
0.368300	147.000000
0.368320	146.000000
0.368340	145.000000
0.368360	145.000000
0.368380	146.000000
0.368400	146.000000
0.368420	145.000000
0.368440	146.000000
0.368460	147.000000
0.368480	148.000000
0.368500	149.000000
0.368520	149.000000
0.368540	148.000000
0.368560	148.000000
0.368580	149.000000
0.368600	149.000000
0.368620	149.000000
0.368640	149.000000
0.368660	148.000000
0.368680	147.000000
0.368700	146.000000
0.368720	145.000000
0.368740	145.000000
0.368760	144.000000
0.368780	145.000000
0.368800	147.000000
0.368820	148.000000
0.368840	149.000000
0.368860	150.000000
0.368880	150.000000
0.368900	150.000000
0.368920	151.000000
0.368940	151.000000
0.368960	152.000000
0.368980	152.000000
0.369000	151.000000
0.369020	149.000000
0.369040	146.000000
0.369060	144.000000
0.369080	142.000000
0.369100	141.000000
0.369120	141.000000
0.369140	143.000000
0.369160	144.000000
0.369180	145.000000
0.369200	145.000000
0.369220	146.000000
0.369240	146.000000
0.369260	148.000000
0.369280	150.000000
0.369300	153.000000
0.369320	155.000000
0.369340	155.000000
0.369360	155.000000
0.369380	154.000000
0.369400	152.000000
0.369420	150.000000
0.369440	147.000000
0.369460	145.000000
0.369480	142.000000
0.369500	139.000000
0.369520	137.000000
0.369540	136.000000
0.369560	135.000000
0.369580	136.000000
0.369600	138.000000
0.369620	143.000000
0.369640	149.000000
0.369660	155.000000
0.369680	160.000000
0.369700	164.000000
0.369720	166.000000
0.369740	166.000000
0.369760	164.000000
0.369780	160.000000
0.369800	154.000000
0.369820	147.000000
0.369840	140.000000
0.369860	136.000000
0.369880	133.000000
0.369900	132.000000
0.369920	132.000000
0.369940	133.000000
0.369960	136.000000
0.369980	140.000000
0.370000	146.000000
0.370020	152.000000
0.370040	157.000000
0.370060	161.000000
0.370080	164.000000
0.370100	164.000000
0.370120	162.000000
0.370140	159.000000
0.370160	154.000000
0.370180	148.000000
0.370200	143.000000
0.370220	139.000000
0.370240	136.000000
0.370260	136.000000
0.370280	136.000000
0.370300	137.000000
0.370320	139.000000
0.370340	141.000000
0.370360	145.000000
0.370380	149.000000
0.370400	152.000000
0.370420	154.000000
0.370440	155.000000
0.370460	156.000000
0.370480	156.000000
0.370500	154.000000
0.370520	152.000000
0.370540	149.000000
0.370560	147.000000
0.370580	145.000000
0.370600	144.000000
0.370620	143.000000
0.370640	143.000000
0.370660	143.000000
0.370680	143.000000
0.370700	144.000000
0.370720	146.000000
0.370740	147.000000
0.370760	149.000000
0.370780	150.000000
0.370800	151.000000
0.370820	151.000000
0.370840	151.000000
0.370860	151.000000
0.370880	151.000000
0.370900	150.000000
0.370920	149.000000
0.370940	148.000000
0.370960	148.000000
0.370980	147.000000
0.371000	147.000000
0.371020	146.000000
0.371040	146.000000
0.371060	147.000000
0.371080	147.000000
0.371100	148.000000
0.371120	148.000000
0.371140	147.000000
0.371160	147.000000
0.371180	146.000000
0.371200	146.000000
0.371220	147.000000
0.371240	148.000000
0.371260	148.000000
0.371280	149.000000
0.371300	149.000000
0.371320	149.000000
0.371340	149.000000
0.371360	149.000000
0.371380	149.000000
0.371400	149.000000
0.371420	148.000000
0.371440	147.000000
0.371460	146.000000
0.371480	146.000000
0.371500	146.000000
0.371520	146.000000
0.371540	147.000000
0.371560	147.000000
0.371580	147.000000
0.371600	147.000000
0.371620	147.000000
0.371640	147.000000
0.371660	147.000000
0.371680	148.000000
0.371700	149.000000
0.371720	149.000000
0.371740	149.000000
0.371760	148.000000
0.371780	147.000000
0.371800	146.000000
0.371820	146.000000
0.371840	146.000000
0.371860	146.000000
0.371880	145.000000
0.371900	145.000000
0.371920	145.000000
0.371940	145.000000
0.371960	145.000000
0.371980	147.000000
0.372000	149.000000
0.372020	150.000000
0.372040	151.000000
0.372060	150.000000
0.372080	150.000000
0.372100	149.000000
0.372120	150.000000
0.372140	150.000000
0.372160	151.000000
0.372180	151.000000
0.372200	151.000000
0.372220	149.000000
0.372240	145.000000
0.372260	142.000000
0.372280	141.000000
0.372300	141.000000
0.372320	143.000000
0.372340	145.000000
0.372360	146.000000
0.372380	147.000000
0.372400	147.000000
0.372420	147.000000
0.372440	148.000000
0.372460	150.000000
0.372480	151.000000
0.372500	153.000000
0.372520	155.000000
0.372540	156.000000
0.372560	155.000000
0.372580	153.000000
0.372600	151.000000
0.372620	149.000000
0.372640	146.000000
0.372660	143.000000
0.372680	140.000000
0.372700	138.000000
0.372720	137.000000
0.372740	136.000000
0.372760	136.000000
0.372780	137.000000
0.372800	141.000000
0.372820	146.000000
0.372840	152.000000
0.372860	158.000000
0.372880	162.000000
0.372900	164.000000
0.372920	164.000000
0.372940	163.000000
0.372960	161.000000
0.372980	156.000000
0.373000	150.000000
0.373020	144.000000
0.373040	138.000000
0.373060	133.000000
0.373080	130.000000
0.373100	129.000000
0.373120	130.000000
0.373140	133.000000
0.373160	137.000000
0.373180	143.000000
0.373200	149.000000
0.373220	154.000000
0.373240	158.000000
0.373260	161.000000
0.373280	162.000000
0.373300	161.000000
0.373320	159.000000
0.373340	155.000000
0.373360	151.000000
0.373380	146.000000
0.373400	142.000000
0.373420	139.000000
0.373440	136.000000
0.373460	135.000000
0.373480	136.000000
0.373500	137.000000
0.373520	140.000000
0.373540	144.000000
0.373560	147.000000
0.373580	150.000000
0.373600	153.000000
0.373620	156.000000
0.373640	157.000000
0.373660	157.000000
0.373680	155.000000
0.373700	154.000000
0.373720	151.000000
0.373740	148.000000
0.373760	146.000000
0.373780	143.000000
0.373800	142.000000
0.373820	143.000000
0.373840	143.000000
0.373860	143.000000
0.373880	143.000000
0.373900	144.000000
0.373920	145.000000
0.373940	148.000000
0.373960	150.000000
0.373980	151.000000
0.374000	151.000000
0.374020	150.000000
0.374040	150.000000
0.374060	150.000000
0.374080	150.000000
0.374100	149.000000
0.374120	148.000000
0.374140	147.000000
0.374160	147.000000
0.374180	147.000000
0.374200	147.000000
0.374220	147.000000
0.374240	147.000000
0.374260	147.000000
0.374280	148.000000
0.374300	148.000000
0.374320	149.000000
0.374340	149.000000
0.374360	148.000000
0.374380	147.000000
0.374400	147.000000
0.374420	148.000000
0.374440	149.000000
0.374460	149.000000
0.374480	149.000000
0.374500	149.000000
0.374520	149.000000
0.374540	150.000000
0.374560	149.000000
0.374580	149.000000
0.374600	148.000000
0.374620	148.000000
0.374640	147.000000
0.374660	147.000000
0.374680	146.000000
0.374700	146.000000
0.374720	146.000000
0.374740	146.000000
0.374760	147.000000
0.374780	148.000000
0.374800	148.000000
0.374820	149.000000
0.374840	149.000000
0.374860	149.000000
0.374880	148.000000
0.374900	148.000000
0.374920	148.000000
0.374940	147.000000
0.374960	146.000000
0.374980	145.000000
0.375000	145.000000
0.375020	145.000000
0.375040	146.000000
0.375060	146.000000
0.375080	145.000000
0.375100	145.000000
0.375120	145.000000
0.375140	146.000000
0.375160	148.000000
0.375180	149.000000
0.375200	150.000000
0.375220	151.000000
0.375240	151.000000
0.375260	150.000000
0.375280	149.000000
0.375300	149.000000
0.375320	149.000000
0.375340	149.000000
0.375360	150.000000
0.375380	150.000000
0.375400	149.000000
0.375420	147.000000
0.375440	144.000000
0.375460	142.000000
0.375480	142.000000
0.375500	143.000000
0.375520	144.000000
0.375540	145.000000
0.375560	145.000000
0.375580	145.000000
0.375600	146.000000
0.375620	147.000000
0.375640	148.000000
0.375660	150.000000
0.375680	151.000000
0.375700	153.000000
0.375720	155.000000
0.375740	155.000000
0.375760	154.000000
0.375780	152.000000
0.375800	150.000000
0.375820	147.000000
0.375840	145.000000
0.375860	142.000000
0.375880	139.000000
0.375900	136.000000
0.375920	135.000000
0.375940	136.000000
0.375960	138.000000
0.375980	141.000000
0.376000	145.000000
0.376020	149.000000
0.376040	153.000000
0.376060	157.000000
0.376080	160.000000
0.376100	162.000000
0.376120	161.000000
0.376140	160.000000
0.376160	157.000000
0.376180	153.000000
0.376200	147.000000
0.376220	141.000000
0.376240	137.000000
0.376260	134.000000
0.376280	133.000000
0.376300	134.000000
0.376320	136.000000
0.376340	139.000000
0.376360	143.000000
0.376380	148.000000
0.376400	153.000000
0.376420	156.000000
0.376440	159.000000
0.376460	161.000000
0.376480	161.000000
0.376500	160.000000
0.376520	157.000000
0.376540	153.000000
0.376560	149.000000
0.376580	146.000000
0.376600	143.000000
0.376620	141.000000
0.376640	140.000000
0.376660	139.000000
0.376680	140.000000
0.376700	141.000000
0.376720	143.000000
0.376740	146.000000
0.376760	148.000000
0.376780	150.000000
0.376800	151.000000
0.376820	152.000000
0.376840	154.000000
0.376860	154.000000
0.376880	154.000000
0.376900	152.000000
0.376920	149.000000
0.376940	147.000000
0.376960	145.000000
0.376980	144.000000
0.377000	143.000000
0.377020	143.000000
0.377040	143.000000
0.377060	143.000000
0.377080	144.000000
0.377100	145.000000
0.377120	147.000000
0.377140	148.000000
0.377160	149.000000
0.377180	149.000000
0.377200	149.000000
0.377220	149.000000
0.377240	149.000000
0.377260	149.000000
0.377280	149.000000
0.377300	148.000000
0.377320	147.000000
0.377340	147.000000
0.377360	147.000000
0.377380	147.000000
0.377400	147.000000
0.377420	147.000000
0.377440	146.000000
0.377460	146.000000
0.377480	146.000000
0.377500	146.000000
0.377520	146.000000
0.377540	146.000000
0.377560	147.000000
0.377580	147.000000
0.377600	147.000000
0.377620	148.000000
0.377640	148.000000
0.377660	149.000000
0.377680	150.000000
0.377700	151.000000
0.377720	151.000000
0.377740	150.000000
0.377760	150.000000
0.377780	149.000000
0.377800	148.000000
0.377820	147.000000
0.377840	145.000000
0.377860	144.000000
0.377880	144.000000
0.377900	144.000000
0.377920	145.000000
0.377940	146.000000
0.377960	147.000000
0.377980	148.000000
0.378000	149.000000
0.378020	149.000000
0.378040	149.000000
0.378060	149.000000
0.378080	149.000000
0.378100	149.000000
0.378120	148.000000
0.378140	147.000000
0.378160	146.000000
0.378180	145.000000
0.378200	145.000000
0.378220	145.000000
0.378240	145.000000
0.378260	146.000000
0.378280	146.000000
0.378300	146.000000
0.378320	147.000000
0.378340	148.000000
0.378360	149.000000
0.378380	151.000000
0.378400	151.000000
0.378420	151.000000
0.378440	149.000000
0.378460	148.000000
0.378480	148.000000
0.378500	147.000000
0.378520	148.000000
0.378540	149.000000
0.378560	149.000000
0.378580	149.000000
0.378600	148.000000
0.378620	146.000000
0.378640	143.000000
0.378660	141.000000
0.378680	141.000000
0.378700	143.000000
0.378720	145.000000
0.378740	147.000000
0.378760	148.000000
0.378780	148.000000
0.378800	148.000000
0.378820	148.000000
0.378840	148.000000
0.378860	148.000000
0.378880	149.000000
0.378900	151.000000
0.378920	151.000000
0.378940	151.000000
0.378960	151.000000
0.378980	149.000000
0.379000	148.000000
0.379020	147.000000
0.379040	146.000000
0.379060	145.000000
0.379080	143.000000
0.379100	141.000000
0.379120	140.000000
0.379140	140.000000
0.379160	141.000000
0.379180	143.000000
0.379200	145.000000
0.379220	148.000000
0.379240	152.000000
0.379260	156.000000
0.379280	159.000000
0.379300	160.000000
0.379320	160.000000
0.379340	157.000000
0.379360	154.000000
0.379380	151.000000
0.379400	147.000000
0.379420	143.000000
0.379440	140.000000
0.379460	138.000000
0.379480	137.000000
0.379500	136.000000
0.379520	137.000000
0.379540	140.000000
0.379560	143.000000
0.379580	147.000000
0.379600	151.000000
0.379620	155.000000
0.379640	157.000000
0.379660	157.000000
0.379680	157.000000
0.379700	155.000000
0.379720	152.000000
0.379740	150.000000
0.379760	147.000000
0.379780	144.000000
0.379800	143.000000
0.379820	142.000000
0.379840	141.000000
0.379860	141.000000
0.379880	142.000000
0.379900	143.000000
0.379920	144.000000
0.379940	147.000000
0.379960	149.000000
0.379980	151.000000
0.380000	152.000000
0.380020	153.000000
0.380040	152.000000
0.380060	152.000000
0.380080	152.000000
0.380100	151.000000
0.380120	148.000000
0.380140	146.000000
0.380160	144.000000
0.380180	144.000000
0.380200	144.000000
0.380220	144.000000
0.380240	143.000000
0.380260	143.000000
0.380280	144.000000
0.380300	147.000000
0.380320	149.000000
0.380340	150.000000
0.380360	149.000000
0.380380	148.000000
0.380400	148.000000
0.380420	149.000000
0.380440	149.000000
0.380460	149.000000
0.380480	148.000000
0.380500	148.000000
0.380520	148.000000
0.380540	148.000000
0.380560	147.000000
0.380580	147.000000
0.380600	147.000000
0.380620	147.000000
0.380640	147.000000
0.380660	147.000000
0.380680	146.000000
0.380700	145.000000
0.380720	144.000000
0.380740	145.000000
0.380760	145.000000
0.380780	146.000000
0.380800	147.000000
0.380820	149.000000
0.380840	150.000000
0.380860	151.000000
0.380880	152.000000
0.380900	153.000000
0.380920	152.000000
0.380940	152.000000
0.380960	150.000000
0.380980	149.000000
0.381000	147.000000
0.381020	145.000000
0.381040	144.000000
0.381060	144.000000
0.381080	144.000000
0.381100	145.000000
0.381120	145.000000
0.381140	146.000000
0.381160	148.000000
0.381180	149.000000
0.381200	151.000000
0.381220	151.000000
0.381240	151.000000
0.381260	150.000000
0.381280	149.000000
0.381300	148.000000
0.381320	147.000000
0.381340	146.000000
0.381360	145.000000
0.381380	144.000000
0.381400	144.000000
0.381420	145.000000
0.381440	146.000000
0.381460	146.000000
0.381480	147.000000
0.381500	148.000000
0.381520	149.000000
0.381540	150.000000
0.381560	150.000000
0.381580	150.000000
0.381600	150.000000
0.381620	150.000000
0.381640	149.000000
0.381660	147.000000
0.381680	147.000000
0.381700	147.000000
0.381720	148.000000
0.381740	148.000000
0.381760	148.000000
0.381780	148.000000
0.381800	147.000000
0.381820	147.000000
0.381840	146.000000
0.381860	146.000000
0.381880	146.000000
0.381900	147.000000
0.381920	148.000000
0.381940	149.000000
0.381960	149.000000
0.381980	148.000000
0.382000	148.000000
0.382020	148.000000
0.382040	148.000000
0.382060	149.000000
0.382080	149.000000
0.382100	150.000000
0.382120	151.000000
0.382140	151.000000
0.382160	150.000000
0.382180	148.000000
0.382200	148.000000
0.382220	147.000000
0.382240	147.000000
0.382260	146.000000
0.382280	144.000000
0.382300	141.000000
0.382320	140.000000
0.382340	141.000000
0.382360	143.000000
0.382380	144.000000
0.382400	146.000000
0.382420	148.000000
0.382440	150.000000
0.382460	152.000000
0.382480	154.000000
0.382500	155.000000
0.382520	154.000000
0.382540	152.000000
0.382560	150.000000
0.382580	148.000000
0.382600	147.000000
0.382620	144.000000
0.382640	142.000000
0.382660	139.000000
0.382680	139.000000
0.382700	140.000000
0.382720	142.000000
0.382740	144.000000
0.382760	145.000000
0.382780	147.000000
0.382800	149.000000
0.382820	152.000000
0.382840	153.000000
0.382860	154.000000
0.382880	154.000000
0.382900	153.000000
0.382920	152.000000
0.382940	150.000000
0.382960	147.000000
0.382980	145.000000
0.383000	144.000000
0.383020	144.000000
0.383040	143.000000
0.383060	142.000000
0.383080	141.000000
0.383100	143.000000
0.383120	145.000000
0.383140	148.000000
0.383160	150.000000
0.383180	150.000000
0.383200	151.000000
0.383220	152.000000
0.383240	152.000000
0.383260	151.000000
0.383280	150.000000
0.383300	149.000000
0.383320	148.000000
0.383340	147.000000
0.383360	145.000000
0.383380	143.000000
0.383400	143.000000
0.383420	144.000000
0.383440	145.000000
0.383460	145.000000
0.383480	145.000000
0.383500	146.000000
0.383520	149.000000
0.383540	150.000000
0.383560	150.000000
0.383580	148.000000
0.383600	148.000000
0.383620	152.000000
0.383640	154.000000
0.383660	149.000000
0.383680	136.000000
