0.341500	103.000000
0.341520	60.000000
0.341540	122.000000
0.341560	169.000000
0.341580	172.000000
0.341600	149.000000
0.341620	134.000000
0.341640	141.000000
0.341660	156.000000
0.341680	159.000000
0.341700	148.000000
0.341720	138.000000
0.341740	141.000000
0.341760	149.000000
0.341780	152.000000
0.341800	147.000000
0.341820	142.000000
0.341840	144.000000
0.341860	150.000000
0.341880	152.000000
0.341900	148.000000
0.341920	144.000000
0.341940	146.000000
0.341960	150.000000
0.341980	152.000000
0.342000	149.000000
0.342020	146.000000
0.342040	148.000000
0.342060	152.000000
0.342080	152.000000
0.342100	149.000000
0.342120	147.000000
0.342140	148.000000
0.342160	151.000000
0.342180	151.000000
0.342200	148.000000
0.342220	145.000000
0.342240	147.000000
0.342260	150.000000
0.342280	151.000000
0.342300	148.000000
0.342320	146.000000
0.342340	146.000000
0.342360	148.000000
0.342380	149.000000
0.342400	148.000000
0.342420	148.000000
0.342440	150.000000
0.342460	153.000000
0.342480	153.000000
0.342500	150.000000
0.342520	147.000000
0.342540	148.000000
0.342560	150.000000
0.342580	151.000000
0.342600	149.000000
0.342620	147.000000
0.342640	147.000000
0.342660	148.000000
0.342680	147.000000
0.342700	145.000000
0.342720	144.000000
0.342740	146.000000
0.342760	149.000000
0.342780	150.000000
0.342800	149.000000
0.342820	147.000000
0.342840	148.000000
0.342860	151.000000
0.342880	152.000000
0.342900	151.000000
0.342920	150.000000
0.342940	150.000000
0.342960	151.000000
0.342980	151.000000
0.343000	150.000000
0.343020	149.000000
0.343040	150.000000
0.343060	151.000000
0.343080	150.000000
0.343100	148.000000
0.343120	146.000000
0.343140	146.000000
0.343160	147.000000
0.343180	147.000000
0.343200	146.000000
0.343220	144.000000
0.343240	145.000000
0.343260	147.000000
0.343280	147.000000
0.343300	146.000000
0.343320	146.000000
0.343340	148.000000
0.343360	150.000000
0.343380	151.000000
0.343400	149.000000
0.343420	147.000000
0.343440	146.000000
0.343460	147.000000
0.343480	148.000000
0.343500	146.000000
0.343520	145.000000
0.343540	146.000000
0.343560	148.000000
0.343580	149.000000
0.343600	147.000000
0.343620	146.000000
0.343640	146.000000
0.343660	148.000000
0.343680	149.000000
0.343700	148.000000
0.343720	147.000000
0.343740	147.000000
0.343760	148.000000
0.343780	149.000000
0.343800	149.000000
0.343820	148.000000
0.343840	147.000000
0.343860	148.000000
0.343880	149.000000
0.343900	148.000000
0.343920	147.000000
0.343940	147.000000
0.343960	149.000000
0.343980	149.000000
0.344000	149.000000
0.344020	147.000000
0.344040	146.000000
0.344060	146.000000
0.344080	147.000000
0.344100	147.000000
0.344120	146.000000
0.344140	147.000000
0.344160	147.000000
0.344180	148.000000
0.344200	148.000000
0.344220	148.000000
0.344240	149.000000
0.344260	151.000000
0.344280	151.000000
0.344300	150.000000
0.344320	149.000000
0.344340	148.000000
0.344360	149.000000
0.344380	149.000000
0.344400	149.000000
0.344420	147.000000
0.344440	146.000000
0.344460	146.000000
0.344480	146.000000
0.344500	146.000000
0.344520	146.000000
0.344540	146.000000
0.344560	147.000000
0.344580	147.000000
0.344600	146.000000
0.344620	146.000000
0.344640	147.000000
0.344660	149.000000
0.344680	150.000000
0.344700	150.000000
0.344720	150.000000
0.344740	149.000000
0.344760	150.000000
0.344780	150.000000
0.344800	150.000000
0.344820	149.000000
0.344840	149.000000
0.344860	149.000000
0.344880	149.000000
0.344900	149.000000
0.344920	148.000000
0.344940	148.000000
0.344960	148.000000
0.344980	149.000000
0.345000	148.000000
0.345020	148.000000
0.345040	148.000000
0.345060	149.000000
0.345080	149.000000
0.345100	149.000000
0.345120	149.000000
0.345140	149.000000
0.345160	149.000000
0.345180	150.000000
0.345200	149.000000
0.345220	149.000000
0.345240	148.000000
0.345260	148.000000
0.345280	147.000000
0.345300	147.000000
0.345320	147.000000
0.345340	148.000000
0.345360	149.000000
0.345380	149.000000
0.345400	149.000000
0.345420	148.000000
0.345440	148.000000
0.345460	148.000000
0.345480	148.000000
0.345500	147.000000
0.345520	146.000000
0.345540	146.000000
0.345560	147.000000
0.345580	148.000000
0.345600	148.000000
0.345620	148.000000
0.345640	148.000000
0.345660	148.000000
0.345680	148.000000
0.345700	148.000000
0.345720	148.000000
0.345740	149.000000
0.345760	150.000000
0.345780	151.000000
0.345800	151.000000
0.345820	149.000000
0.345840	149.000000
0.345860	149.000000
0.345880	149.000000
0.345900	149.000000
0.345920	148.000000
0.345940	147.000000
0.345960	147.000000
0.345980	147.000000
0.346000	147.000000
0.346020	147.000000
0.346040	147.000000
0.346060	148.000000
0.346080	149.000000
0.346100	149.000000
0.346120	149.000000
0.346140	148.000000
0.346160	148.000000
0.346180	149.000000
0.346200	149.000000
0.346220	150.000000
0.346240	150.000000
0.346260	150.000000
0.346280	149.000000
0.346300	148.000000
0.346320	147.000000
0.346340	146.000000
0.346360	146.000000
0.346380	145.000000
0.346400	144.000000
0.346420	145.000000
0.346440	145.000000
0.346460	147.000000
0.346480	148.000000
0.346500	149.000000
0.346520	149.000000
0.346540	149.000000
0.346560	149.000000
0.346580	148.000000
0.346600	148.000000
0.346620	149.000000
0.346640	149.000000
0.346660	150.000000
0.346680	149.000000
0.346700	148.000000
0.346720	148.000000
0.346740	148.000000
0.346760	148.000000
0.346780	148.000000
0.346800	148.000000
0.346820	148.000000
0.346840	149.000000
0.346860	149.000000
0.346880	149.000000
0.346900	148.000000
0.346920	147.000000
0.346940	148.000000
0.346960	149.000000
0.346980	149.000000
0.347000	149.000000
0.347020	149.000000
0.347040	148.000000
0.347060	148.000000
0.347080	148.000000
0.347100	147.000000
0.347120	147.000000
0.347140	147.000000
0.347160	148.000000
0.347180	148.000000
0.347200	148.000000
0.347220	148.000000
0.347240	148.000000
0.347260	148.000000
0.347280	148.000000
0.347300	148.000000
0.347320	148.000000
0.347340	148.000000
0.347360	148.000000
0.347380	148.000000
0.347400	148.000000
0.347420	147.000000
0.347440	148.000000
0.347460	149.000000
0.347480	150.000000
0.347500	150.000000
0.347520	150.000000
0.347540	150.000000
0.347560	149.000000
0.347580	149.000000
0.347600	148.000000
0.347620	148.000000
0.347640	147.000000
0.347660	147.000000
0.347680	147.000000
0.347700	147.000000
0.347720	147.000000
0.347740	146.000000
0.347760	146.000000
0.347780	146.000000
0.347800	147.000000
0.347820	148.000000
0.347840	149.000000
0.347860	149.000000
0.347880	149.000000
0.347900	149.000000
0.347920	149.000000
0.347940	150.000000
0.347960	150.000000
0.347980	150.000000
0.348000	149.000000
0.348020	149.000000
0.348040	150.000000
0.348060	150.000000
0.348080	149.000000
0.348100	147.000000
0.348120	147.000000
0.348140	147.000000
0.348160	148.000000
0.348180	148.000000
0.348200	147.000000
0.348220	146.000000
0.348240	147.000000
0.348260	148.000000
0.348280	149.000000
0.348300	149.000000
0.348320	148.000000
0.348340	148.000000
0.348360	148.000000
0.348380	148.000000
0.348400	147.000000
0.348420	146.000000
0.348440	146.000000
0.348460	147.000000
0.348480	149.000000
0.348500	149.000000
0.348520	150.000000
0.348540	150.000000
0.348560	150.000000
0.348580	150.000000
0.348600	149.000000
0.348620	149.000000
0.348640	149.000000
0.348660	149.000000
0.348680	149.000000
0.348700	149.000000
0.348720	148.000000
0.348740	147.000000
0.348760	147.000000
0.348780	147.000000
0.348800	147.000000
0.348820	147.000000
0.348840	147.000000
0.348860	147.000000
0.348880	147.000000
0.348900	146.000000
0.348920	144.000000
0.348940	144.000000
0.348960	146.000000
0.348980	150.000000
0.349000	156.000000
0.349020	161.000000
0.349040	164.000000
0.349060	165.000000
0.349080	161.000000
0.349100	155.000000
0.349120	147.000000
0.349140	139.000000
0.349160	135.000000
0.349180	133.000000
0.349200	133.000000
0.349220	133.000000
0.349240	131.000000
0.349260	127.000000
0.349280	124.000000
0.349300	125.000000
0.349320	133.000000
0.349340	147.000000
0.349360	164.000000
0.349380	178.000000
0.349400	184.000000
0.349420	182.000000
0.349440	175.000000
0.349460	167.000000
0.349480	161.000000
0.349500	158.000000
0.349520	157.000000
0.349540	155.000000
0.349560	149.000000
0.349580	140.000000
0.349600	127.000000
0.349620	114.000000
0.349640	103.000000
0.349660	99.000000
0.349680	101.000000
0.349700	111.000000
0.349720	125.000000
0.349740	141.000000
0.349760	158.000000
0.349780	174.000000
0.349800	189.000000
0.349820	202.000000
0.349840	212.000000
0.349860	218.000000
0.349880	215.000000
0.349900	204.000000
0.349920	185.000000
0.349940	159.000000
0.349960	130.000000
0.349980	102.000000
0.350000	78.000000
0.350020	61.000000
0.350040	54.000000
0.350060	59.000000
0.350080	73.000000
0.350100	96.000000
0.350120	125.000000
0.350140	156.000000
0.350160	184.000000
0.350180	206.000000
0.350200	220.000000
0.350220	226.000000
0.350240	222.000000
0.350260	211.000000
0.350280	193.000000
0.350300	171.000000
0.350320	147.000000
0.350340	125.000000
0.350360	106.000000
0.350380	93.000000
0.350400	87.000000
0.350420	89.000000
0.350440	98.000000
0.350460	112.000000
0.350480	129.000000
0.350500	146.000000
0.350520	163.000000
0.350540	176.000000
0.350560	183.000000
0.350580	185.000000
0.350600	183.000000
0.350620	177.000000
0.350640	169.000000
0.350660	160.000000
0.350680	149.000000
0.350700	140.000000
0.350720	132.000000
0.350740	126.000000
0.350760	125.000000
0.350780	126.000000
0.350800	130.000000
0.350820	136.000000
0.350840	143.000000
0.350860	149.000000
0.350880	153.000000
0.350900	157.000000
0.350920	159.000000
0.350940	160.000000
0.350960	159.000000
0.350980	157.000000
0.351000	153.000000
0.351020	150.000000
0.351040	147.000000
0.351060	145.000000
0.351080	142.000000
0.351100	141.000000
0.351120	141.000000
0.351140	143.000000
0.351160	145.000000
0.351180	147.000000
0.351200	148.000000
0.351220	149.000000
0.351240	150.000000
0.351260	150.000000
0.351280	150.000000
0.351300	149.000000
0.351320	150.000000
0.351340	150.000000
0.351360	149.000000
0.351380	148.000000
0.351400	146.000000
0.351420	146.000000
0.351440	147.000000
0.351460	148.000000
0.351480	147.000000
0.351500	146.000000
0.351520	146.000000
0.351540	147.000000
0.351560	149.000000
0.351580	149.000000
0.351600	148.000000
0.351620	147.000000
0.351640	147.000000
0.351660	149.000000
0.351680	150.000000
0.351700	150.000000
0.351720	150.000000
0.351740	150.000000
0.351760	151.000000
0.351780	151.000000
0.351800	150.000000
0.351820	150.000000
0.351840	149.000000
0.351860	149.000000
0.351880	149.000000
0.351900	148.000000
0.351920	147.000000
0.351940	146.000000
0.351960	146.000000
0.351980	146.000000
0.352000	147.000000
0.352020	147.000000
0.352040	148.000000
0.352060	148.000000
0.352080	147.000000
0.352100	146.000000
0.352120	145.000000
0.352140	146.000000
0.352160	150.000000
0.352180	155.000000
0.352200	159.000000
0.352220	163.000000
0.352240	164.000000
0.352260	163.000000
0.352280	157.000000
0.352300	149.000000
0.352320	141.000000
0.352340	135.000000
0.352360	133.000000
0.352380	134.000000
0.352400	136.000000
0.352420	136.000000
0.352440	132.000000
0.352460	128.000000
0.352480	126.000000
0.352500	131.000000
0.352520	142.000000
0.352540	157.000000
0.352560	172.000000
0.352580	180.000000
0.352600	180.000000
0.352620	175.000000
0.352640	167.000000
0.352660	161.000000
0.352680	157.000000
0.352700	156.000000
0.352720	155.000000
0.352740	153.000000
0.352760	146.000000
0.352780	134.000000
0.352800	120.000000
0.352820	107.000000
0.352840	101.000000
0.352860	102.000000
0.352880	110.000000
0.352900	122.000000
0.352920	137.000000
0.352940	152.000000
0.352960	167.000000
0.352980	181.000000
0.353000	193.000000
0.353020	203.000000
0.353040	211.000000
0.353060	213.000000
0.353080	207.000000
0.353100	191.000000
0.353120	168.000000
0.353140	141.000000
0.353160	113.000000
0.353180	88.000000
0.353200	70.000000
0.353220	59.000000
0.353240	59.000000
0.353260	70.000000
0.353280	89.000000
0.353300	115.000000
0.353320	145.000000
0.353340	174.000000
0.353360	199.000000
0.353380	216.000000
0.353400	224.000000
0.353420	223.000000
0.353440	215.000000
0.353460	200.000000
0.353480	180.000000
0.353500	156.000000
0.353520	132.000000
0.353540	112.000000
0.353560	97.000000
0.353580	90.000000
0.353600	88.000000
0.353620	94.000000
0.353640	105.000000
0.353660	120.000000
0.353680	137.000000
0.353700	153.000000
0.353720	166.000000
0.353740	176.000000
0.353760	181.000000
0.353780	183.000000
0.353800	180.000000
0.353820	174.000000
0.353840	165.000000
0.353860	155.000000
0.353880	146.000000
0.353900	137.000000
0.353920	131.000000
0.353940	127.000000
0.353960	127.000000
0.353980	130.000000
0.354000	135.000000
0.354020	141.000000
0.354040	145.000000
0.354060	150.000000
0.354080	154.000000
0.354100	156.000000
0.354120	158.000000
0.354140	159.000000
0.354160	159.000000
0.354180	157.000000
0.354200	153.000000
0.354220	149.000000
0.354240	146.000000
0.354260	144.000000
0.354280	144.000000
0.354300	144.000000
0.354320	144.000000
0.354340	144.000000
0.354360	145.000000
0.354380	146.000000
0.354400	147.000000
0.354420	148.000000
0.354440	149.000000
0.354460	150.000000
0.354480	151.000000
0.354500	152.000000
0.354520	152.000000
0.354540	153.000000
0.354560	153.000000
0.354580	152.000000
0.354600	151.000000
0.354620	149.000000
0.354640	147.000000
0.354660	145.000000
0.354680	144.000000
0.354700	144.000000
0.354720	144.000000
0.354740	144.000000
0.354760	145.000000
0.354780	145.000000
0.354800	145.000000
0.354820	146.000000
0.354840	147.000000
0.354860	148.000000
0.354880	149.000000
0.354900	149.000000
0.354920	149.000000
0.354940	149.000000
0.354960	150.000000
0.354980	150.000000
0.355000	149.000000
0.355020	149.000000
0.355040	149.000000
0.355060	148.000000
0.355080	147.000000
0.355100	146.000000
0.355120	145.000000
0.355140	145.000000
0.355160	146.000000
0.355180	147.000000
0.355200	148.000000
0.355220	148.000000
0.355240	147.000000
0.355260	146.000000
0.355280	146.000000
0.355300	146.000000
0.355320	147.000000
0.355340	148.000000
0.355360	151.000000
0.355380	155.000000
0.355400	159.000000
0.355420	161.000000
0.355440	161.000000
0.355460	157.000000
0.355480	151.000000
0.355500	145.000000
0.355520	140.000000
0.355540	138.000000
0.355560	139.000000
0.355580	140.000000
0.355600	140.000000
0.355620	138.000000
0.355640	136.000000
0.355660	134.000000
0.355680	135.000000
0.355700	140.000000
0.355720	148.000000
0.355740	159.000000
0.355760	167.000000
0.355780	170.000000
0.355800	168.000000
0.355820	162.000000
0.355840	157.000000
0.355860	155.000000
0.355880	155.000000
0.355900	156.000000
0.355920	154.000000
0.355940	149.000000
0.355960	142.000000
0.355980	132.000000
0.356000	123.000000
0.356020	116.000000
0.356040	115.000000
0.356060	119.000000
0.356080	127.000000
0.356100	137.000000
0.356120	147.000000
0.356140	157.000000
0.356160	166.000000
0.356180	175.000000
0.356200	183.000000
0.356220	190.000000
0.356240	193.000000
0.356260	191.000000
0.356280	182.000000
0.356300	167.000000
0.356320	148.000000
0.356340	129.000000
0.356360	113.000000
0.356380	101.000000
0.356400	93.000000
0.356420	91.000000
0.356440	96.000000
0.356460	106.000000
0.356480	122.000000
0.356500	141.000000
0.356520	160.000000
0.356540	178.000000
0.356560	192.000000
0.356580	201.000000
0.356600	202.000000
0.356620	197.000000
0.356640	186.000000
0.356660	172.000000
0.356680	156.000000
0.356700	141.000000
0.356720	128.000000
0.356740	117.000000
0.356760	109.000000
0.356780	107.000000
0.356800	109.000000
0.356820	117.000000
0.356840	128.000000
0.356860	140.000000
0.356880	152.000000
0.356900	162.000000
0.356920	169.000000
0.356940	173.000000
0.356960	174.000000
0.356980	173.000000
0.357000	168.000000
0.357020	161.000000
0.357040	154.000000
0.357060	147.000000
0.357080	141.000000
0.357100	137.000000
0.357120	135.000000
0.357140	133.000000
0.357160	134.000000
0.357180	135.000000
0.357200	138.000000
0.357220	143.000000
0.357240	147.000000
0.357260	151.000000
0.357280	154.000000
0.357300	155.000000
0.357320	156.000000
0.357340	156.000000
0.357360	154.000000
0.357380	152.000000
0.357400	150.000000
0.357420	147.000000
0.357440	145.000000
0.357460	143.000000
0.357480	143.000000
0.357500	143.000000
0.357520	144.000000
0.357540	145.000000
0.357560	146.000000
0.357580	147.000000
0.357600	148.000000
0.357620	149.000000
0.357640	150.000000
0.357660	150.000000
0.357680	150.000000
0.357700	150.000000
0.357720	151.000000
0.357740	151.000000
0.357760	151.000000
0.357780	150.000000
0.357800	148.000000
0.357820	147.000000
0.357840	146.000000
0.357860	146.000000
0.357880	145.000000
0.357900	143.000000
0.357920	143.000000
0.357940	142.000000
0.357960	143.000000
0.357980	144.000000
0.358000	145.000000
0.358020	147.000000
0.358040	148.000000
0.358060	150.000000
0.358080	152.000000
0.358100	152.000000
0.358120	152.000000
0.358140	151.000000
0.358160	151.000000
0.358180	150.000000
0.358200	149.000000
0.358220	148.000000
0.358240	147.000000
0.358260	146.000000
0.358280	146.000000
0.358300	146.000000
0.358320	146.000000
0.358340	146.000000
0.358360	146.000000
0.358380	147.000000
0.358400	149.000000
0.358420	149.000000
0.358440	149.000000
0.358460	149.000000
0.358480	149.000000
0.358500	149.000000
0.358520	150.000000
0.358540	151.000000
0.358560	153.000000
0.358580	154.000000
0.358600	154.000000
0.358620	154.000000
0.358640	151.000000
0.358660	149.000000
0.358680	146.000000
0.358700	144.000000
0.358720	143.000000
0.358740	143.000000
0.358760	144.000000
0.358780	145.000000
0.358800	145.000000
0.358820	143.000000
0.358840	140.000000
0.358860	139.000000
0.358880	142.000000
0.358900	148.000000
0.358920	155.000000
0.358940	160.000000
0.358960	161.000000
0.358980	159.000000
0.359000	155.000000
0.359020	151.000000
0.359040	149.000000
0.359060	149.000000
0.359080	150.000000
0.359100	151.000000
0.359120	151.000000
0.359140	147.000000
0.359160	141.000000
0.359180	135.000000
0.359200	131.000000
0.359220	131.000000
0.359240	133.000000
0.359260	137.000000
0.359280	142.000000
0.359300	147.000000
0.359320	153.000000
0.359340	158.000000
0.359360	162.000000
0.359380	166.000000
0.359400	169.000000
0.359420	170.000000
0.359440	169.000000
0.359460	165.000000
0.359480	158.000000
0.359500	148.000000
0.359520	138.000000
0.359540	128.000000
0.359560	121.000000
0.359580	118.000000
0.359600	117.000000
0.359620	121.000000
0.359640	128.000000
0.359660	137.000000
0.359680	147.000000
0.359700	156.000000
0.359720	164.000000
0.359740	170.000000
0.359760	174.000000
0.359780	175.000000
0.359800	172.000000
0.359820	165.000000
0.359840	157.000000
0.359860	147.000000
0.359880	139.000000
0.359900	133.000000
0.359920	130.000000
0.359940	128.000000
0.359960	129.000000
0.359980	132.000000
0.360000	137.000000
0.360020	142.000000
0.360040	149.000000
0.360060	154.000000
0.360080	159.000000
0.360100	162.000000
0.360120	163.000000
0.360140	163.000000
0.360160	161.000000
0.360180	157.000000
0.360200	153.000000
0.360220	148.000000
0.360240	144.000000
0.360260	140.000000
0.360280	138.000000
0.360300	137.000000
0.360320	138.000000
0.360340	140.000000
0.360360	143.000000
0.360380	146.000000
0.360400	149.000000
0.360420	152.000000
0.360440	154.000000
0.360460	155.000000
0.360480	155.000000
0.360500	154.000000
0.360520	153.000000
0.360540	151.000000
0.360560	149.000000
0.360580	147.000000
0.360600	145.000000
0.360620	143.000000
0.360640	143.000000
0.360660	142.000000
0.360680	142.000000
0.360700	143.000000
0.360720	145.000000
0.360740	147.000000
0.360760	148.000000
0.360780	149.000000
0.360800	149.000000
0.360820	149.000000
0.360840	151.000000
0.360860	152.000000
0.360880	152.000000
0.360900	150.000000
0.360920	148.000000
0.360940	147.000000
0.360960	147.000000
0.360980	147.000000
0.361000	147.000000
0.361020	146.000000
0.361040	145.000000
0.361060	145.000000
0.361080	145.000000
0.361100	145.000000
0.361120	145.000000
0.361140	145.000000
0.361160	146.000000
0.361180	147.000000
0.361200	148.000000
0.361220	149.000000
0.361240	149.000000
0.361260	149.000000
0.361280	151.000000
0.361300	152.000000
0.361320	153.000000
0.361340	153.000000
0.361360	151.000000
0.361380	148.000000
0.361400	146.000000
0.361420	145.000000
0.361440	145.000000
0.361460	145.000000
0.361480	144.000000
0.361500	144.000000
0.361520	145.000000
0.361540	146.000000
0.361560	147.000000
0.361580	149.000000
0.361600	150.000000
0.361620	150.000000
0.361640	149.000000
0.361660	149.000000
0.361680	148.000000
0.361700	149.000000
0.361720	149.000000
0.361740	150.000000
0.361760	150.000000
0.361780	150.000000
0.361800	150.000000
0.361820	149.000000
0.361840	148.000000
0.361860	145.000000
0.361880	144.000000
0.361900	144.000000
0.361920	145.000000
0.361940	147.000000
0.361960	148.000000
0.361980	147.000000
0.362000	146.000000
0.362020	144.000000
0.362040	144.000000
0.362060	146.000000
0.362080	148.000000
0.362100	151.000000
0.362120	152.000000
0.362140	153.000000
0.362160	152.000000
0.362180	149.000000
0.362200	146.000000
0.362220	145.000000
0.362240	145.000000
0.362260	147.000000
0.362280	149.000000
0.362300	150.000000
0.362320	148.000000
0.362340	144.000000
0.362360	141.000000
0.362380	139.000000
0.362400	140.000000
0.362420	143.000000
0.362440	146.000000
0.362460	149.000000
0.362480	150.000000
0.362500	151.000000
0.362520	152.000000
0.362540	154.000000
0.362560	156.000000
0.362580	157.000000
0.362600	158.000000
0.362620	156.000000
0.362640	154.000000
0.362660	149.000000
0.362680	143.000000
0.362700	137.000000
0.362720	133.000000
0.362740	133.000000
0.362760	135.000000
0.362780	138.000000
0.362800	143.000000
0.362820	148.000000
0.362840	153.000000
0.362860	158.000000
0.362880	161.000000
0.362900	163.000000
0.362920	164.000000
0.362940	163.000000
0.362960	160.000000
0.362980	155.000000
0.363000	149.000000
0.363020	142.000000
0.363040	138.000000
0.363060	135.000000
0.363080	134.000000
0.363100	134.000000
0.363120	136.000000
0.363140	140.000000
0.363160	145.000000
0.363180	150.000000
0.363200	155.000000
0.363220	158.000000
0.363240	159.000000
0.363260	159.000000
0.363280	158.000000
0.363300	156.000000
0.363320	153.000000
0.363340	150.000000
0.363360	147.000000
0.363380	144.000000
0.363400	141.000000
0.363420	139.000000
0.363440	139.000000
0.363460	140.000000
0.363480	141.000000
0.363500	143.000000
0.363520	146.000000
0.363540	149.000000
0.363560	151.000000
0.363580	153.000000
0.363600	154.000000
0.363620	155.000000
0.363640	155.000000
0.363660	154.000000
0.363680	153.000000
0.363700	151.000000
0.363720	149.000000
0.363740	147.000000
0.363760	145.000000
0.363780	144.000000
0.363800	142.000000
0.363820	142.000000
0.363840	143.000000
0.363860	144.000000
0.363880	145.000000
0.363900	145.000000
0.363920	146.000000
0.363940	147.000000
0.363960	149.000000
0.363980	151.000000
0.364000	151.000000
0.364020	151.000000
0.364040	151.000000
0.364060	152.000000
0.364080	152.000000
0.364100	151.000000
0.364120	149.000000
0.364140	148.000000
0.364160	148.000000
0.364180	148.000000
0.364200	148.000000
0.364220	147.000000
0.364240	146.000000
0.364260	146.000000
0.364280	145.000000
0.364300	145.000000
0.364320	145.000000
0.364340	145.000000
0.364360	146.000000
0.364380	148.000000
0.364400	149.000000
0.364420	149.000000
0.364440	150.000000
0.364460	151.000000
0.364480	152.000000
0.364500	152.000000
0.364520	151.000000
0.364540	150.000000
0.364560	148.000000
0.364580	147.000000
0.364600	146.000000
0.364620	145.000000
0.364640	144.000000
0.364660	144.000000
0.364680	144.000000
0.364700	145.000000
0.364720	145.000000
0.364740	145.000000
0.364760	146.000000
0.364780	146.000000
0.364800	148.000000
0.364820	149.000000
0.364840	150.000000
0.364860	151.000000
0.364880	151.000000
0.364900	152.000000
0.364920	152.000000
0.364940	151.000000
0.364960	150.000000
0.364980	148.000000
0.365000	146.000000
0.365020	143.000000
0.365040	141.000000
0.365060	141.000000
0.365080	142.000000
0.365100	144.000000
0.365120	148.000000
0.365140	150.000000
0.365160	151.000000
0.365180	150.000000
0.365200	148.000000
0.365220	147.000000
0.365240	147.000000
0.365260	149.000000
0.365280	151.000000
0.365300	152.000000
0.365320	152.000000
0.365340	150.000000
0.365360	147.000000
0.365380	144.000000
0.365400	143.000000
0.365420	144.000000
0.365440	146.000000
0.365460	149.000000
0.365480	151.000000
0.365500	150.000000
0.365520	148.000000
0.365540	146.000000
0.365560	145.000000
0.365580	145.000000
0.365600	146.000000
0.365620	148.000000
0.365640	150.000000
0.365660	152.000000
0.365680	153.000000
0.365700	153.000000
0.365720	153.000000
0.365740	152.000000
0.365760	151.000000
0.365780	150.000000
0.365800	148.000000
0.365820	145.000000
0.365840	142.000000
0.365860	139.000000
0.365880	137.000000
0.365900	136.000000
0.365920	137.000000
0.365940	140.000000
0.365960	145.000000
0.365980	150.000000
0.366000	155.000000
0.366020	159.000000
0.366040	162.000000
0.366060	164.000000
0.366080	164.000000
0.366100	162.000000
0.366120	158.000000
0.366140	152.000000
0.366160	145.000000
0.366180	138.000000
0.366200	133.000000
0.366220	129.000000
0.366240	128.000000
0.366260	129.000000
0.366280	133.000000
0.366300	139.000000
0.366320	145.000000
0.366340	152.000000
0.366360	157.000000
0.366380	161.000000
0.366400	162.000000
0.366420	163.000000
0.366440	162.000000
0.366460	160.000000
0.366480	156.000000
0.366500	151.000000
0.366520	146.000000
0.366540	141.000000
0.366560	138.000000
0.366580	136.000000
0.366600	135.000000
0.366620	136.000000
0.366640	138.000000
0.366660	142.000000
0.366680	145.000000
0.366700	148.000000
0.366720	150.000000
0.366740	152.000000
0.366760	155.000000
0.366780	156.000000
0.366800	157.000000
0.366820	156.000000
0.366840	155.000000
0.366860	153.000000
0.366880	150.000000
0.366900	147.000000
0.366920	144.000000
0.366940	142.000000
0.366960	141.000000
0.366980	141.000000
0.367000	142.000000
0.367020	143.000000
0.367040	144.000000
0.367060	145.000000
0.367080	147.000000
0.367100	149.000000
0.367120	150.000000
0.367140	151.000000
0.367160	152.000000
0.367180	152.000000
0.367200	152.000000
0.367220	151.000000
0.367240	150.000000
0.367260	149.000000
0.367280	149.000000
0.367300	149.000000
0.367320	149.000000
0.367340	147.000000
0.367360	146.000000
0.367380	145.000000
0.367400	144.000000
0.367420	144.000000
0.367440	144.000000
0.367460	144.000000
0.367480	145.000000
0.367500	145.000000
0.367520	146.000000
0.367540	146.000000
0.367560	147.000000
0.367580	148.000000
0.367600	150.000000
0.367620	151.000000
0.367640	152.000000
0.367660	152.000000
0.367680	152.000000
0.367700	151.000000
0.367720	150.000000
0.367740	148.000000
0.367760	147.000000
0.367780	146.000000
0.367800	145.000000
0.367820	145.000000
0.367840	145.000000
0.367860	145.000000
0.367880	145.000000
0.367900	146.000000
0.367920	147.000000
0.367940	148.000000
0.367960	149.000000
0.367980	150.000000
0.368000	151.000000
0.368020	152.000000
0.368040	151.000000
0.368060	150.000000
0.368080	148.000000
0.368100	147.000000
0.368120	147.000000
0.368140	147.000000
0.368160	147.000000
0.368180	147.000000
0.368200	146.000000
0.368220	144.000000
0.368240	143.000000
0.368260	144.000000
0.368280	146.000000
0.368300	149.000000
0.368320	151.000000
0.368340	151.000000
0.368360	149.000000
0.368380	147.000000
0.368400	147.000000
0.368420	147.000000
0.368440	148.000000
0.368460	149.000000
0.368480	150.000000
0.368500	150.000000
0.368520	149.000000
0.368540	146.000000
0.368560	143.000000
0.368580	142.000000
0.368600	142.000000
0.368620	144.000000
0.368640	148.000000
0.368660	151.000000
0.368680	151.000000
0.368700	149.000000
0.368720	146.000000
0.368740	144.000000
0.368760	145.000000
0.368780	147.000000
0.368800	150.000000
0.368820	153.000000
0.368840	154.000000
0.368860	154.000000
0.368880	153.000000
0.368900	152.000000
0.368920	151.000000
0.368940	150.000000
0.368960	148.000000
0.368980	146.000000
0.369000	143.000000
0.369020	140.000000
0.369040	137.000000
0.369060	134.000000
0.369080	134.000000
0.369100	136.000000
0.369120	140.000000
0.369140	146.000000
0.369160	153.000000
0.369180	159.000000
0.369200	163.000000
0.369220	166.000000
0.369240	167.000000
0.369260	166.000000
0.369280	163.000000
0.369300	158.000000
0.369320	151.000000
0.369340	144.000000
0.369360	137.000000
0.369380	131.000000
0.369400	128.000000
0.369420	126.000000
0.369440	127.000000
0.369460	131.000000
0.369480	137.000000
0.369500	144.000000
0.369520	152.000000
0.369540	159.000000
0.369560	164.000000
0.369580	166.000000
0.369600	166.000000
0.369620	164.000000
0.369640	160.000000
0.369660	156.000000
0.369680	152.000000
0.369700	147.000000
0.369720	142.000000
0.369740	139.000000
0.369760	136.000000
0.369780	135.000000
0.369800	135.000000
0.369820	137.000000
0.369840	140.000000
0.369860	144.000000
0.369880	149.000000
0.369900	152.000000
0.369920	155.000000
0.369940	157.000000
0.369960	157.000000
0.369980	156.000000
0.370000	154.000000
0.370020	152.000000
0.370040	150.000000
0.370060	148.000000
0.370080	146.000000
0.370100	144.000000
0.370120	142.000000
0.370140	141.000000
0.370160	141.000000
0.370180	142.000000
0.370200	143.000000
0.370220	144.000000
0.370240	144.000000
0.370260	145.000000
0.370280	147.000000
0.370300	149.000000
0.370320	151.000000
0.370340	152.000000
0.370360	152.000000
0.370380	152.000000
0.370400	152.000000
0.370420	152.000000
0.370440	152.000000
0.370460	151.000000
0.370480	150.000000
0.370500	148.000000
0.370520	147.000000
0.370540	146.000000
0.370560	145.000000
0.370580	144.000000
0.370600	144.000000
0.370620	144.000000
0.370640	144.000000
0.370660	145.000000
0.370680	145.000000
0.370700	146.000000
0.370720	147.000000
0.370740	147.000000
0.370760	148.000000
0.370780	150.000000
0.370800	151.000000
0.370820	152.000000
0.370840	152.000000
0.370860	151.000000
0.370880	150.000000
0.370900	149.000000
0.370920	148.000000
0.370940	147.000000
0.370960	145.000000
0.370980	144.000000
0.371000	143.000000
0.371020	143.000000
0.371040	144.000000
0.371060	145.000000
0.371080	146.000000
0.371100	147.000000
0.371120	148.000000
0.371140	149.000000
0.371160	150.000000
0.371180	151.000000
0.371200	151.000000
0.371220	150.000000
0.371240	149.000000
0.371260	148.000000
0.371280	148.000000
0.371300	148.000000
0.371320	148.000000
0.371340	147.000000
0.371360	146.000000
0.371380	144.000000
0.371400	143.000000
0.371420	143.000000
0.371440	143.000000
0.371460	144.000000
0.371480	147.000000
0.371500	150.000000
0.371520	152.000000
0.371540	153.000000
0.371560	152.000000
0.371580	150.000000
0.371600	149.000000
0.371620	149.000000
0.371640	150.000000
0.371660	150.000000
0.371680	150.000000
0.371700	149.000000
0.371720	147.000000
0.371740	144.000000
0.371760	142.000000
0.371780	142.000000
0.371800	143.000000
0.371820	146.000000
0.371840	148.000000
0.371860	148.000000
0.371880	147.000000
0.371900	146.000000
0.371920	145.000000
0.371940	145.000000
0.371960	147.000000
0.371980	149.000000
0.372000	152.000000
0.372020	154.000000
0.372040	155.000000
0.372060	155.000000
0.372080	155.000000
0.372100	153.000000
0.372120	152.000000
0.372140	150.000000
0.372160	147.000000
0.372180	144.000000
0.372200	141.000000
0.372220	138.000000
0.372240	136.000000
0.372260	135.000000
0.372280	136.000000
0.372300	139.000000
0.372320	144.000000
0.372340	151.000000
0.372360	157.000000
0.372380	162.000000
0.372400	166.000000
0.372420	167.000000
0.372440	167.000000
0.372460	164.000000
0.372480	160.000000
0.372500	153.000000
0.372520	146.000000
0.372540	138.000000
0.372560	132.000000
0.372580	128.000000
0.372600	127.000000
0.372620	128.000000
0.372640	130.000000
0.372660	134.000000
0.372680	141.000000
0.372700	148.000000
0.372720	156.000000
0.372740	161.000000
0.372760	164.000000
0.372780	165.000000
0.372800	164.000000
0.372820	161.000000
0.372840	157.000000
0.372860	152.000000
0.372880	147.000000
0.372900	143.000000
0.372920	140.000000
0.372940	138.000000
0.372960	137.000000
0.372980	137.000000
0.373000	138.000000
0.373020	141.000000
0.373040	144.000000
0.373060	147.000000
0.373080	149.000000
0.373100	151.000000
0.373120	153.000000
0.373140	154.000000
0.373160	155.000000
0.373180	154.000000
0.373200	153.000000
0.373220	152.000000
0.373240	151.000000
0.373260	149.000000
0.373280	147.000000
0.373300	145.000000
0.373320	143.000000
0.373340	142.000000
0.373360	142.000000
0.373380	143.000000
0.373400	143.000000
0.373420	144.000000
0.373440	145.000000
0.373460	146.000000
0.373480	146.000000
0.373500	146.000000
0.373520	147.000000
0.373540	149.000000
0.373560	150.000000
0.373580	151.000000
0.373600	151.000000
0.373620	151.000000
0.373640	151.000000
0.373660	150.000000
0.373680	149.000000
0.373700	148.000000
0.373720	147.000000
0.373740	146.000000
0.373760	146.000000
0.373780	146.000000
0.373800	145.000000
0.373820	145.000000
0.373840	145.000000
0.373860	146.000000
0.373880	147.000000
0.373900	147.000000
0.373920	149.000000
0.373940	150.000000
0.373960	151.000000
0.373980	151.000000
0.374000	152.000000
0.374020	152.000000
0.374040	152.000000
0.374060	151.000000
0.374080	150.000000
0.374100	148.000000
0.374120	146.000000
0.374140	145.000000
0.374160	144.000000
0.374180	143.000000
0.374200	143.000000
0.374220	144.000000
0.374240	145.000000
0.374260	147.000000
0.374280	148.000000
0.374300	149.000000
0.374320	150.000000
0.374340	151.000000
0.374360	152.000000
0.374380	152.000000
0.374400	151.000000
0.374420	150.000000
0.374440	149.000000
0.374460	147.000000
0.374480	147.000000
0.374500	146.000000
0.374520	146.000000
0.374540	145.000000
0.374560	144.000000
0.374580	143.000000
0.374600	143.000000
0.374620	143.000000
0.374640	144.000000
0.374660	146.000000
0.374680	148.000000
0.374700	150.000000
0.374720	151.000000
0.374740	151.000000
0.374760	150.000000
0.374780	150.000000
0.374800	149.000000
0.374820	149.000000
0.374840	149.000000
0.374860	149.000000
0.374880	148.000000
0.374900	147.000000
0.374920	145.000000
0.374940	143.000000
0.374960	143.000000
0.374980	144.000000
0.375000	145.000000
0.375020	147.000000
0.375040	149.000000
0.375060	149.000000
0.375080	147.000000
0.375100	145.000000
0.375120	144.000000
0.375140	144.000000
0.375160	146.000000
0.375180	149.000000
0.375200	151.000000
0.375220	153.000000
0.375240	154.000000
0.375260	153.000000
0.375280	153.000000
0.375300	151.000000
0.375320	150.000000
0.375340	147.000000
0.375360	145.000000
0.375380	142.000000
0.375400	139.000000
0.375420	136.000000
0.375440	134.000000
0.375460	134.000000
0.375480	136.000000
0.375500	140.000000
0.375520	146.000000
0.375540	152.000000
0.375560	157.000000
0.375580	161.000000
0.375600	164.000000
0.375620	165.000000
0.375640	164.000000
0.375660	161.000000
0.375680	156.000000
0.375700	150.000000
0.375720	145.000000
0.375740	140.000000
0.375760	136.000000
0.375780	132.000000
0.375800	131.000000
0.375820	132.000000
0.375840	135.000000
0.375860	140.000000
0.375880	145.000000
0.375900	151.000000
0.375920	156.000000
0.375940	160.000000
0.375960	163.000000
0.375980	164.000000
0.376000	162.000000
0.376020	158.000000
0.376040	153.000000
0.376060	148.000000
0.376080	145.000000
0.376100	142.000000
0.376120	139.000000
0.376140	137.000000
0.376160	137.000000
0.376180	138.000000
0.376200	141.000000
0.376220	143.000000
0.376240	146.000000
0.376260	148.000000
0.376280	151.000000
0.376300	153.000000
0.376320	154.000000
0.376340	154.000000
0.376360	153.000000
0.376380	152.000000
0.376400	151.000000
0.376420	151.000000
0.376440	150.000000
0.376460	148.000000
0.376480	146.000000
0.376500	145.000000
0.376520	145.000000
0.376540	144.000000
0.376560	143.000000
0.376580	143.000000
0.376600	143.000000
0.376620	144.000000
0.376640	146.000000
0.376660	148.000000
0.376680	149.000000
0.376700	150.000000
0.376720	151.000000
0.376740	151.000000
0.376760	151.000000
0.376780	151.000000
0.376800	151.000000
0.376820	151.000000
0.376840	151.000000
0.376860	150.000000
0.376880	148.000000
0.376900	146.000000
0.376920	144.000000
0.376940	143.000000
0.376960	143.000000
0.376980	143.000000
0.377000	143.000000
0.377020	143.000000
0.377040	144.000000
0.377060	145.000000
0.377080	146.000000
0.377100	148.000000
0.377120	149.000000
0.377140	150.000000
0.377160	151.000000
0.377180	152.000000
0.377200	152.000000
0.377220	151.000000
0.377240	150.000000
0.377260	149.000000
0.377280	148.000000
0.377300	146.000000
0.377320	144.000000
0.377340	143.000000
0.377360	143.000000
0.377380	143.000000
0.377400	144.000000
0.377420	145.000000
0.377440	146.000000
0.377460	148.000000
0.377480	149.000000
0.377500	150.000000
0.377520	151.000000
0.377540	151.000000
0.377560	151.000000
0.377580	152.000000
0.377600	152.000000
0.377620	150.000000
0.377640	148.000000
0.377660	146.000000
0.377680	146.000000
0.377700	146.000000
0.377720	147.000000
0.377740	146.000000
0.377760	145.000000
0.377780	144.000000
0.377800	144.000000
0.377820	145.000000
0.377840	146.000000
0.377860	148.000000
0.377880	149.000000
0.377900	151.000000
0.377920	152.000000
0.377940	152.000000
0.377960	151.000000
0.377980	150.000000
0.378000	149.000000
0.378020	148.000000
0.378040	149.000000
0.378060	148.000000
0.378080	147.000000
0.378100	146.000000
0.378120	146.000000
0.378140	145.000000
0.378160	145.000000
0.378180	145.000000
0.378200	146.000000
0.378220	147.000000
0.378240	148.000000
0.378260	148.000000
0.378280	148.000000
0.378300	147.000000
0.378320	146.000000
0.378340	147.000000
0.378360	148.000000
0.378380	150.000000
0.378400	152.000000
0.378420	153.000000
0.378440	153.000000
0.378460	152.000000
0.378480	151.000000
0.378500	149.000000
0.378520	147.000000
0.378540	144.000000
0.378560	142.000000
0.378580	140.000000
0.378600	139.000000
0.378620	138.000000
0.378640	138.000000
0.378660	138.000000
0.378680	140.000000
0.378700	143.000000
0.378720	148.000000
0.378740	152.000000
0.378760	156.000000
0.378780	159.000000
0.378800	161.000000
0.378820	162.000000
0.378840	160.000000
0.378860	157.000000
0.378880	153.000000
0.378900	149.000000
0.378920	144.000000
0.378940	139.000000
0.378960	136.000000
0.378980	134.000000
0.379000	135.000000
0.379020	137.000000
0.379040	139.000000
0.379060	143.000000
0.379080	147.000000
0.379100	152.000000
0.379120	156.000000
0.379140	159.000000
0.379160	159.000000
0.379180	158.000000
0.379200	157.000000
0.379220	155.000000
0.379240	153.000000
0.379260	149.000000
0.379280	145.000000
0.379300	142.000000
0.379320	141.000000
0.379340	141.000000
0.379360	141.000000
0.379380	141.000000
0.379400	143.000000
0.379420	146.000000
0.379440	147.000000
0.379460	148.000000
0.379480	149.000000
0.379500	150.000000
0.379520	151.000000
0.379540	152.000000
0.379560	152.000000
0.379580	150.000000
0.379600	150.000000
0.379620	150.000000
0.379640	150.000000
0.379660	148.000000
0.379680	146.000000
0.379700	144.000000
0.379720	144.000000
0.379740	145.000000
0.379760	145.000000
0.379780	144.000000
0.379800	144.000000
0.379820	144.000000
0.379840	146.000000
0.379860	147.000000
0.379880	147.000000
0.379900	148.000000
0.379920	149.000000
0.379940	150.000000
0.379960	151.000000
0.379980	151.000000
0.380000	151.000000
0.380020	151.000000
0.380040	151.000000
0.380060	150.000000
0.380080	149.000000
0.380100	147.000000
0.380120	145.000000
0.380140	144.000000
0.380160	143.000000
0.380180	143.000000
0.380200	144.000000
0.380220	145.000000
0.380240	146.000000
0.380260	147.000000
0.380280	148.000000
0.380300	149.000000
0.380320	151.000000
0.380340	152.000000
0.380360	152.000000
0.380380	152.000000
0.380400	152.000000
0.380420	152.000000
0.380440	151.000000
0.380460	149.000000
0.380480	147.000000
0.380500	145.000000
0.380520	144.000000
0.380540	144.000000
0.380560	143.000000
0.380580	142.000000
0.380600	142.000000
0.380620	143.000000
0.380640	146.000000
0.380660	148.000000
0.380680	150.000000
0.380700	151.000000
0.380720	152.000000
0.380740	152.000000
0.380760	151.000000
0.380780	150.000000
0.380800	149.000000
0.380820	148.000000
0.380840	147.000000
0.380860	146.000000
0.380880	145.000000
0.380900	144.000000
0.380920	144.000000
0.380940	144.000000
0.380960	143.000000
0.380980	143.000000
0.381000	145.000000
0.381020	147.000000
0.381040	149.000000
0.381060	150.000000
0.381080	150.000000
0.381100	151.000000
0.381120	153.000000
0.381140	153.000000
0.381160	151.000000
0.381180	148.000000
0.381200	147.000000
0.381220	147.000000
0.381240	148.000000
0.381260	148.000000
0.381280	146.000000
0.381300	145.000000
0.381320	146.000000
0.381340	147.000000
0.381360	147.000000
0.381380	146.000000
0.381400	147.000000
0.381420	151.000000
0.381440	154.000000
0.381460	150.000000
0.381480	136.000000
