0.275000	102.000000
0.275020	58.000000
0.275040	119.000000
0.275060	164.000000
0.275080	168.000000
0.275100	147.000000
0.275120	132.000000
0.275140	139.000000
0.275160	154.000000
0.275180	157.000000
0.275200	147.000000
0.275220	139.000000
0.275240	142.000000
0.275260	151.000000
0.275280	153.000000
0.275300	147.000000
0.275320	141.000000
0.275340	144.000000
0.275360	150.000000
0.275380	152.000000
0.275400	147.000000
0.275420	143.000000
0.275440	144.000000
0.275460	149.000000
0.275480	151.000000
0.275500	147.000000
0.275520	144.000000
0.275540	145.000000
0.275560	149.000000
0.275580	150.000000
0.275600	147.000000
0.275620	144.000000
0.275640	145.000000
0.275660	149.000000
0.275680	150.000000
0.275700	147.000000
0.275720	145.000000
0.275740	145.000000
0.275760	148.000000
0.275780	149.000000
0.275800	147.000000
0.275820	145.000000
0.275840	146.000000
0.275860	148.000000
0.275880	149.000000
0.275900	147.000000
0.275920	145.000000
0.275940	146.000000
0.275960	148.000000
0.275980	149.000000
0.276000	147.000000
0.276020	145.000000
0.276040	146.000000
0.276060	148.000000
0.276080	149.000000
0.276100	147.000000
0.276120	145.000000
0.276140	146.000000
0.276160	148.000000
0.276180	149.000000
0.276200	147.000000
0.276220	146.000000
0.276240	146.000000
0.276260	147.000000
0.276280	148.000000
0.276300	147.000000
0.276320	145.000000
0.276340	146.000000
0.276360	148.000000
0.276380	149.000000
0.276400	148.000000
0.276420	146.000000
0.276440	146.000000
0.276460	148.000000
0.276480	148.000000
0.276500	147.000000
0.276520	146.000000
0.276540	146.000000
0.276560	147.000000
0.276580	148.000000
0.276600	147.000000
0.276620	146.000000
0.276640	146.000000
0.276660	148.000000
0.276680	148.000000
0.276700	147.000000
0.276720	146.000000
0.276740	146.000000
0.276760	148.000000
0.276780	148.000000
0.276800	147.000000
0.276820	146.000000
0.276840	146.000000
0.276860	148.000000
0.276880	148.000000
0.276900	147.000000
0.276920	146.000000
0.276940	146.000000
0.276960	147.000000
0.276980	148.000000
0.277000	147.000000
0.277020	146.000000
0.277040	146.000000
0.277060	147.000000
0.277080	148.000000
0.277100	147.000000
0.277120	146.000000
0.277140	146.000000
0.277160	147.000000
0.277180	148.000000
0.277200	147.000000
0.277220	146.000000
0.277240	147.000000
0.277260	148.000000
0.277280	148.000000
0.277300	147.000000
0.277320	146.000000
0.277340	146.000000
0.277360	148.000000
0.277380	149.000000
0.277400	148.000000
0.277420	146.000000
0.277440	146.000000
0.277460	147.000000
0.277480	148.000000
0.277500	148.000000
0.277520	147.000000
0.277540	146.000000
0.277560	147.000000
0.277580	148.000000
0.277600	147.000000
0.277620	147.000000
0.277640	147.000000
0.277660	147.000000
0.277680	147.000000
0.277700	147.000000
0.277720	146.000000
0.277740	147.000000
0.277760	147.000000
0.277780	147.000000
0.277800	147.000000
0.277820	146.000000
0.277840	146.000000
0.277860	147.000000
0.277880	147.000000
0.277900	147.000000
0.277920	147.000000
0.277940	147.000000
0.277960	148.000000
0.277980	148.000000
0.278000	147.000000
0.278020	146.000000
0.278040	147.000000
0.278060	147.000000
0.278080	147.000000
0.278100	146.000000
0.278120	146.000000
0.278140	146.000000
0.278160	147.000000
0.278180	148.000000
0.278200	147.000000
0.278220	146.000000
0.278240	146.000000
0.278260	147.000000
0.278280	148.000000
0.278300	147.000000
0.278320	146.000000
0.278340	147.000000
0.278360	147.000000
0.278380	148.000000
0.278400	147.000000
0.278420	146.000000
0.278440	146.000000
0.278460	147.000000
0.278480	148.000000
0.278500	147.000000
0.278520	146.000000
0.278540	146.000000
0.278560	147.000000
0.278580	148.000000
0.278600	148.000000
0.278620	148.000000
0.278640	147.000000
0.278660	147.000000
0.278680	147.000000
0.278700	147.000000
0.278720	146.000000
0.278740	147.000000
0.278760	147.000000
0.278780	147.000000
0.278800	147.000000
0.278820	146.000000
0.278840	147.000000
0.278860	147.000000
0.278880	147.000000
0.278900	147.000000
0.278920	146.000000
0.278940	147.000000
0.278960	148.000000
0.278980	148.000000
0.279000	147.000000
0.279020	147.000000
0.279040	147.000000
0.279060	147.000000
0.279080	147.000000
0.279100	147.000000
0.279120	147.000000
0.279140	146.000000
0.279160	147.000000
0.279180	147.000000
0.279200	147.000000
0.279220	146.000000
0.279240	147.000000
0.279260	147.000000
0.279280	148.000000
0.279300	147.000000
0.279320	147.000000
0.279340	147.000000
0.279360	147.000000
0.279380	148.000000
0.279400	148.000000
0.279420	147.000000
0.279440	146.000000
0.279460	146.000000
0.279480	146.000000
0.279500	144.000000
0.279520	143.000000
0.279540	141.000000
0.279560	141.000000
0.279580	142.000000
0.279600	145.000000
0.279620	150.000000
0.279640	157.000000
0.279660	164.000000
0.279680	168.000000
0.279700	168.000000
0.279720	163.000000
0.279740	155.000000
0.279760	147.000000
0.279780	140.000000
0.279800	137.000000
0.279820	135.000000
0.279840	134.000000
0.279860	131.000000
0.279880	125.000000
0.279900	118.000000
0.279920	116.000000
0.279940	121.000000
0.279960	134.000000
0.279980	152.000000
0.280000	169.000000
0.280020	180.000000
0.280040	183.000000
0.280060	179.000000
0.280080	171.000000
0.280100	164.000000
0.280120	161.000000
0.280140	161.000000
0.280160	161.000000
0.280180	158.000000
0.280200	149.000000
0.280220	134.000000
0.280240	117.000000
0.280260	102.000000
0.280280	93.000000
0.280300	92.000000
0.280320	99.000000
0.280340	111.000000
0.280360	126.000000
0.280380	142.000000
0.280400	159.000000
0.280420	176.000000
0.280440	193.000000
0.280460	209.000000
0.280480	221.000000
0.280500	225.000000
0.280520	220.000000
0.280540	205.000000
0.280560	181.000000
0.280580	150.000000
0.280600	116.000000
0.280620	85.000000
0.280640	61.000000
0.280660	47.000000
0.280680	43.000000
0.280700	50.000000
0.280720	69.000000
0.280740	96.000000
0.280760	130.000000
0.280780	165.000000
0.280800	196.000000
0.280820	219.000000
0.280840	232.000000
0.280860	236.000000
0.280880	229.000000
0.280900	214.000000
0.280920	191.000000
0.280940	163.000000
0.280960	134.000000
0.280980	107.000000
0.281000	86.000000
0.281020	73.000000
0.281040	70.000000
0.281060	77.000000
0.281080	91.000000
0.281100	111.000000
0.281120	134.000000
0.281140	156.000000
0.281160	176.000000
0.281180	190.000000
0.281200	198.000000
0.281220	199.000000
0.281240	194.000000
0.281260	185.000000
0.281280	171.000000
0.281300	156.000000
0.281320	140.000000
0.281340	127.000000
0.281360	117.000000
0.281380	112.000000
0.281400	111.000000
0.281420	115.000000
0.281440	122.000000
0.281460	132.000000
0.281480	142.000000
0.281500	151.000000
0.281520	159.000000
0.281540	165.000000
0.281560	168.000000
0.281580	169.000000
0.281600	167.000000
0.281620	162.000000
0.281640	156.000000
0.281660	150.000000
0.281680	145.000000
0.281700	141.000000
0.281720	137.000000
0.281740	135.000000
0.281760	135.000000
0.281780	136.000000
0.281800	139.000000
0.281820	142.000000
0.281840	145.000000
0.281860	149.000000
0.281880	151.000000
0.281900	153.000000
0.281920	153.000000
0.281940	154.000000
0.281960	153.000000
0.281980	152.000000
0.282000	150.000000
0.282020	148.000000
0.282040	146.000000
0.282060	145.000000
0.282080	144.000000
0.282100	144.000000
0.282120	144.000000
0.282140	144.000000
0.282160	145.000000
0.282180	146.000000
0.282200	147.000000
0.282220	148.000000
0.282240	148.000000
0.282260	149.000000
0.282280	149.000000
0.282300	149.000000
0.282320	149.000000
0.282340	149.000000
0.282360	149.000000
0.282380	148.000000
0.282400	148.000000
0.282420	147.000000
0.282440	147.000000
0.282460	147.000000
0.282480	147.000000
0.282500	147.000000
0.282520	147.000000
0.282540	147.000000
0.282560	147.000000
0.282580	146.000000
0.282600	146.000000
0.282620	146.000000
0.282640	147.000000
0.282660	148.000000
0.282680	148.000000
0.282700	149.000000
0.282720	149.000000
0.282740	149.000000
0.282760	149.000000
0.282780	149.000000
0.282800	147.000000
0.282820	145.000000
0.282840	143.000000
0.282860	142.000000
0.282880	141.000000
0.282900	142.000000
0.282920	144.000000
0.282940	146.000000
0.282960	148.000000
0.282980	149.000000
0.283000	150.000000
0.283020	150.000000
0.283040	151.000000
0.283060	152.000000
0.283080	154.000000
0.283100	155.000000
0.283120	155.000000
0.283140	153.000000
0.283160	149.000000
0.283180	144.000000
0.283200	140.000000
0.283220	137.000000
0.283240	138.000000
0.283260	140.000000
0.283280	142.000000
0.283300	143.000000
0.283320	143.000000
0.283340	143.000000
0.283360	143.000000
0.283380	144.000000
0.283400	147.000000
0.283420	151.000000
0.283440	156.000000
0.283460	160.000000
0.283480	162.000000
0.283500	162.000000
0.283520	159.000000
0.283540	156.000000
0.283560	152.000000
0.283580	147.000000
0.283600	142.000000
0.283620	137.000000
0.283640	132.000000
0.283660	128.000000
0.283680	125.000000
0.283700	125.000000
0.283720	127.000000
0.283740	133.000000
0.283760	141.000000
0.283780	150.000000
0.283800	159.000000
0.283820	167.000000
0.283840	172.000000
0.283860	175.000000
0.283880	174.000000
0.283900	171.000000
0.283920	164.000000
0.283940	156.000000
0.283960	146.000000
0.283980	137.000000
0.284000	129.000000
0.284020	124.000000
0.284040	121.000000
0.284060	122.000000
0.284080	126.000000
0.284100	132.000000
0.284120	140.000000
0.284140	148.000000
0.284160	155.000000
0.284180	161.000000
0.284200	166.000000
0.284220	168.000000
0.284240	167.000000
0.284260	164.000000
0.284280	159.000000
0.284300	153.000000
0.284320	146.000000
0.284340	141.000000
0.284360	137.000000
0.284380	134.000000
0.284400	133.000000
0.284420	133.000000
0.284440	135.000000
0.284460	139.000000
0.284480	143.000000
0.284500	148.000000
0.284520	151.000000
0.284540	154.000000
0.284560	156.000000
0.284580	156.000000
0.284600	156.000000
0.284620	154.000000
0.284640	152.000000
0.284660	150.000000
0.284680	147.000000
0.284700	144.000000
0.284720	143.000000
0.284740	142.000000
0.284760	142.000000
0.284780	143.000000
0.284800	144.000000
0.284820	145.000000
0.284840	146.000000
0.284860	148.000000
0.284880	149.000000
0.284900	150.000000
0.284920	150.000000
0.284940	150.000000
0.284960	150.000000
0.284980	150.000000
0.285000	149.000000
0.285020	148.000000
0.285040	147.000000
0.285060	147.000000
0.285080	146.000000
0.285100	146.000000
0.285120	145.000000
0.285140	145.000000
0.285160	145.000000
0.285180	145.000000
0.285200	146.000000
0.285220	146.000000
0.285240	147.000000
0.285260	148.000000
0.285280	148.000000
0.285300	148.000000
0.285320	148.000000
0.285340	148.000000
0.285360	148.000000
0.285380	147.000000
0.285400	147.000000
0.285420	147.000000
0.285440	147.000000
0.285460	147.000000
0.285480	147.000000
0.285500	146.000000
0.285520	146.000000
0.285540	146.000000
0.285560	146.000000
0.285580	147.000000
0.285600	147.000000
0.285620	147.000000
0.285640	147.000000
0.285660	147.000000
0.285680	147.000000
0.285700	147.000000
0.285720	148.000000
0.285740	148.000000
0.285760	148.000000
0.285780	148.000000
0.285800	147.000000
0.285820	147.000000
0.285840	147.000000
0.285860	147.000000
0.285880	148.000000
0.285900	148.000000
0.285920	147.000000
0.285940	147.000000
0.285960	147.000000
0.285980	146.000000
0.286000	146.000000
0.286020	145.000000
0.286040	144.000000
0.286060	144.000000
0.286080	144.000000
0.286100	145.000000
0.286120	146.000000
0.286140	148.000000
0.286160	149.000000
0.286180	150.000000
0.286200	150.000000
0.286220	149.000000
0.286240	150.000000
0.286260	150.000000
0.286280	151.000000
0.286300	151.000000
0.286320	150.000000
0.286340	148.000000
0.286360	146.000000
0.286380	143.000000
0.286400	142.000000
0.286420	141.000000
0.286440	142.000000
0.286460	144.000000
0.286480	145.000000
0.286500	146.000000
0.286520	146.000000
0.286540	145.000000
0.286560	146.000000
0.286580	147.000000
0.286600	149.000000
0.286620	151.000000
0.286640	154.000000
0.286660	156.000000
0.286680	156.000000
0.286700	155.000000
0.286720	153.000000
0.286740	150.000000
0.286760	148.000000
0.286780	145.000000
0.286800	143.000000
0.286820	140.000000
0.286840	138.000000
0.286860	136.000000
0.286880	135.000000
0.286900	135.000000
0.286920	137.000000
0.286940	141.000000
0.286960	146.000000
0.286980	151.000000
0.287000	156.000000
0.287020	160.000000
0.287040	162.000000
0.287060	163.000000
0.287080	162.000000
0.287100	159.000000
0.287120	154.000000
0.287140	149.000000
0.287160	143.000000
0.287180	139.000000
0.287200	135.000000
0.287220	133.000000
0.287240	132.000000
0.287260	133.000000
0.287280	136.000000
0.287300	140.000000
0.287320	145.000000
0.287340	150.000000
0.287360	154.000000
0.287380	157.000000
0.287400	158.000000
0.287420	158.000000
0.287440	157.000000
0.287460	155.000000
0.287480	152.000000
0.287500	148.000000
0.287520	145.000000
0.287540	142.000000
0.287560	140.000000
0.287580	139.000000
0.287600	139.000000
0.287620	140.000000
0.287640	141.000000
0.287660	143.000000
0.287680	146.000000
0.287700	148.000000
0.287720	150.000000
0.287740	152.000000
0.287760	153.000000
0.287780	153.000000
0.287800	152.000000
0.287820	150.000000
0.287840	149.000000
0.287860	147.000000
0.287880	146.000000
0.287900	145.000000
0.287920	144.000000
0.287940	143.000000
0.287960	143.000000
0.287980	144.000000
0.288000	145.000000
0.288020	146.000000
0.288040	147.000000
0.288060	147.000000
0.288080	148.000000
0.288100	149.000000
0.288120	149.000000
0.288140	149.000000
0.288160	149.000000
0.288180	148.000000
0.288200	148.000000
0.288220	147.000000
0.288240	147.000000
0.288260	146.000000
0.288280	146.000000
0.288300	146.000000
0.288320	146.000000
0.288340	146.000000
0.288360	147.000000
0.288380	147.000000
0.288400	147.000000
0.288420	147.000000
0.288440	148.000000
0.288460	148.000000
0.288480	148.000000
0.288500	148.000000
0.288520	148.000000
0.288540	148.000000
0.288560	148.000000
0.288580	148.000000
0.288600	148.000000
0.288620	148.000000
0.288640	147.000000
0.288660	147.000000
0.288680	146.000000
0.288700	146.000000
0.288720	146.000000
0.288740	147.000000
0.288760	147.000000
0.288780	146.000000
0.288800	146.000000
0.288820	146.000000
0.288840	147.000000
0.288860	148.000000
0.288880	148.000000
0.288900	149.000000
0.288920	148.000000
0.288940	148.000000
0.288960	148.000000
0.288980	147.000000
0.289000	147.000000
0.289020	147.000000
0.289040	147.000000
0.289060	147.000000
0.289080	148.000000
0.289100	148.000000
0.289120	148.000000
0.289140	148.000000
0.289160	148.000000
0.289180	147.000000
0.289200	146.000000
0.289220	146.000000
0.289240	146.000000
0.289260	146.000000
0.289280	146.000000
0.289300	147.000000
0.289320	147.000000
0.289340	148.000000
0.289360	148.000000
0.289380	149.000000
0.289400	148.000000
0.289420	148.000000
0.289440	148.000000
0.289460	149.000000
0.289480	150.000000
0.289500	150.000000
0.289520	149.000000
0.289540	148.000000
0.289560	146.000000
0.289580	145.000000
0.289600	144.000000
0.289620	144.000000
0.289640	145.000000
0.289660	145.000000
0.289680	146.000000
0.289700	146.000000
0.289720	145.000000
0.289740	145.000000
0.289760	145.000000
0.289780	146.000000
0.289800	148.000000
0.289820	150.000000
0.289840	151.000000
0.289860	152.000000
0.289880	152.000000
0.289900	151.000000
0.289920	150.000000
0.289940	149.000000
0.289960	147.000000
0.289980	146.000000
0.290000	144.000000
0.290020	143.000000
0.290040	141.000000
0.290060	140.000000
0.290080	140.000000
0.290100	140.000000
0.290120	141.000000
0.290140	144.000000
0.290160	147.000000
0.290180	151.000000
0.290200	154.000000
0.290220	156.000000
0.290240	157.000000
0.290260	157.000000
0.290280	156.000000
0.290300	154.000000
0.290320	151.000000
0.290340	148.000000
0.290360	144.000000
0.290380	141.000000
0.290400	139.000000
0.290420	137.000000
0.290440	137.000000
0.290460	138.000000
0.290480	141.000000
0.290500	144.000000
0.290520	147.000000
0.290540	150.000000
0.290560	152.000000
0.290580	154.000000
0.290600	154.000000
0.290620	154.000000
0.290640	153.000000
0.290660	151.000000
0.290680	149.000000
0.290700	147.000000
0.290720	145.000000
0.290740	143.000000
0.290760	142.000000
0.290780	142.000000
0.290800	142.000000
0.290820	143.000000
0.290840	144.000000
0.290860	145.000000
0.290880	147.000000
0.290900	149.000000
0.290920	150.000000
0.290940	150.000000
0.290960	150.000000
0.290980	150.000000
0.291000	150.000000
0.291020	149.000000
0.291040	148.000000
0.291060	147.000000
0.291080	146.000000
0.291100	145.000000
0.291120	144.000000
0.291140	144.000000
0.291160	144.000000
0.291180	145.000000
0.291200	146.000000
0.291220	147.000000
0.291240	148.000000
0.291260	149.000000
0.291280	149.000000
0.291300	149.000000
0.291320	148.000000
0.291340	148.000000
0.291360	148.000000
0.291380	148.000000
0.291400	148.000000
0.291420	148.000000
0.291440	147.000000
0.291460	147.000000
0.291480	147.000000
0.291500	146.000000
0.291520	146.000000
0.291540	146.000000
0.291560	146.000000
0.291580	146.000000
0.291600	146.000000
0.291620	147.000000
0.291640	147.000000
0.291660	148.000000
0.291680	148.000000
0.291700	148.000000
0.291720	148.000000
0.291740	148.000000
0.291760	148.000000
0.291780	148.000000
0.291800	148.000000
0.291820	148.000000
0.291840	148.000000
0.291860	147.000000
0.291880	147.000000
0.291900	147.000000
0.291920	146.000000
0.291940	146.000000
0.291960	146.000000
0.291980	146.000000
0.292000	146.000000
0.292020	146.000000
0.292040	147.000000
0.292060	147.000000
0.292080	148.000000
0.292100	148.000000
0.292120	148.000000
0.292140	148.000000
0.292160	148.000000
0.292180	148.000000
0.292200	148.000000
0.292220	147.000000
0.292240	147.000000
0.292260	146.000000
0.292280	146.000000
0.292300	146.000000
0.292320	147.000000
0.292340	147.000000
0.292360	146.000000
0.292380	146.000000
0.292400	146.000000
0.292420	147.000000
0.292440	147.000000
0.292460	147.000000
0.292480	147.000000
0.292500	147.000000
0.292520	148.000000
0.292540	148.000000
0.292560	148.000000
0.292580	148.000000
0.292600	148.000000
0.292620	147.000000
0.292640	148.000000
0.292660	148.000000
0.292680	149.000000
0.292700	148.000000
0.292720	148.000000
0.292740	147.000000
0.292760	146.000000
0.292780	145.000000
0.292800	145.000000
0.292820	145.000000
0.292840	146.000000
0.292860	146.000000
0.292880	147.000000
0.292900	147.000000
0.292920	147.000000
0.292940	146.000000
0.292960	146.000000
0.292980	147.000000
0.293000	148.000000
0.293020	149.000000
0.293040	150.000000
0.293060	150.000000
0.293080	150.000000
0.293100	150.000000
0.293120	149.000000
0.293140	148.000000
0.293160	147.000000
0.293180	146.000000
0.293200	145.000000
0.293220	144.000000
0.293240	143.000000
0.293260	142.000000
0.293280	142.000000
0.293300	143.000000
0.293320	144.000000
0.293340	146.000000
0.293360	148.000000
0.293380	150.000000
0.293400	152.000000
0.293420	153.000000
0.293440	154.000000
0.293460	153.000000
0.293480	152.000000
0.293500	151.000000
0.293520	149.000000
0.293540	147.000000
0.293560	145.000000
0.293580	143.000000
0.293600	142.000000
0.293620	141.000000
0.293640	142.000000
0.293660	142.000000
0.293680	144.000000
0.293700	145.000000
0.293720	147.000000
0.293740	149.000000
0.293760	150.000000
0.293780	151.000000
0.293800	151.000000
0.293820	151.000000
0.293840	150.000000
0.293860	149.000000
0.293880	148.000000
0.293900	147.000000
0.293920	146.000000
0.293940	145.000000
0.293960	145.000000
0.293980	145.000000
0.294000	144.000000
0.294020	145.000000
0.294040	145.000000
0.294060	146.000000
0.294080	147.000000
0.294100	148.000000
0.294120	148.000000
0.294140	149.000000
0.294160	149.000000
0.294180	148.000000
0.294200	148.000000
0.294220	148.000000
0.294240	148.000000
0.294260	147.000000
0.294280	146.000000
0.294300	146.000000
0.294320	145.000000
0.294340	146.000000
0.294360	146.000000
0.294380	146.000000
0.294400	146.000000
0.294420	147.000000
0.294440	147.000000
0.294460	148.000000
0.294480	148.000000
0.294500	148.000000
0.294520	148.000000
0.294540	148.000000
0.294560	148.000000
0.294580	148.000000
0.294600	147.000000
0.294620	147.000000
0.294640	147.000000
0.294660	147.000000
0.294680	146.000000
0.294700	146.000000
0.294720	146.000000
0.294740	146.000000
0.294760	146.000000
0.294780	146.000000
0.294800	147.000000
0.294820	147.000000
0.294840	147.000000
0.294860	147.000000
0.294880	148.000000
0.294900	148.000000
0.294920	147.000000
0.294940	148.000000
0.294960	148.000000
0.294980	148.000000
0.295000	148.000000
0.295020	148.000000
0.295040	148.000000
0.295060	147.000000
0.295080	147.000000
0.295100	147.000000
0.295120	147.000000
0.295140	147.000000
0.295160	146.000000
0.295180	146.000000
0.295200	146.000000
0.295220	146.000000
0.295240	147.000000
0.295260	147.000000
0.295280	147.000000
0.295300	148.000000
0.295320	148.000000
0.295340	148.000000
0.295360	148.000000
0.295380	148.000000
0.295400	148.000000
0.295420	148.000000
0.295440	148.000000
0.295460	148.000000
0.295480	147.000000
0.295500	147.000000
0.295520	147.000000
0.295540	147.000000
0.295560	147.000000
0.295580	147.000000
0.295600	146.000000
0.295620	146.000000
0.295640	146.000000
0.295660	146.000000
0.295680	146.000000
0.295700	147.000000
0.295720	147.000000
0.295740	148.000000
0.295760	148.000000
0.295780	148.000000
0.295800	147.000000
0.295820	147.000000
0.295840	148.000000
0.295860	148.000000
0.295880	148.000000
0.295900	148.000000
0.295920	148.000000
0.295940	148.000000
0.295960	147.000000
0.295980	147.000000
0.296000	146.000000
0.296020	146.000000
0.296040	147.000000
0.296060	147.000000
0.296080	147.000000
0.296100	146.000000
0.296120	146.000000
0.296140	146.000000
0.296160	147.000000
0.296180	148.000000
0.296200	148.000000
0.296220	149.000000
0.296240	149.000000
0.296260	150.000000
0.296280	149.000000
0.296300	149.000000
0.296320	148.000000
0.296340	148.000000
0.296360	148.000000
0.296380	147.000000
0.296400	146.000000
0.296420	145.000000
0.296440	145.000000
0.296460	144.000000
0.296480	144.000000
0.296500	145.000000
0.296520	145.000000
0.296540	147.000000
0.296560	148.000000
0.296580	149.000000
0.296600	150.000000
0.296620	150.000000
0.296640	150.000000
0.296660	150.000000
0.296680	150.000000
0.296700	149.000000
0.296720	148.000000
0.296740	147.000000
0.296760	146.000000
0.296780	145.000000
0.296800	144.000000
0.296820	144.000000
0.296840	144.000000
0.296860	145.000000
0.296880	146.000000
0.296900	147.000000
0.296920	148.000000
0.296940	148.000000
0.296960	149.000000
0.296980	149.000000
0.297000	149.000000
0.297020	149.000000
0.297040	149.000000
0.297060	148.000000
0.297080	148.000000
0.297100	147.000000
0.297120	146.000000
0.297140	145.000000
0.297160	145.000000
0.297180	145.000000
0.297200	145.000000
0.297220	145.000000
0.297240	146.000000
0.297260	147.000000
0.297280	148.000000
0.297300	148.000000
0.297320	148.000000
0.297340	148.000000
0.297360	148.000000
0.297380	148.000000
0.297400	148.000000
0.297420	148.000000
0.297440	147.000000
0.297460	147.000000
0.297480	146.000000
0.297500	146.000000
0.297520	146.000000
0.297540	147.000000
0.297560	147.000000
0.297580	147.000000
0.297600	147.000000
0.297620	147.000000
0.297640	147.000000
0.297660	147.000000
0.297680	147.000000
0.297700	147.000000
0.297720	148.000000
0.297740	148.000000
0.297760	148.000000
0.297780	148.000000
0.297800	148.000000
0.297820	148.000000
0.297840	147.000000
0.297860	147.000000
0.297880	146.000000
0.297900	146.000000
0.297920	147.000000
0.297940	147.000000
0.297960	147.000000
0.297980	147.000000
0.298000	147.000000
0.298020	147.000000
0.298040	147.000000
0.298060	147.000000
0.298080	148.000000
0.298100	148.000000
0.298120	148.000000
0.298140	148.000000
0.298160	148.000000
0.298180	148.000000
0.298200	148.000000
0.298220	148.000000
0.298240	148.000000
0.298260	148.000000
0.298280	148.000000
0.298300	147.000000
0.298320	147.000000
0.298340	146.000000
0.298360	146.000000
0.298380	146.000000
0.298400	146.000000
0.298420	146.000000
0.298440	147.000000
0.298460	147.000000
0.298480	147.000000
0.298500	148.000000
0.298520	148.000000
0.298540	148.000000
0.298560	148.000000
0.298580	148.000000
0.298600	148.000000
0.298620	147.000000
0.298640	147.000000
0.298660	147.000000
0.298680	147.000000
0.298700	147.000000
0.298720	147.000000
0.298740	147.000000
0.298760	147.000000
0.298780	147.000000
0.298800	147.000000
0.298820	147.000000
0.298840	147.000000
0.298860	147.000000
0.298880	147.000000
0.298900	148.000000
0.298920	148.000000
0.298940	148.000000
0.298960	147.000000
0.298980	147.000000
0.299000	146.000000
0.299020	147.000000
0.299040	147.000000
0.299060	148.000000
0.299080	148.000000
0.299100	148.000000
0.299120	147.000000
0.299140	147.000000
0.299160	147.000000
0.299180	147.000000
0.299200	147.000000
0.299220	147.000000
0.299240	147.000000
0.299260	147.000000
0.299280	147.000000
0.299300	147.000000
0.299320	146.000000
0.299340	146.000000
0.299360	146.000000
0.299380	147.000000
0.299400	148.000000
0.299420	148.000000
0.299440	148.000000
0.299460	148.000000
0.299480	148.000000
0.299500	148.000000
0.299520	148.000000
0.299540	147.000000
0.299560	147.000000
0.299580	147.000000
0.299600	147.000000
0.299620	146.000000
0.299640	146.000000
0.299660	145.000000
0.299680	145.000000
0.299700	145.000000
0.299720	146.000000
0.299740	146.000000
0.299760	147.000000
0.299780	148.000000
0.299800	149.000000
0.299820	149.000000
0.299840	149.000000
0.299860	149.000000
0.299880	149.000000
0.299900	148.000000
0.299920	148.000000
0.299940	147.000000
0.299960	147.000000
0.299980	146.000000
0.300000	146.000000
0.300020	145.000000
0.300040	145.000000
0.300060	145.000000
0.300080	146.000000
0.300100	147.000000
0.300120	148.000000
0.300140	148.000000
0.300160	148.000000
0.300180	148.000000
0.300200	149.000000
0.300220	149.000000
0.300240	149.000000
0.300260	148.000000
0.300280	147.000000
0.300300	147.000000
0.300320	147.000000
0.300340	146.000000
0.300360	146.000000
0.300380	145.000000
0.300400	146.000000
0.300420	146.000000
0.300440	147.000000
0.300460	147.000000
0.300480	147.000000
0.300500	147.000000
0.300520	147.000000
0.300540	148.000000
0.300560	148.000000
0.300580	148.000000
0.300600	148.000000
0.300620	147.000000
0.300640	147.000000
0.300660	147.000000
0.300680	147.000000
0.300700	146.000000
0.300720	146.000000
0.300740	146.000000
0.300760	147.000000
0.300780	147.000000
0.300800	148.000000
0.300820	148.000000
0.300840	148.000000
0.300860	148.000000
0.300880	148.000000
0.300900	148.000000
0.300920	148.000000
0.300940	148.000000
0.300960	148.000000
0.300980	148.000000
0.301000	148.000000
0.301020	148.000000
0.301040	148.000000
0.301060	147.000000
0.301080	146.000000
0.301100	146.000000
0.301120	146.000000
0.301140	146.000000
0.301160	146.000000
0.301180	146.000000
0.301200	147.000000
0.301220	147.000000
0.301240	147.000000
0.301260	147.000000
0.301280	147.000000
0.301300	147.000000
0.301320	148.000000
0.301340	148.000000
0.301360	148.000000
0.301380	148.000000
0.301400	148.000000
0.301420	148.000000
0.301440	148.000000
0.301460	147.000000
0.301480	147.000000
0.301500	147.000000
0.301520	146.000000
0.301540	146.000000
0.301560	147.000000
0.301580	147.000000
0.301600	147.000000
0.301620	147.000000
0.301640	148.000000
0.301660	148.000000
0.301680	148.000000
0.301700	148.000000
0.301720	148.000000
0.301740	148.000000
0.301760	148.000000
0.301780	148.000000
0.301800	148.000000
0.301820	147.000000
0.301840	147.000000
0.301860	147.000000
0.301880	147.000000
0.301900	147.000000
0.301920	147.000000
0.301940	147.000000
0.301960	147.000000
0.301980	147.000000
0.302000	147.000000
0.302020	147.000000
0.302040	147.000000
0.302060	147.000000
0.302080	147.000000
0.302100	147.000000
0.302120	147.000000
0.302140	147.000000
0.302160	147.000000
0.302180	147.000000
0.302200	147.000000
0.302220	147.000000
0.302240	147.000000
0.302260	148.000000
0.302280	148.000000
0.302300	148.000000
0.302320	148.000000
0.302340	147.000000
0.302360	147.000000
0.302380	147.000000
0.302400	147.000000
0.302420	147.000000
0.302440	147.000000
0.302460	147.000000
0.302480	146.000000
0.302500	146.000000
0.302520	146.000000
0.302540	147.000000
0.302560	147.000000
0.302580	147.000000
0.302600	147.000000
0.302620	147.000000
0.302640	148.000000
0.302660	148.000000
0.302680	148.000000
0.302700	148.000000
0.302720	148.000000
0.302740	147.000000
0.302760	147.000000
0.302780	147.000000
0.302800	147.000000
0.302820	146.000000
0.302840	146.000000
0.302860	146.000000
0.302880	145.000000
0.302900	146.000000
0.302920	146.000000
0.302940	146.000000
0.302960	147.000000
0.302980	148.000000
0.303000	148.000000
0.303020	148.000000
0.303040	149.000000
0.303060	149.000000
0.303080	149.000000
0.303100	148.000000
0.303120	148.000000
0.303140	148.000000
0.303160	147.000000
0.303180	146.000000
0.303200	146.000000
0.303220	145.000000
0.303240	146.000000
0.303260	146.000000
0.303280	146.000000
0.303300	147.000000
0.303320	147.000000
0.303340	148.000000
0.303360	148.000000
0.303380	148.000000
0.303400	148.000000
0.303420	148.000000
0.303440	148.000000
0.303460	148.000000
0.303480	148.000000
0.303500	148.000000
0.303520	147.000000
0.303540	147.000000
0.303560	147.000000
0.303580	147.000000
0.303600	147.000000
0.303620	147.000000
0.303640	147.000000
0.303660	147.000000
0.303680	147.000000
0.303700	148.000000
0.303720	147.000000
0.303740	147.000000
0.303760	147.000000
0.303780	147.000000
0.303800	147.000000
0.303820	147.000000
0.303840	147.000000
0.303860	147.000000
0.303880	147.000000
0.303900	147.000000
0.303920	147.000000
0.303940	147.000000
0.303960	147.000000
0.303980	147.000000
0.304000	147.000000
0.304020	147.000000
0.304040	147.000000
0.304060	147.000000
0.304080	147.000000
0.304100	147.000000
0.304120	148.000000
0.304140	148.000000
0.304160	148.000000
0.304180	148.000000
0.304200	147.000000
0.304220	147.000000
0.304240	147.000000
0.304260	147.000000
0.304280	147.000000
0.304300	146.000000
0.304320	146.000000
0.304340	146.000000
0.304360	146.000000
0.304380	146.000000
0.304400	147.000000
0.304420	147.000000
0.304440	147.000000
0.304460	147.000000
0.304480	148.000000
0.304500	148.000000
0.304520	148.000000
0.304540	148.000000
0.304560	148.000000
0.304580	148.000000
0.304600	147.000000
0.304620	147.000000
0.304640	147.000000
0.304660	147.000000
0.304680	147.000000
0.304700	146.000000
0.304720	146.000000
0.304740	146.000000
0.304760	146.000000
0.304780	147.000000
0.304800	147.000000
0.304820	147.000000
0.304840	147.000000
0.304860	148.000000
0.304880	148.000000
0.304900	148.000000
0.304920	148.000000
0.304940	148.000000
0.304960	148.000000
0.304980	147.000000
0.305000	147.000000
0.305020	147.000000
0.305040	147.000000
0.305060	147.000000
0.305080	147.000000
0.305100	147.000000
0.305120	147.000000
0.305140	148.000000
0.305160	148.000000
0.305180	148.000000
0.305200	147.000000
0.305220	147.000000
0.305240	147.000000
0.305260	147.000000
0.305280	147.000000
0.305300	148.000000
0.305320	148.000000
0.305340	148.000000
0.305360	147.000000
0.305380	147.000000
0.305400	147.000000
0.305420	147.000000
0.305440	147.000000
0.305460	147.000000
0.305480	148.000000
0.305500	148.000000
0.305520	148.000000
0.305540	148.000000
0.305560	148.000000
0.305580	147.000000
0.305600	147.000000
0.305620	147.000000
0.305640	147.000000
0.305660	147.000000
0.305680	147.000000
0.305700	147.000000
0.305720	147.000000
0.305740	148.000000
0.305760	148.000000
0.305780	148.000000
0.305800	148.000000
0.305820	147.000000
0.305840	147.000000
0.305860	147.000000
0.305880	147.000000
0.305900	147.000000
0.305920	147.000000
0.305940	147.000000
0.305960	147.000000
0.305980	147.000000
0.306000	146.000000
0.306020	146.000000
0.306040	146.000000
0.306060	146.000000
0.306080	146.000000
0.306100	146.000000
0.306120	146.000000
0.306140	147.000000
0.306160	148.000000
0.306180	148.000000
0.306200	148.000000
0.306220	148.000000
0.306240	148.000000
0.306260	148.000000
0.306280	148.000000
0.306300	148.000000
0.306320	148.000000
0.306340	147.000000
0.306360	147.000000
0.306380	146.000000
0.306400	146.000000
0.306420	147.000000
0.306440	147.000000
0.306460	147.000000
0.306480	147.000000
0.306500	147.000000
0.306520	148.000000
0.306540	148.000000
0.306560	148.000000
0.306580	148.000000
0.306600	148.000000
0.306620	148.000000
0.306640	147.000000
0.306660	147.000000
0.306680	147.000000
0.306700	147.000000
0.306720	147.000000
0.306740	147.000000
0.306760	146.000000
0.306780	146.000000
0.306800	146.000000
0.306820	146.000000
0.306840	147.000000
0.306860	147.000000
0.306880	147.000000
0.306900	147.000000
0.306920	147.000000
0.306940	147.000000
0.306960	147.000000
0.306980	147.000000
0.307000	147.000000
0.307020	147.000000
0.307040	147.000000
0.307060	147.000000
0.307080	147.000000
0.307100	147.000000
0.307120	147.000000
0.307140	147.000000
0.307160	147.000000
0.307180	147.000000
0.307200	147.000000
0.307220	147.000000
0.307240	147.000000
0.307260	147.000000
0.307280	147.000000
0.307300	147.000000
0.307320	148.000000
0.307340	148.000000
0.307360	148.000000
0.307380	147.000000
0.307400	147.000000
0.307420	147.000000
0.307440	147.000000
0.307460	147.000000
0.307480	147.000000
0.307500	147.000000
0.307520	147.000000
0.307540	147.000000
0.307560	147.000000
0.307580	147.000000
0.307600	147.000000
0.307620	147.000000
0.307640	147.000000
0.307660	147.000000
0.307680	148.000000
0.307700	148.000000
0.307720	148.000000
0.307740	148.000000
0.307760	148.000000
0.307780	148.000000
0.307800	148.000000
0.307820	147.000000
0.307840	147.000000
0.307860	147.000000
0.307880	147.000000
0.307900	147.000000
0.307920	147.000000
0.307940	147.000000
0.307960	147.000000
0.307980	147.000000
0.308000	147.000000
0.308020	147.000000
0.308040	148.000000
0.308060	148.000000
0.308080	148.000000
0.308100	148.000000
0.308120	148.000000
0.308140	147.000000
0.308160	147.000000
0.308180	147.000000
0.308200	147.000000
0.308220	147.000000
0.308240	147.000000
0.308260	147.000000
0.308280	147.000000
0.308300	146.000000
0.308320	146.000000
0.308340	147.000000
0.308360	147.000000
0.308380	147.000000
0.308400	147.000000
0.308420	147.000000
0.308440	147.000000
0.308460	147.000000
0.308480	148.000000
0.308500	148.000000
0.308520	148.000000
0.308540	148.000000
0.308560	147.000000
0.308580	147.000000
0.308600	147.000000
0.308620	147.000000
0.308640	148.000000
0.308660	148.000000
0.308680	147.000000
0.308700	147.000000
0.308720	147.000000
0.308740	147.000000
0.308760	147.000000
0.308780	147.000000
0.308800	147.000000
0.308820	147.000000
0.308840	147.000000
0.308860	147.000000
0.308880	147.000000
0.308900	147.000000
0.308920	146.000000
0.308940	146.000000
0.308960	147.000000
0.308980	148.000000
0.309000	148.000000
0.309020	148.000000
0.309040	148.000000
0.309060	148.000000
0.309080	148.000000
0.309100	148.000000
0.309120	148.000000
0.309140	147.000000
0.309160	147.000000
0.309180	147.000000
0.309200	147.000000
0.309220	147.000000
0.309240	146.000000
0.309260	146.000000
0.309280	146.000000
0.309300	146.000000
0.309320	146.000000
0.309340	146.000000
0.309360	146.000000
0.309380	147.000000
0.309400	147.000000
0.309420	147.000000
0.309440	147.000000
0.309460	148.000000
0.309480	148.000000
0.309500	148.000000
0.309520	148.000000
0.309540	148.000000
0.309560	148.000000
0.309580	147.000000
0.309600	147.000000
0.309620	147.000000
0.309640	147.000000
0.309660	147.000000
0.309680	147.000000
0.309700	147.000000
0.309720	147.000000
0.309740	147.000000
0.309760	147.000000
0.309780	147.000000
0.309800	147.000000
0.309820	147.000000
0.309840	147.000000
0.309860	147.000000
0.309880	147.000000
0.309900	147.000000
0.309920	147.000000
0.309940	147.000000
0.309960	147.000000
0.309980	146.000000
0.310000	146.000000
0.310020	146.000000
0.310040	146.000000
0.310060	147.000000
0.310080	147.000000
0.310100	147.000000
0.310120	147.000000
0.310140	147.000000
0.310160	147.000000
0.310180	148.000000
0.310200	148.000000
0.310220	148.000000
0.310240	147.000000
0.310260	147.000000
0.310280	147.000000
0.310300	147.000000
0.310320	148.000000
0.310340	148.000000
0.310360	147.000000
0.310380	147.000000
0.310400	147.000000
0.310420	147.000000
0.310440	148.000000
0.310460	148.000000
0.310480	148.000000
0.310500	148.000000
0.310520	148.000000
0.310540	147.000000
0.310560	147.000000
0.310580	147.000000
0.310600	147.000000
0.310620	147.000000
0.310640	147.000000
0.310660	147.000000
0.310680	147.000000
0.310700	147.000000
0.310720	147.000000
0.310740	146.000000
0.310760	146.000000
0.310780	146.000000
0.310800	147.000000
0.310820	147.000000
0.310840	148.000000
0.310860	148.000000
0.310880	148.000000
0.310900	148.000000
0.310920	148.000000
0.310940	148.000000
0.310960	148.000000
0.310980	148.000000
0.311000	148.000000
0.311020	148.000000
0.311040	147.000000
0.311060	146.000000
0.311080	146.000000
0.311100	146.000000
0.311120	146.000000
0.311140	147.000000
0.311160	147.000000
0.311180	146.000000
0.311200	146.000000
0.311220	147.000000
0.311240	147.000000
0.311260	148.000000
0.311280	148.000000
0.311300	148.000000
0.311320	148.000000
0.311340	148.000000
0.311360	147.000000
0.311380	147.000000
0.311400	147.000000
0.311420	147.000000
0.311440	147.000000
0.311460	147.000000
0.311480	147.000000
0.311500	147.000000
0.311520	147.000000
0.311540	147.000000
0.311560	147.000000
0.311580	147.000000
0.311600	147.000000
0.311620	148.000000
0.311640	148.000000
0.311660	148.000000
0.311680	148.000000
0.311700	147.000000
0.311720	147.000000
0.311740	147.000000
0.311760	147.000000
0.311780	147.000000
0.311800	147.000000
0.311820	147.000000
0.311840	147.000000
0.311860	147.000000
0.311880	147.000000
0.311900	147.000000
0.311920	147.000000
0.311940	147.000000
0.311960	147.000000
0.311980	147.000000
0.312000	147.000000
0.312020	147.000000
0.312040	147.000000
0.312060	147.000000
0.312080	147.000000
0.312100	147.000000
0.312120	147.000000
0.312140	147.000000
0.312160	147.000000
0.312180	147.000000
0.312200	147.000000
0.312220	147.000000
0.312240	147.000000
0.312260	147.000000
0.312280	147.000000
0.312300	147.000000
0.312320	147.000000
0.312340	148.000000
0.312360	148.000000
0.312380	148.000000
0.312400	147.000000
0.312420	147.000000
0.312440	146.000000
0.312460	146.000000
0.312480	146.000000
0.312500	146.000000
0.312520	146.000000
0.312540	147.000000
0.312560	147.000000
0.312580	147.000000
0.312600	147.000000
0.312620	147.000000
0.312640	148.000000
0.312660	148.000000
0.312680	148.000000
0.312700	148.000000
0.312720	148.000000
0.312740	148.000000
0.312760	147.000000
0.312780	147.000000
0.312800	147.000000
0.312820	147.000000
0.312840	147.000000
0.312860	147.000000
0.312880	146.000000
0.312900	147.000000
0.312920	147.000000
0.312940	147.000000
0.312960	148.000000
0.312980	148.000000
0.313000	148.000000
0.313020	148.000000
0.313040	148.000000
0.313060	147.000000
0.313080	147.000000
0.313100	147.000000
0.313120	147.000000
0.313140	147.000000
0.313160	147.000000
0.313180	146.000000
0.313200	146.000000
0.313220	146.000000
0.313240	147.000000
0.313260	147.000000
0.313280	147.000000
0.313300	147.000000
0.313320	147.000000
0.313340	147.000000
0.313360	147.000000
0.313380	147.000000
0.313400	147.000000
0.313420	147.000000
0.313440	147.000000
0.313460	147.000000
0.313480	146.000000
0.313500	147.000000
0.313520	147.000000
0.313540	147.000000
0.313560	147.000000
0.313580	147.000000
0.313600	147.000000
0.313620	147.000000
0.313640	147.000000
0.313660	147.000000
0.313680	147.000000
0.313700	147.000000
0.313720	147.000000
0.313740	147.000000
0.313760	147.000000
0.313780	147.000000
0.313800	147.000000
0.313820	148.000000
0.313840	148.000000
0.313860	148.000000
0.313880	147.000000
0.313900	147.000000
0.313920	147.000000
0.313940	147.000000
0.313960	147.000000
0.313980	146.000000
0.314000	147.000000
0.314020	147.000000
0.314040	147.000000
0.314060	147.000000
0.314080	147.000000
0.314100	147.000000
0.314120	148.000000
0.314140	148.000000
0.314160	148.000000
0.314180	147.000000
0.314200	147.000000
0.314220	147.000000
0.314240	147.000000
0.314260	147.000000
0.314280	146.000000
0.314300	146.000000
0.314320	146.000000
0.314340	147.000000
0.314360	147.000000
0.314380	147.000000
0.314400	147.000000
0.314420	147.000000
0.314440	148.000000
0.314460	148.000000
0.314480	147.000000
0.314500	147.000000
0.314520	148.000000
0.314540	149.000000
0.314560	148.000000
0.314580	147.000000
0.314600	147.000000
0.314620	148.000000
0.314640	148.000000
0.314660	147.000000
0.314680	146.000000
0.314700	146.000000
0.314720	147.000000
0.314740	148.000000
0.314760	147.000000
0.314780	146.000000
0.314800	146.000000
0.314820	147.000000
0.314840	149.000000
0.314860	148.000000
0.314880	146.000000
0.314900	146.000000
0.314920	149.000000
0.314940	151.000000
0.314960	147.000000
0.314980	135.000000
