0.341500	102.000000
0.341520	59.000000
0.341540	123.000000
0.341560	171.000000
0.341580	175.000000
0.341600	152.000000
0.341620	137.000000
0.341640	144.000000
0.341660	160.000000
0.341680	163.000000
0.341700	153.000000
0.341720	144.000000
0.341740	146.000000
0.341760	153.000000
0.341780	154.000000
0.341800	146.000000
0.341820	139.000000
0.341840	141.000000
0.341860	148.000000
0.341880	150.000000
0.341900	147.000000
0.341920	144.000000
0.341940	146.000000
0.341960	152.000000
0.341980	154.000000
0.342000	152.000000
0.342020	152.000000
0.342040	155.000000
0.342060	160.000000
0.342080	161.000000
0.342100	156.000000
0.342120	151.000000
0.342140	151.000000
0.342160	153.000000
0.342180	152.000000
0.342200	147.000000
0.342220	142.000000
0.342240	141.000000
0.342260	143.000000
0.342280	144.000000
0.342300	142.000000
0.342320	141.000000
0.342340	144.000000
0.342360	149.000000
0.342380	152.000000
0.342400	152.000000
0.342420	152.000000
0.342440	155.000000
0.342460	158.000000
0.342480	159.000000
0.342500	156.000000
0.342520	151.000000
0.342540	147.000000
0.342560	146.000000
0.342580	145.000000
0.342600	144.000000
0.342620	144.000000
0.342640	145.000000
0.342660	146.000000
0.342680	146.000000
0.342700	144.000000
0.342720	143.000000
0.342740	144.000000
0.342760	147.000000
0.342780	149.000000
0.342800	149.000000
0.342820	149.000000
0.342840	150.000000
0.342860	151.000000
0.342880	152.000000
0.342900	151.000000
0.342920	151.000000
0.342940	151.000000
0.342960	152.000000
0.342980	150.000000
0.343000	146.000000
0.343020	144.000000
0.343040	144.000000
0.343060	146.000000
0.343080	147.000000
0.343100	147.000000
0.343120	146.000000
0.343140	147.000000
0.343160	149.000000
0.343180	149.000000
0.343200	147.000000
0.343220	145.000000
0.343240	144.000000
0.343260	146.000000
0.343280	146.000000
0.343300	146.000000
0.343320	147.000000
0.343340	149.000000
0.343360	152.000000
0.343380	155.000000
0.343400	155.000000
0.343420	156.000000
0.343440	156.000000
0.343460	156.000000
0.343480	155.000000
0.343500	153.000000
0.343520	151.000000
0.343540	150.000000
0.343560	151.000000
0.343580	150.000000
0.343600	147.000000
0.343620	143.000000
0.343640	142.000000
0.343660	142.000000
0.343680	142.000000
0.343700	143.000000
0.343720	143.000000
0.343740	144.000000
0.343760	146.000000
0.343780	148.000000
0.343800	150.000000
0.343820	152.000000
0.343840	153.000000
0.343860	154.000000
0.343880	153.000000
0.343900	152.000000
0.343920	151.000000
0.343940	151.000000
0.343960	151.000000
0.343980	150.000000
0.344000	148.000000
0.344020	145.000000
0.344040	144.000000
0.344060	143.000000
0.344080	143.000000
0.344100	143.000000
0.344120	144.000000
0.344140	146.000000
0.344160	147.000000
0.344180	149.000000
0.344200	149.000000
0.344220	151.000000
0.344240	153.000000
0.344260	154.000000
0.344280	154.000000
0.344300	152.000000
0.344320	152.000000
0.344340	152.000000
0.344360	153.000000
0.344380	151.000000
0.344400	148.000000
0.344420	146.000000
0.344440	147.000000
0.344460	149.000000
0.344480	150.000000
0.344500	150.000000
0.344520	149.000000
0.344540	150.000000
0.344560	151.000000
0.344580	151.000000
0.344600	149.000000
0.344620	147.000000
0.344640	147.000000
0.344660	148.000000
0.344680	149.000000
0.344700	150.000000
0.344720	150.000000
0.344740	150.000000
0.344760	150.000000
0.344780	149.000000
0.344800	148.000000
0.344820	147.000000
0.344840	148.000000
0.344860	149.000000
0.344880	151.000000
0.344900	152.000000
0.344920	152.000000
0.344940	151.000000
0.344960	150.000000
0.344980	148.000000
0.345000	145.000000
0.345020	145.000000
0.345040	146.000000
0.345060	147.000000
0.345080	147.000000
0.345100	147.000000
0.345120	147.000000
0.345140	148.000000
0.345160	150.000000
0.345180	151.000000
0.345200	151.000000
0.345220	152.000000
0.345240	153.000000
0.345260	156.000000
0.345280	156.000000
0.345300	155.000000
0.345320	152.000000
0.345340	151.000000
0.345360	151.000000
0.345380	150.000000
0.345400	147.000000
0.345420	145.000000
0.345440	144.000000
0.345460	145.000000
0.345480	146.000000
0.345500	147.000000
0.345520	147.000000
0.345540	148.000000
0.345560	149.000000
0.345580	151.000000
0.345600	152.000000
0.345620	153.000000
0.345640	153.000000
0.345660	154.000000
0.345680	154.000000
0.345700	153.000000
0.345720	152.000000
0.345740	150.000000
0.345760	147.000000
0.345780	144.000000
0.345800	142.000000
0.345820	142.000000
0.345840	142.000000
0.345860	144.000000
0.345880	144.000000
0.345900	144.000000
0.345920	144.000000
0.345940	145.000000
0.345960	148.000000
0.345980	150.000000
0.346000	151.000000
0.346020	152.000000
0.346040	152.000000
0.346060	152.000000
0.346080	152.000000
0.346100	150.000000
0.346120	149.000000
0.346140	149.000000
0.346160	149.000000
0.346180	150.000000
0.346200	151.000000
0.346220	151.000000
0.346240	152.000000
0.346260	152.000000
0.346280	151.000000
0.346300	149.000000
0.346320	146.000000
0.346340	146.000000
0.346360	147.000000
0.346380	150.000000
0.346400	152.000000
0.346420	153.000000
0.346440	153.000000
0.346460	151.000000
0.346480	149.000000
0.346500	146.000000
0.346520	145.000000
0.346540	145.000000
0.346560	148.000000
0.346580	151.000000
0.346600	153.000000
0.346620	154.000000
0.346640	153.000000
0.346660	151.000000
0.346680	150.000000
0.346700	149.000000
0.346720	150.000000
0.346740	151.000000
0.346760	150.000000
0.346780	147.000000
0.346800	144.000000
0.346820	142.000000
0.346840	142.000000
0.346860	145.000000
0.346880	146.000000
0.346900	146.000000
0.346920	145.000000
0.346940	145.000000
0.346960	147.000000
0.346980	149.000000
0.347000	151.000000
0.347020	152.000000
0.347040	152.000000
0.347060	152.000000
0.347080	152.000000
0.347100	152.000000
0.347120	151.000000
0.347140	151.000000
0.347160	150.000000
0.347180	149.000000
0.347200	148.000000
0.347220	147.000000
0.347240	146.000000
0.347260	146.000000
0.347280	145.000000
0.347300	144.000000
0.347320	144.000000
0.347340	145.000000
0.347360	146.000000
0.347380	148.000000
0.347400	150.000000
0.347420	150.000000
0.347440	151.000000
0.347460	150.000000
0.347480	150.000000
0.347500	150.000000
0.347520	150.000000
0.347540	151.000000
0.347560	152.000000
0.347580	150.000000
0.347600	148.000000
0.347620	146.000000
0.347640	146.000000
0.347660	146.000000
0.347680	146.000000
0.347700	147.000000
0.347720	148.000000
0.347740	150.000000
0.347760	152.000000
0.347780	152.000000
0.347800	150.000000
0.347820	147.000000
0.347840	147.000000
0.347860	147.000000
0.347880	148.000000
0.347900	148.000000
0.347920	147.000000
0.347940	147.000000
0.347960	148.000000
0.347980	149.000000
0.348000	149.000000
0.348020	149.000000
0.348040	150.000000
0.348060	151.000000
0.348080	152.000000
0.348100	152.000000
0.348120	150.000000
0.348140	148.000000
0.348160	148.000000
0.348180	147.000000
0.348200	146.000000
0.348220	146.000000
0.348240	146.000000
0.348260	147.000000
0.348280	149.000000
0.348300	150.000000
0.348320	149.000000
0.348340	149.000000
0.348360	149.000000
0.348380	150.000000
0.348400	151.000000
0.348420	152.000000
0.348440	153.000000
0.348460	153.000000
0.348480	152.000000
0.348500	150.000000
0.348520	148.000000
0.348540	148.000000
0.348560	149.000000
0.348580	150.000000
0.348600	151.000000
0.348620	149.000000
0.348640	148.000000
0.348660	146.000000
0.348680	146.000000
0.348700	147.000000
0.348720	148.000000
0.348740	149.000000
0.348760	149.000000
0.348780	151.000000
0.348800	152.000000
0.348820	153.000000
0.348840	153.000000
0.348860	152.000000
0.348880	151.000000
0.348900	152.000000
0.348920	153.000000
0.348940	154.000000
0.348960	153.000000
0.348980	150.000000
0.349000	147.000000
0.349020	145.000000
0.349040	144.000000
0.349060	144.000000
0.349080	143.000000
0.349100	142.000000
0.349120	142.000000
0.349140	144.000000
0.349160	147.000000
0.349180	150.000000
0.349200	151.000000
0.349220	151.000000
0.349240	152.000000
0.349260	152.000000
0.349280	152.000000
0.349300	151.000000
0.349320	150.000000
0.349340	149.000000
0.349360	148.000000
0.349380	147.000000
0.349400	146.000000
0.349420	145.000000
0.349440	145.000000
0.349460	145.000000
0.349480	145.000000
0.349500	146.000000
0.349520	146.000000
0.349540	147.000000
0.349560	148.000000
0.349580	149.000000
0.349600	151.000000
0.349620	154.000000
0.349640	158.000000
0.349660	162.000000
0.349680	165.000000
0.349700	166.000000
0.349720	166.000000
0.349740	163.000000
0.349760	157.000000
0.349780	148.000000
0.349800	138.000000
0.349820	130.000000
0.349840	126.000000
0.349860	124.000000
0.349880	123.000000
0.349900	122.000000
0.349920	122.000000
0.349940	126.000000
0.349960	132.000000
0.349980	143.000000
0.350000	156.000000
0.350020	170.000000
0.350040	183.000000
0.350060	191.000000
0.350080	192.000000
0.350100	186.000000
0.350120	177.000000
0.350140	167.000000
0.350160	160.000000
0.350180	154.000000
0.350200	146.000000
0.350220	137.000000
0.350240	125.000000
0.350260	112.000000
0.350280	100.000000
0.350300	92.000000
0.350320	90.000000
0.350340	97.000000
0.350360	109.000000
0.350380	127.000000
0.350400	146.000000
0.350420	167.000000
0.350440	189.000000
0.350460	208.000000
0.350480	223.000000
0.350500	231.000000
0.350520	231.000000
0.350540	223.000000
0.350560	206.000000
0.350580	180.000000
0.350600	148.000000
0.350620	112.000000
0.350640	79.000000
0.350660	53.000000
0.350680	40.000000
0.350700	39.000000
0.350720	52.000000
0.350740	77.000000
0.350760	112.000000
0.350780	151.000000
0.350800	188.000000
0.350820	216.000000
0.350840	231.000000
0.350860	237.000000
0.350880	235.000000
0.350900	226.000000
0.350920	209.000000
0.350940	184.000000
0.350960	152.000000
0.350980	119.000000
0.351000	91.000000
0.351020	72.000000
0.351040	64.000000
0.351060	67.000000
0.351080	80.000000
0.351100	101.000000
0.351120	126.000000
0.351140	152.000000
0.351160	174.000000
0.351180	190.000000
0.351200	200.000000
0.351220	203.000000
0.351240	200.000000
0.351260	190.000000
0.351280	176.000000
0.351300	160.000000
0.351320	143.000000
0.351340	129.000000
0.351360	118.000000
0.351380	111.000000
0.351400	109.000000
0.351420	114.000000
0.351440	123.000000
0.351460	133.000000
0.351480	144.000000
0.351500	153.000000
0.351520	161.000000
0.351540	167.000000
0.351560	171.000000
0.351580	172.000000
0.351600	169.000000
0.351620	165.000000
0.351640	160.000000
0.351660	156.000000
0.351680	151.000000
0.351700	146.000000
0.351720	141.000000
0.351740	139.000000
0.351760	139.000000
0.351780	141.000000
0.351800	142.000000
0.351820	144.000000
0.351840	146.000000
0.351860	148.000000
0.351880	150.000000
0.351900	151.000000
0.351920	151.000000
0.351940	151.000000
0.351960	152.000000
0.351980	152.000000
0.352000	151.000000
0.352020	151.000000
0.352040	150.000000
0.352060	150.000000
0.352080	150.000000
0.352100	150.000000
0.352120	148.000000
0.352140	147.000000
0.352160	147.000000
0.352180	147.000000
0.352200	146.000000
0.352220	146.000000
0.352240	145.000000
0.352260	146.000000
0.352280	147.000000
0.352300	148.000000
0.352320	150.000000
0.352340	151.000000
0.352360	152.000000
0.352380	153.000000
0.352400	153.000000
0.352420	153.000000
0.352440	152.000000
0.352460	151.000000
0.352480	150.000000
0.352500	149.000000
0.352520	147.000000
0.352540	145.000000
0.352560	143.000000
0.352580	142.000000
0.352600	142.000000
0.352620	143.000000
0.352640	144.000000
0.352660	145.000000
0.352680	145.000000
0.352700	144.000000
0.352720	144.000000
0.352740	144.000000
0.352760	146.000000
0.352780	150.000000
0.352800	155.000000
0.352820	160.000000
0.352840	164.000000
0.352860	166.000000
0.352880	167.000000
0.352900	167.000000
0.352920	164.000000
0.352940	158.000000
0.352960	149.000000
0.352980	140.000000
0.353000	132.000000
0.353020	127.000000
0.353040	126.000000
0.353060	126.000000
0.353080	125.000000
0.353100	125.000000
0.353120	127.000000
0.353140	131.000000
0.353160	140.000000
0.353180	151.000000
0.353200	165.000000
0.353220	178.000000
0.353240	189.000000
0.353260	194.000000
0.353280	191.000000
0.353300	183.000000
0.353320	172.000000
0.353340	164.000000
0.353360	157.000000
0.353380	151.000000
0.353400	143.000000
0.353420	133.000000
0.353440	120.000000
0.353460	107.000000
0.353480	96.000000
0.353500	90.000000
0.353520	91.000000
0.353540	100.000000
0.353560	116.000000
0.353580	136.000000
0.353600	158.000000
0.353620	180.000000
0.353640	199.000000
0.353660	213.000000
0.353680	223.000000
0.353700	228.000000
0.353720	226.000000
0.353740	215.000000
0.353760	194.000000
0.353780	165.000000
0.353800	130.000000
0.353820	96.000000
0.353840	69.000000
0.353860	50.000000
0.353880	42.000000
0.353900	45.000000
0.353920	59.000000
0.353940	85.000000
0.353960	120.000000
0.353980	157.000000
0.354000	190.000000
0.354020	215.000000
0.354040	231.000000
0.354060	236.000000
0.354080	232.000000
0.354100	219.000000
0.354120	199.000000
0.354140	174.000000
0.354160	146.000000
0.354180	119.000000
0.354200	97.000000
0.354220	84.000000
0.354240	80.000000
0.354260	86.000000
0.354280	99.000000
0.354300	116.000000
0.354320	135.000000
0.354340	153.000000
0.354360	168.000000
0.354380	180.000000
0.354400	187.000000
0.354420	189.000000
0.354440	187.000000
0.354460	180.000000
0.354480	169.000000
0.354500	156.000000
0.354520	144.000000
0.354540	134.000000
0.354560	127.000000
0.354580	123.000000
0.354600	123.000000
0.354620	127.000000
0.354640	132.000000
0.354660	139.000000
0.354680	145.000000
0.354700	151.000000
0.354720	156.000000
0.354740	159.000000
0.354760	162.000000
0.354780	162.000000
0.354800	161.000000
0.354820	159.000000
0.354840	156.000000
0.354860	153.000000
0.354880	150.000000
0.354900	147.000000
0.354920	145.000000
0.354940	143.000000
0.354960	143.000000
0.354980	143.000000
0.355000	144.000000
0.355020	145.000000
0.355040	145.000000
0.355060	146.000000
0.355080	145.000000
0.355100	145.000000
0.355120	145.000000
0.355140	146.000000
0.355160	148.000000
0.355180	150.000000
0.355200	151.000000
0.355220	151.000000
0.355240	151.000000
0.355260	151.000000
0.355280	152.000000
0.355300	152.000000
0.355320	151.000000
0.355340	149.000000
0.355360	147.000000
0.355380	146.000000
0.355400	146.000000
0.355420	145.000000
0.355440	145.000000
0.355460	145.000000
0.355480	146.000000
0.355500	148.000000
0.355520	150.000000
0.355540	151.000000
0.355560	151.000000
0.355580	151.000000
0.355600	152.000000
0.355620	152.000000
0.355640	153.000000
0.355660	153.000000
0.355680	150.000000
0.355700	147.000000
0.355720	144.000000
0.355740	143.000000
0.355760	142.000000
0.355780	143.000000
0.355800	143.000000
0.355820	144.000000
0.355840	145.000000
0.355860	147.000000
0.355880	150.000000
0.355900	151.000000
0.355920	152.000000
0.355940	153.000000
0.355960	153.000000
0.355980	154.000000
0.356000	155.000000
0.356020	156.000000
0.356040	157.000000
0.356060	158.000000
0.356080	157.000000
0.356100	155.000000
0.356120	152.000000
0.356140	149.000000
0.356160	145.000000
0.356180	141.000000
0.356200	138.000000
0.356220	136.000000
0.356240	135.000000
0.356260	135.000000
0.356280	133.000000
0.356300	132.000000
0.356320	133.000000
0.356340	138.000000
0.356360	145.000000
0.356380	154.000000
0.356400	163.000000
0.356420	170.000000
0.356440	173.000000
0.356460	173.000000
0.356480	171.000000
0.356500	168.000000
0.356520	165.000000
0.356540	161.000000
0.356560	157.000000
0.356580	150.000000
0.356600	142.000000
0.356620	132.000000
0.356640	122.000000
0.356660	113.000000
0.356680	107.000000
0.356700	106.000000
0.356720	111.000000
0.356740	120.000000
0.356760	133.000000
0.356780	147.000000
0.356800	162.000000
0.356820	176.000000
0.356840	189.000000
0.356860	200.000000
0.356880	206.000000
0.356900	207.000000
0.356920	203.000000
0.356940	192.000000
0.356960	175.000000
0.356980	153.000000
0.357000	129.000000
0.357020	107.000000
0.357040	90.000000
0.357060	80.000000
0.357080	77.000000
0.357100	82.000000
0.357120	94.000000
0.357140	113.000000
0.357160	135.000000
0.357180	158.000000
0.357200	178.000000
0.357220	194.000000
0.357240	203.000000
0.357260	206.000000
0.357280	202.000000
0.357300	192.000000
0.357320	178.000000
0.357340	161.000000
0.357360	144.000000
0.357380	130.000000
0.357400	119.000000
0.357420	112.000000
0.357440	110.000000
0.357460	112.000000
0.357480	118.000000
0.357500	128.000000
0.357520	139.000000
0.357540	150.000000
0.357560	159.000000
0.357580	165.000000
0.357600	169.000000
0.357620	169.000000
0.357640	168.000000
0.357660	165.000000
0.357680	160.000000
0.357700	155.000000
0.357720	150.000000
0.357740	146.000000
0.357760	142.000000
0.357780	139.000000
0.357800	137.000000
0.357820	137.000000
0.357840	138.000000
0.357860	140.000000
0.357880	143.000000
0.357900	145.000000
0.357920	148.000000
0.357940	151.000000
0.357960	153.000000
0.357980	155.000000
0.358000	156.000000
0.358020	156.000000
0.358040	156.000000
0.358060	154.000000
0.358080	151.000000
0.358100	149.000000
0.358120	148.000000
0.358140	148.000000
0.358160	149.000000
0.358180	148.000000
0.358200	146.000000
0.358220	144.000000
0.358240	143.000000
0.358260	143.000000
0.358280	145.000000
0.358300	145.000000
0.358320	146.000000
0.358340	148.000000
0.358360	151.000000
0.358380	153.000000
0.358400	154.000000
0.358420	154.000000
0.358440	154.000000
0.358460	154.000000
0.358480	153.000000
0.358500	152.000000
0.358520	149.000000
0.358540	147.000000
0.358560	146.000000
0.358580	147.000000
0.358600	147.000000
0.358620	146.000000
0.358640	145.000000
0.358660	145.000000
0.358680	147.000000
0.358700	149.000000
0.358720	152.000000
0.358740	154.000000
0.358760	155.000000
0.358780	155.000000
0.358800	152.000000
0.358820	149.000000
0.358840	147.000000
0.358860	146.000000
0.358880	146.000000
0.358900	145.000000
0.358920	144.000000
0.358940	143.000000
0.358960	142.000000
0.358980	142.000000
0.359000	143.000000
0.359020	144.000000
0.359040	146.000000
0.359060	149.000000
0.359080	150.000000
0.359100	152.000000
0.359120	152.000000
0.359140	153.000000
0.359160	152.000000
0.359180	152.000000
0.359200	151.000000
0.359220	150.000000
0.359240	150.000000
0.359260	151.000000
0.359280	151.000000
0.359300	150.000000
0.359320	148.000000
0.359340	147.000000
0.359360	147.000000
0.359380	147.000000
0.359400	147.000000
0.359420	146.000000
0.359440	144.000000
0.359460	142.000000
0.359480	140.000000
0.359500	141.000000
0.359520	143.000000
0.359540	146.000000
0.359560	151.000000
0.359580	155.000000
0.359600	159.000000
0.359620	160.000000
0.359640	160.000000
0.359660	161.000000
0.359680	161.000000
0.359700	161.000000
0.359720	159.000000
0.359740	156.000000
0.359760	153.000000
0.359780	150.000000
0.359800	145.000000
0.359820	139.000000
0.359840	132.000000
0.359860	126.000000
0.359880	123.000000
0.359900	124.000000
0.359920	128.000000
0.359940	134.000000
0.359960	141.000000
0.359980	149.000000
0.360000	157.000000
0.360020	166.000000
0.360040	175.000000
0.360060	182.000000
0.360080	184.000000
0.360100	182.000000
0.360120	176.000000
0.360140	167.000000
0.360160	156.000000
0.360180	144.000000
0.360200	132.000000
0.360220	121.000000
0.360240	113.000000
0.360260	109.000000
0.360280	109.000000
0.360300	115.000000
0.360320	124.000000
0.360340	136.000000
0.360360	148.000000
0.360380	159.000000
0.360400	169.000000
0.360420	177.000000
0.360440	181.000000
0.360460	181.000000
0.360480	176.000000
0.360500	167.000000
0.360520	158.000000
0.360540	150.000000
0.360560	143.000000
0.360580	137.000000
0.360600	131.000000
0.360620	127.000000
0.360640	127.000000
0.360660	131.000000
0.360680	137.000000
0.360700	143.000000
0.360720	148.000000
0.360740	152.000000
0.360760	156.000000
0.360780	159.000000
0.360800	160.000000
0.360820	160.000000
0.360840	158.000000
0.360860	155.000000
0.360880	153.000000
0.360900	149.000000
0.360920	146.000000
0.360940	144.000000
0.360960	142.000000
0.360980	141.000000
0.361000	141.000000
0.361020	142.000000
0.361040	144.000000
0.361060	146.000000
0.361080	148.000000
0.361100	148.000000
0.361120	148.000000
0.361140	149.000000
0.361160	150.000000
0.361180	152.000000
0.361200	154.000000
0.361220	155.000000
0.361240	154.000000
0.361260	152.000000
0.361280	150.000000
0.361300	149.000000
0.361320	148.000000
0.361340	148.000000
0.361360	147.000000
0.361380	146.000000
0.361400	145.000000
0.361420	144.000000
0.361440	143.000000
0.361460	143.000000
0.361480	144.000000
0.361500	146.000000
0.361520	148.000000
0.361540	149.000000
0.361560	151.000000
0.361580	152.000000
0.361600	154.000000
0.361620	155.000000
0.361640	155.000000
0.361660	155.000000
0.361680	153.000000
0.361700	152.000000
0.361720	151.000000
0.361740	149.000000
0.361760	147.000000
0.361780	145.000000
0.361800	144.000000
0.361820	143.000000
0.361840	143.000000
0.361860	143.000000
0.361880	144.000000
0.361900	145.000000
0.361920	147.000000
0.361940	150.000000
0.361960	153.000000
0.361980	155.000000
0.362000	156.000000
0.362020	155.000000
0.362040	153.000000
0.362060	150.000000
0.362080	145.000000
0.362100	142.000000
0.362120	140.000000
0.362140	141.000000
0.362160	143.000000
0.362180	144.000000
0.362200	145.000000
0.362220	145.000000
0.362240	146.000000
0.362260	148.000000
0.362280	149.000000
0.362300	150.000000
0.362320	151.000000
0.362340	151.000000
0.362360	150.000000
0.362380	149.000000
0.362400	149.000000
0.362420	148.000000
0.362440	148.000000
0.362460	149.000000
0.362480	149.000000
0.362500	148.000000
0.362520	147.000000
0.362540	147.000000
0.362560	148.000000
0.362580	149.000000
0.362600	150.000000
0.362620	150.000000
0.362640	148.000000
0.362660	145.000000
0.362680	143.000000
0.362700	144.000000
0.362720	146.000000
0.362740	149.000000
0.362760	152.000000
0.362780	154.000000
0.362800	154.000000
0.362820	154.000000
0.362840	154.000000
0.362860	154.000000
0.362880	155.000000
0.362900	156.000000
0.362920	156.000000
0.362940	155.000000
0.362960	153.000000
0.362980	150.000000
0.363000	146.000000
0.363020	142.000000
0.363040	139.000000
0.363060	137.000000
0.363080	137.000000
0.363100	137.000000
0.363120	139.000000
0.363140	142.000000
0.363160	146.000000
0.363180	152.000000
0.363200	157.000000
0.363220	160.000000
0.363240	163.000000
0.363260	164.000000
0.363280	165.000000
0.363300	163.000000
0.363320	159.000000
0.363340	154.000000
0.363360	148.000000
0.363380	142.000000
0.363400	136.000000
0.363420	132.000000
0.363440	131.000000
0.363460	132.000000
0.363480	137.000000
0.363500	142.000000
0.363520	147.000000
0.363540	151.000000
0.363560	154.000000
0.363580	157.000000
0.363600	160.000000
0.363620	162.000000
0.363640	160.000000
0.363660	156.000000
0.363680	151.000000
0.363700	147.000000
0.363720	144.000000
0.363740	142.000000
0.363760	140.000000
0.363780	140.000000
0.363800	141.000000
0.363820	143.000000
0.363840	145.000000
0.363860	148.000000
0.363880	150.000000
0.363900	152.000000
0.363920	153.000000
0.363940	153.000000
0.363960	152.000000
0.363980	152.000000
0.364000	151.000000
0.364020	150.000000
0.364040	148.000000
0.364060	146.000000
0.364080	145.000000
0.364100	145.000000
0.364120	146.000000
0.364140	147.000000
0.364160	147.000000
0.364180	147.000000
0.364200	148.000000
0.364220	148.000000
0.364240	149.000000
0.364260	149.000000
0.364280	148.000000
0.364300	147.000000
0.364320	147.000000
0.364340	147.000000
0.364360	147.000000
0.364380	147.000000
0.364400	147.000000
0.364420	147.000000
0.364440	146.000000
0.364460	145.000000
0.364480	143.000000
0.364500	143.000000
0.364520	146.000000
0.364540	149.000000
0.364560	150.000000
0.364580	151.000000
0.364600	150.000000
0.364620	150.000000
0.364640	150.000000
0.364660	151.000000
0.364680	151.000000
0.364700	151.000000
0.364720	151.000000
0.364740	152.000000
0.364760	152.000000
0.364780	151.000000
0.364800	150.000000
0.364820	149.000000
0.364840	150.000000
0.364860	150.000000
0.364880	150.000000
0.364900	148.000000
0.364920	145.000000
0.364940	144.000000
0.364960	145.000000
0.364980	145.000000
0.365000	146.000000
0.365020	146.000000
0.365040	146.000000
0.365060	147.000000
0.365080	148.000000
0.365100	149.000000
0.365120	151.000000
0.365140	153.000000
0.365160	155.000000
0.365180	157.000000
0.365200	157.000000
0.365220	155.000000
0.365240	152.000000
0.365260	149.000000
0.365280	147.000000
0.365300	146.000000
0.365320	145.000000
0.365340	144.000000
0.365360	144.000000
0.365380	145.000000
0.365400	145.000000
0.365420	145.000000
0.365440	145.000000
0.365460	147.000000
0.365480	149.000000
0.365500	150.000000
0.365520	150.000000
0.365540	149.000000
0.365560	148.000000
0.365580	147.000000
0.365600	148.000000
0.365620	148.000000
0.365640	147.000000
0.365660	146.000000
0.365680	147.000000
0.365700	148.000000
0.365720	149.000000
0.365740	150.000000
0.365760	151.000000
0.365780	153.000000
0.365800	154.000000
0.365820	155.000000
0.365840	153.000000
0.365860	150.000000
0.365880	148.000000
0.365900	148.000000
0.365920	149.000000
0.365940	151.000000
0.365960	151.000000
0.365980	151.000000
0.366000	149.000000
0.366020	147.000000
0.366040	146.000000
0.366060	146.000000
0.366080	146.000000
0.366100	147.000000
0.366120	148.000000
0.366140	149.000000
0.366160	148.000000
0.366180	147.000000
0.366200	145.000000
0.366220	144.000000
0.366240	144.000000
0.366260	145.000000
0.366280	147.000000
0.366300	147.000000
0.366320	148.000000
0.366340	148.000000
0.366360	149.000000
0.366380	150.000000
0.366400	150.000000
0.366420	151.000000
0.366440	151.000000
0.366460	150.000000
0.366480	148.000000
0.366500	146.000000
0.366520	143.000000
0.366540	140.000000
0.366560	139.000000
0.366580	140.000000
0.366600	142.000000
0.366620	145.000000
0.366640	147.000000
0.366660	150.000000
0.366680	153.000000
0.366700	156.000000
0.366720	159.000000
0.366740	159.000000
0.366760	158.000000
0.366780	155.000000
0.366800	152.000000
0.366820	149.000000
0.366840	146.000000
0.366860	143.000000
0.366880	140.000000
0.366900	140.000000
0.366920	140.000000
0.366940	141.000000
0.366960	143.000000
0.366980	147.000000
0.367000	151.000000
0.367020	157.000000
0.367040	161.000000
0.367060	163.000000
0.367080	162.000000
0.367100	159.000000
0.367120	156.000000
0.367140	152.000000
0.367160	148.000000
0.367180	145.000000
0.367200	143.000000
0.367220	142.000000
0.367240	141.000000
0.367260	139.000000
0.367280	137.000000
0.367300	138.000000
0.367320	142.000000
0.367340	146.000000
0.367360	149.000000
0.367380	150.000000
0.367400	152.000000
0.367420	154.000000
0.367440	156.000000
0.367460	157.000000
0.367480	155.000000
0.367500	151.000000
0.367520	149.000000
0.367540	148.000000
0.367560	149.000000
0.367580	149.000000
0.367600	146.000000
0.367620	144.000000
0.367640	142.000000
0.367660	143.000000
0.367680	144.000000
0.367700	145.000000
0.367720	145.000000
0.367740	147.000000
0.367760	149.000000
0.367780	151.000000
0.367800	152.000000
0.367820	152.000000
0.367840	152.000000
0.367860	152.000000
0.367880	152.000000
0.367900	152.000000
0.367920	151.000000
0.367940	149.000000
0.367960	148.000000
0.367980	147.000000
0.368000	147.000000
0.368020	148.000000
0.368040	150.000000
0.368060	153.000000
0.368080	154.000000
0.368100	153.000000
0.368120	151.000000
0.368140	148.000000
0.368160	147.000000
0.368180	147.000000
0.368200	147.000000
0.368220	147.000000
0.368240	146.000000
0.368260	146.000000
0.368280	148.000000
0.368300	149.000000
0.368320	151.000000
0.368340	151.000000
0.368360	150.000000
0.368380	150.000000
0.368400	151.000000
0.368420	151.000000
0.368440	150.000000
0.368460	148.000000
0.368480	145.000000
0.368500	143.000000
0.368520	142.000000
0.368540	142.000000
0.368560	142.000000
0.368580	144.000000
0.368600	146.000000
0.368620	148.000000
0.368640	150.000000
0.368660	149.000000
0.368680	148.000000
0.368700	148.000000
0.368720	149.000000
0.368740	150.000000
0.368760	150.000000
0.368780	149.000000
0.368800	147.000000
0.368820	145.000000
0.368840	145.000000
0.368860	146.000000
0.368880	147.000000
0.368900	149.000000
0.368920	150.000000
0.368940	152.000000
0.368960	153.000000
0.368980	154.000000
0.369000	153.000000
0.369020	151.000000
0.369040	150.000000
0.369060	149.000000
0.369080	149.000000
0.369100	148.000000
0.369120	149.000000
0.369140	148.000000
0.369160	147.000000
0.369180	145.000000
0.369200	143.000000
0.369220	142.000000
0.369240	143.000000
0.369260	144.000000
0.369280	145.000000
0.369300	145.000000
0.369320	146.000000
0.369340	148.000000
0.369360	149.000000
0.369380	148.000000
0.369400	147.000000
0.369420	146.000000
0.369440	147.000000
0.369460	150.000000
0.369480	153.000000
0.369500	154.000000
0.369520	154.000000
0.369540	153.000000
0.369560	153.000000
0.369580	153.000000
0.369600	152.000000
0.369620	149.000000
0.369640	145.000000
0.369660	142.000000
0.369680	141.000000
0.369700	140.000000
0.369720	139.000000
0.369740	139.000000
0.369760	140.000000
0.369780	143.000000
0.369800	147.000000
0.369820	152.000000
0.369840	158.000000
0.369860	162.000000
0.369880	166.000000
0.369900	167.000000
0.369920	165.000000
0.369940	160.000000
0.369960	155.000000
0.369980	150.000000
0.370000	144.000000
0.370020	138.000000
0.370040	131.000000
0.370060	127.000000
0.370080	125.000000
0.370100	127.000000
0.370120	133.000000
0.370140	140.000000
0.370160	146.000000
0.370180	152.000000
0.370200	157.000000
0.370220	162.000000
0.370240	165.000000
0.370260	167.000000
0.370280	165.000000
0.370300	161.000000
0.370320	157.000000
0.370340	152.000000
0.370360	150.000000
0.370380	147.000000
0.370400	144.000000
0.370420	140.000000
0.370440	136.000000
0.370460	134.000000
0.370480	136.000000
0.370500	139.000000
0.370520	142.000000
0.370540	145.000000
0.370560	148.000000
0.370580	151.000000
0.370600	153.000000
0.370620	154.000000
0.370640	154.000000
0.370660	153.000000
0.370680	152.000000
0.370700	152.000000
0.370720	152.000000
0.370740	151.000000
0.370760	149.000000
0.370780	146.000000
0.370800	143.000000
0.370820	142.000000
0.370840	143.000000
0.370860	144.000000
0.370880	145.000000
0.370900	145.000000
0.370920	145.000000
0.370940	146.000000
0.370960	147.000000
0.370980	149.000000
0.371000	150.000000
0.371020	150.000000
0.371040	150.000000
0.371060	149.000000
0.371080	148.000000
0.371100	149.000000
0.371120	150.000000
0.371140	150.000000
0.371160	151.000000
0.371180	151.000000
0.371200	151.000000
0.371220	152.000000
0.371240	152.000000
0.371260	152.000000
0.371280	152.000000
0.371300	151.000000
0.371320	150.000000
0.371340	149.000000
0.371360	147.000000
0.371380	146.000000
0.371400	145.000000
0.371420	145.000000
0.371440	146.000000
0.371460	148.000000
0.371480	149.000000
0.371500	150.000000
0.371520	150.000000
0.371540	150.000000
0.371560	150.000000
0.371580	151.000000
0.371600	151.000000
0.371620	149.000000
0.371640	147.000000
0.371660	145.000000
0.371680	144.000000
0.371700	145.000000
0.371720	146.000000
0.371740	146.000000
0.371760	146.000000
0.371780	148.000000
0.371800	152.000000
0.371820	154.000000
0.371840	155.000000
0.371860	154.000000
0.371880	152.000000
0.371900	150.000000
0.371920	150.000000
0.371940	151.000000
0.371960	151.000000
0.371980	150.000000
0.372000	148.000000
0.372020	147.000000
0.372040	146.000000
0.372060	146.000000
0.372080	145.000000
0.372100	145.000000
0.372120	146.000000
0.372140	147.000000
0.372160	150.000000
0.372180	152.000000
0.372200	152.000000
0.372220	152.000000
0.372240	151.000000
0.372260	150.000000
0.372280	150.000000
0.372300	150.000000
0.372320	149.000000
0.372340	147.000000
0.372360	145.000000
0.372380	143.000000
0.372400	143.000000
0.372420	143.000000
0.372440	142.000000
0.372460	141.000000
0.372480	141.000000
0.372500	143.000000
0.372520	145.000000
0.372540	147.000000
0.372560	149.000000
0.372580	149.000000
0.372600	150.000000
0.372620	151.000000
0.372640	153.000000
0.372660	155.000000
0.372680	155.000000
0.372700	154.000000
0.372720	154.000000
0.372740	153.000000
0.372760	152.000000
0.372780	150.000000
0.372800	147.000000
0.372820	143.000000
0.372840	140.000000
0.372860	137.000000
0.372880	136.000000
0.372900	135.000000
0.372920	134.000000
0.372940	135.000000
0.372960	139.000000
0.372980	145.000000
0.373000	153.000000
0.373020	160.000000
0.373040	165.000000
0.373060	168.000000
0.373080	169.000000
0.373100	169.000000
0.373120	167.000000
0.373140	161.000000
0.373160	154.000000
0.373180	145.000000
0.373200	138.000000
0.373220	132.000000
0.373240	127.000000
0.373260	125.000000
0.373280	124.000000
0.373300	127.000000
0.373320	133.000000
0.373340	140.000000
0.373360	147.000000
0.373380	153.000000
0.373400	159.000000
0.373420	165.000000
0.373440	168.000000
0.373460	169.000000
0.373480	166.000000
0.373500	161.000000
0.373520	155.000000
0.373540	149.000000
0.373560	144.000000
0.373580	139.000000
0.373600	136.000000
0.373620	136.000000
0.373640	137.000000
0.373660	138.000000
0.373680	140.000000
0.373700	141.000000
0.373720	143.000000
0.373740	147.000000
0.373760	153.000000
0.373780	157.000000
0.373800	159.000000
0.373820	160.000000
0.373840	159.000000
0.373860	157.000000
0.373880	155.000000
0.373900	153.000000
0.373920	149.000000
0.373940	146.000000
0.373960	144.000000
0.373980	142.000000
0.374000	142.000000
0.374020	141.000000
0.374040	141.000000
0.374060	141.000000
0.374080	143.000000
0.374100	145.000000
0.374120	148.000000
0.374140	151.000000
0.374160	153.000000
0.374180	154.000000
0.374200	155.000000
0.374220	154.000000
0.374240	152.000000
0.374260	150.000000
0.374280	148.000000
0.374300	146.000000
0.374320	145.000000
0.374340	144.000000
0.374360	145.000000
0.374380	146.000000
0.374400	147.000000
0.374420	149.000000
0.374440	150.000000
0.374460	150.000000
0.374480	150.000000
0.374500	150.000000
0.374520	150.000000
0.374540	150.000000
0.374560	149.000000
0.374580	148.000000
0.374600	148.000000
0.374620	149.000000
0.374640	149.000000
0.374660	149.000000
0.374680	148.000000
0.374700	147.000000
0.374720	147.000000
0.374740	148.000000
0.374760	149.000000
0.374780	150.000000
0.374800	149.000000
0.374820	146.000000
0.374840	144.000000
0.374860	142.000000
0.374880	143.000000
0.374900	145.000000
0.374920	147.000000
0.374940	148.000000
0.374960	149.000000
0.374980	150.000000
0.375000	153.000000
0.375020	154.000000
0.375040	154.000000
0.375060	152.000000
0.375080	149.000000
0.375100	148.000000
0.375120	148.000000
0.375140	150.000000
0.375160	149.000000
0.375180	147.000000
0.375200	144.000000
0.375220	142.000000
0.375240	142.000000
0.375260	143.000000
0.375280	146.000000
0.375300	149.000000
0.375320	151.000000
0.375340	151.000000
0.375360	150.000000
0.375380	149.000000
0.375400	149.000000
0.375420	150.000000
0.375440	151.000000
0.375460	151.000000
0.375480	149.000000
0.375500	147.000000
0.375520	146.000000
0.375540	145.000000
0.375560	145.000000
0.375580	145.000000
0.375600	144.000000
0.375620	144.000000
0.375640	144.000000
0.375660	144.000000
0.375680	144.000000
0.375700	146.000000
0.375720	150.000000
0.375740	153.000000
0.375760	155.000000
0.375780	154.000000
0.375800	153.000000
0.375820	154.000000
0.375840	156.000000
0.375860	157.000000
0.375880	156.000000
0.375900	154.000000
0.375920	151.000000
0.375940	150.000000
0.375960	148.000000
0.375980	147.000000
0.376000	145.000000
0.376020	143.000000
0.376040	141.000000
0.376060	138.000000
0.376080	135.000000
0.376100	134.000000
0.376120	135.000000
0.376140	139.000000
0.376160	145.000000
0.376180	151.000000
0.376200	155.000000
0.376220	159.000000
0.376240	163.000000
0.376260	167.000000
0.376280	168.000000
0.376300	166.000000
0.376320	162.000000
0.376340	156.000000
0.376360	149.000000
0.376380	142.000000
0.376400	134.000000
0.376420	128.000000
0.376440	125.000000
0.376460	125.000000
0.376480	127.000000
0.376500	132.000000
0.376520	138.000000
0.376540	144.000000
0.376560	150.000000
0.376580	156.000000
0.376600	161.000000
0.376620	165.000000
0.376640	167.000000
0.376660	168.000000
0.376680	166.000000
0.376700	161.000000
0.376720	155.000000
0.376740	149.000000
0.376760	143.000000
0.376780	139.000000
0.376800	136.000000
0.376820	135.000000
0.376840	136.000000
0.376860	138.000000
0.376880	140.000000
0.376900	142.000000
0.376920	144.000000
0.376940	147.000000
0.376960	151.000000
0.376980	155.000000
0.377000	157.000000
0.377020	156.000000
0.377040	154.000000
0.377060	153.000000
0.377080	153.000000
0.377100	153.000000
0.377120	151.000000
0.377140	148.000000
0.377160	145.000000
0.377180	142.000000
0.377200	141.000000
0.377220	141.000000
0.377240	141.000000
0.377260	141.000000
0.377280	142.000000
0.377300	144.000000
0.377320	147.000000
0.377340	149.000000
0.377360	151.000000
0.377380	152.000000
0.377400	153.000000
0.377420	153.000000
0.377440	153.000000
0.377460	152.000000
0.377480	150.000000
0.377500	148.000000
0.377520	147.000000
0.377540	146.000000
0.377560	146.000000
0.377580	146.000000
0.377600	146.000000
0.377620	147.000000
0.377640	147.000000
0.377660	148.000000
0.377680	148.000000
0.377700	148.000000
0.377720	147.000000
0.377740	147.000000
0.377760	147.000000
0.377780	147.000000
0.377800	148.000000
0.377820	149.000000
0.377840	148.000000
0.377860	148.000000
0.377880	147.000000
0.377900	148.000000
0.377920	149.000000
0.377940	150.000000
0.377960	150.000000
0.377980	148.000000
0.378000	146.000000
0.378020	144.000000
0.378040	144.000000
0.378060	143.000000
0.378080	143.000000
0.378100	143.000000
0.378120	145.000000
0.378140	147.000000
0.378160	149.000000
0.378180	151.000000
0.378200	152.000000
0.378220	152.000000
0.378240	152.000000
0.378260	152.000000
0.378280	152.000000
0.378300	153.000000
0.378320	152.000000
0.378340	151.000000
0.378360	148.000000
0.378380	145.000000
0.378400	143.000000
0.378420	143.000000
0.378440	143.000000
0.378460	145.000000
0.378480	147.000000
0.378500	150.000000
0.378520	152.000000
0.378540	152.000000
0.378560	152.000000
0.378580	152.000000
0.378600	152.000000
0.378620	153.000000
0.378640	153.000000
0.378660	152.000000
0.378680	150.000000
0.378700	148.000000
0.378720	147.000000
0.378740	147.000000
0.378760	146.000000
0.378780	144.000000
0.378800	143.000000
0.378820	142.000000
0.378840	143.000000
0.378860	144.000000
0.378880	144.000000
0.378900	145.000000
0.378920	146.000000
0.378940	148.000000
0.378960	151.000000
0.378980	153.000000
0.379000	154.000000
0.379020	153.000000
0.379040	152.000000
0.379060	151.000000
0.379080	152.000000
0.379100	152.000000
0.379120	152.000000
0.379140	152.000000
0.379160	150.000000
0.379180	148.000000
0.379200	144.000000
0.379220	141.000000
0.379240	137.000000
0.379260	135.000000
0.379280	135.000000
0.379300	137.000000
0.379320	141.000000
0.379340	144.000000
0.379360	148.000000
0.379380	151.000000
0.379400	154.000000
0.379420	158.000000
0.379440	162.000000
0.379460	165.000000
0.379480	166.000000
0.379500	164.000000
0.379520	160.000000
0.379540	155.000000
0.379560	150.000000
0.379580	143.000000
0.379600	137.000000
0.379620	131.000000
0.379640	128.000000
0.379660	128.000000
0.379680	131.000000
0.379700	136.000000
0.379720	142.000000
0.379740	147.000000
0.379760	153.000000
0.379780	158.000000
0.379800	163.000000
0.379820	165.000000
0.379840	165.000000
0.379860	163.000000
0.379880	160.000000
0.379900	156.000000
0.379920	152.000000
0.379940	146.000000
0.379960	141.000000
0.379980	139.000000
0.380000	138.000000
0.380020	138.000000
0.380040	138.000000
0.380060	137.000000
0.380080	138.000000
0.380100	141.000000
0.380120	145.000000
0.380140	149.000000
0.380160	151.000000
0.380180	152.000000
0.380200	154.000000
0.380220	155.000000
0.380240	155.000000
0.380260	153.000000
0.380280	151.000000
0.380300	149.000000
0.380320	147.000000
0.380340	145.000000
0.380360	143.000000
0.380380	142.000000
0.380400	142.000000
0.380420	143.000000
0.380440	144.000000
0.380460	144.000000
0.380480	145.000000
0.380500	147.000000
0.380520	149.000000
0.380540	150.000000
0.380560	151.000000
0.380580	151.000000
0.380600	152.000000
0.380620	153.000000
0.380640	152.000000
0.380660	149.000000
0.380680	146.000000
0.380700	145.000000
0.380720	146.000000
0.380740	147.000000
0.380760	147.000000
0.380780	147.000000
0.380800	148.000000
0.380820	149.000000
0.380840	150.000000
0.380860	149.000000
0.380880	149.000000
0.380900	149.000000
0.380920	149.000000
0.380940	149.000000
0.380960	149.000000
0.380980	149.000000
0.381000	149.000000
0.381020	150.000000
0.381040	150.000000
0.381060	149.000000
0.381080	148.000000
0.381100	149.000000
0.381120	151.000000
0.381140	152.000000
0.381160	151.000000
0.381180	148.000000
0.381200	146.000000
0.381220	145.000000
0.381240	145.000000
0.381260	144.000000
0.381280	143.000000
0.381300	143.000000
0.381320	146.000000
0.381340	148.000000
0.381360	149.000000
0.381380	148.000000
0.381400	151.000000
0.381420	156.000000
0.381440	160.000000
0.381460	155.000000
0.381480	140.000000
