0.341500	102.000000
0.341520	57.000000
0.341540	118.000000
0.341560	165.000000
0.341580	170.000000
0.341600	149.000000
0.341620	134.000000
0.341640	141.000000
0.341660	156.000000
0.341680	161.000000
0.341700	153.000000
0.341720	145.000000
0.341740	147.000000
0.341760	154.000000
0.341780	154.000000
0.341800	146.000000
0.341820	140.000000
0.341840	141.000000
0.341860	147.000000
0.341880	149.000000
0.341900	144.000000
0.341920	141.000000
0.341940	144.000000
0.341960	151.000000
0.341980	154.000000
0.342000	153.000000
0.342020	153.000000
0.342040	156.000000
0.342060	160.000000
0.342080	161.000000
0.342100	157.000000
0.342120	153.000000
0.342140	153.000000
0.342160	154.000000
0.342180	152.000000
0.342200	147.000000
0.342220	143.000000
0.342240	143.000000
0.342260	144.000000
0.342280	144.000000
0.342300	142.000000
0.342320	140.000000
0.342340	143.000000
0.342360	148.000000
0.342380	152.000000
0.342400	153.000000
0.342420	154.000000
0.342440	156.000000
0.342460	158.000000
0.342480	157.000000
0.342500	153.000000
0.342520	150.000000
0.342540	149.000000
0.342560	150.000000
0.342580	148.000000
0.342600	144.000000
0.342620	141.000000
0.342640	142.000000
0.342660	144.000000
0.342680	145.000000
0.342700	144.000000
0.342720	142.000000
0.342740	144.000000
0.342760	148.000000
0.342780	151.000000
0.342800	152.000000
0.342820	151.000000
0.342840	152.000000
0.342860	153.000000
0.342880	153.000000
0.342900	152.000000
0.342920	150.000000
0.342940	150.000000
0.342960	151.000000
0.342980	150.000000
0.343000	148.000000
0.343020	148.000000
0.343040	150.000000
0.343060	153.000000
0.343080	153.000000
0.343100	150.000000
0.343120	147.000000
0.343140	146.000000
0.343160	148.000000
0.343180	150.000000
0.343200	150.000000
0.343220	148.000000
0.343240	148.000000
0.343260	148.000000
0.343280	148.000000
0.343300	148.000000
0.343320	148.000000
0.343340	150.000000
0.343360	151.000000
0.343380	151.000000
0.343400	150.000000
0.343420	149.000000
0.343440	150.000000
0.343460	151.000000
0.343480	151.000000
0.343500	149.000000
0.343520	147.000000
0.343540	147.000000
0.343560	147.000000
0.343580	148.000000
0.343600	147.000000
0.343620	146.000000
0.343640	146.000000
0.343660	146.000000
0.343680	146.000000
0.343700	145.000000
0.343720	145.000000
0.343740	146.000000
0.343760	149.000000
0.343780	151.000000
0.343800	151.000000
0.343820	150.000000
0.343840	151.000000
0.343860	152.000000
0.343880	153.000000
0.343900	153.000000
0.343920	152.000000
0.343940	152.000000
0.343960	152.000000
0.343980	150.000000
0.344000	148.000000
0.344020	146.000000
0.344040	145.000000
0.344060	146.000000
0.344080	146.000000
0.344100	145.000000
0.344120	143.000000
0.344140	143.000000
0.344160	145.000000
0.344180	146.000000
0.344200	148.000000
0.344220	150.000000
0.344240	152.000000
0.344260	155.000000
0.344280	155.000000
0.344300	154.000000
0.344320	152.000000
0.344340	150.000000
0.344360	150.000000
0.344380	149.000000
0.344400	147.000000
0.344420	146.000000
0.344440	146.000000
0.344460	147.000000
0.344480	147.000000
0.344500	146.000000
0.344520	145.000000
0.344540	147.000000
0.344560	150.000000
0.344580	152.000000
0.344600	152.000000
0.344620	150.000000
0.344640	149.000000
0.344660	148.000000
0.344680	149.000000
0.344700	149.000000
0.344720	148.000000
0.344740	148.000000
0.344760	148.000000
0.344780	148.000000
0.344800	147.000000
0.344820	146.000000
0.344840	147.000000
0.344860	149.000000
0.344880	152.000000
0.344900	153.000000
0.344920	152.000000
0.344940	150.000000
0.344960	149.000000
0.344980	148.000000
0.345000	147.000000
0.345020	147.000000
0.345040	146.000000
0.345060	146.000000
0.345080	146.000000
0.345100	147.000000
0.345120	149.000000
0.345140	150.000000
0.345160	152.000000
0.345180	153.000000
0.345200	153.000000
0.345220	154.000000
0.345240	155.000000
0.345260	156.000000
0.345280	156.000000
0.345300	155.000000
0.345320	154.000000
0.345340	152.000000
0.345360	151.000000
0.345380	149.000000
0.345400	148.000000
0.345420	147.000000
0.345440	146.000000
0.345460	145.000000
0.345480	145.000000
0.345500	145.000000
0.345520	146.000000
0.345540	147.000000
0.345560	149.000000
0.345580	150.000000
0.345600	151.000000
0.345620	151.000000
0.345640	152.000000
0.345660	153.000000
0.345680	153.000000
0.345700	153.000000
0.345720	151.000000
0.345740	150.000000
0.345760	149.000000
0.345780	149.000000
0.345800	148.000000
0.345820	147.000000
0.345840	146.000000
0.345860	145.000000
0.345880	144.000000
0.345900	143.000000
0.345920	143.000000
0.345940	143.000000
0.345960	145.000000
0.345980	147.000000
0.346000	148.000000
0.346020	150.000000
0.346040	152.000000
0.346060	154.000000
0.346080	154.000000
0.346100	152.000000
0.346120	150.000000
0.346140	149.000000
0.346160	147.000000
0.346180	146.000000
0.346200	146.000000
0.346220	146.000000
0.346240	147.000000
0.346260	149.000000
0.346280	150.000000
0.346300	149.000000
0.346320	149.000000
0.346340	149.000000
0.346360	151.000000
0.346380	151.000000
0.346400	151.000000
0.346420	150.000000
0.346440	149.000000
0.346460	148.000000
0.346480	148.000000
0.346500	148.000000
0.346520	149.000000
0.346540	151.000000
0.346560	152.000000
0.346580	154.000000
0.346600	154.000000
0.346620	154.000000
0.346640	153.000000
0.346660	152.000000
0.346680	151.000000
0.346700	150.000000
0.346720	148.000000
0.346740	147.000000
0.346760	146.000000
0.346780	145.000000
0.346800	144.000000
0.346820	144.000000
0.346840	144.000000
0.346860	144.000000
0.346880	146.000000
0.346900	147.000000
0.346920	150.000000
0.346940	152.000000
0.346960	154.000000
0.346980	155.000000
0.347000	155.000000
0.347020	154.000000
0.347040	153.000000
0.347060	153.000000
0.347080	153.000000
0.347100	153.000000
0.347120	152.000000
0.347140	151.000000
0.347160	150.000000
0.347180	148.000000
0.347200	146.000000
0.347220	144.000000
0.347240	144.000000
0.347260	144.000000
0.347280	145.000000
0.347300	146.000000
0.347320	147.000000
0.347340	148.000000
0.347360	148.000000
0.347380	148.000000
0.347400	148.000000
0.347420	149.000000
0.347440	151.000000
0.347460	152.000000
0.347480	151.000000
0.347500	149.000000
0.347520	148.000000
0.347540	148.000000
0.347560	149.000000
0.347580	150.000000
0.347600	150.000000
0.347620	149.000000
0.347640	148.000000
0.347660	148.000000
0.347680	147.000000
0.347700	147.000000
0.347720	147.000000
0.347740	148.000000
0.347760	149.000000
0.347780	150.000000
0.347800	150.000000
0.347820	148.000000
0.347840	147.000000
0.347860	148.000000
0.347880	149.000000
0.347900	149.000000
0.347920	149.000000
0.347940	148.000000
0.347960	147.000000
0.347980	147.000000
0.348000	148.000000
0.348020	149.000000
0.348040	151.000000
0.348060	153.000000
0.348080	154.000000
0.348100	153.000000
0.348120	151.000000
0.348140	149.000000
0.348160	147.000000
0.348180	146.000000
0.348200	145.000000
0.348220	145.000000
0.348240	146.000000
0.348260	147.000000
0.348280	148.000000
0.348300	148.000000
0.348320	148.000000
0.348340	148.000000
0.348360	149.000000
0.348380	149.000000
0.348400	149.000000
0.348420	150.000000
0.348440	152.000000
0.348460	154.000000
0.348480	154.000000
0.348500	153.000000
0.348520	151.000000
0.348540	149.000000
0.348560	148.000000
0.348580	147.000000
0.348600	146.000000
0.348620	145.000000
0.348640	144.000000
0.348660	145.000000
0.348680	145.000000
0.348700	145.000000
0.348720	145.000000
0.348740	146.000000
0.348760	147.000000
0.348780	149.000000
0.348800	150.000000
0.348820	150.000000
0.348840	149.000000
0.348860	149.000000
0.348880	150.000000
0.348900	150.000000
0.348920	150.000000
0.348940	151.000000
0.348960	151.000000
0.348980	150.000000
0.349000	150.000000
0.349020	149.000000
0.349040	148.000000
0.349060	147.000000
0.349080	146.000000
0.349100	145.000000
0.349120	146.000000
0.349140	147.000000
0.349160	149.000000
0.349180	152.000000
0.349200	153.000000
0.349220	153.000000
0.349240	153.000000
0.349260	152.000000
0.349280	150.000000
0.349300	150.000000
0.349320	150.000000
0.349340	150.000000
0.349360	151.000000
0.349380	150.000000
0.349400	149.000000
0.349420	148.000000
0.349440	147.000000
0.349460	146.000000
0.349480	146.000000
0.349500	145.000000
0.349520	145.000000
0.349540	145.000000
0.349560	146.000000
0.349580	147.000000
0.349600	149.000000
0.349620	152.000000
0.349640	157.000000
0.349660	164.000000
0.349680	169.000000
0.349700	171.000000
0.349720	170.000000
0.349740	167.000000
0.349760	161.000000
0.349780	153.000000
0.349800	142.000000
0.349820	132.000000
0.349840	125.000000
0.349860	122.000000
0.349880	122.000000
0.349900	123.000000
0.349920	124.000000
0.349940	126.000000
0.349960	132.000000
0.349980	142.000000
0.350000	155.000000
0.350020	171.000000
0.350040	185.000000
0.350060	193.000000
0.350080	194.000000
0.350100	188.000000
0.350120	177.000000
0.350140	166.000000
0.350160	157.000000
0.350180	150.000000
0.350200	143.000000
0.350220	133.000000
0.350240	122.000000
0.350260	108.000000
0.350280	96.000000
0.350300	88.000000
0.350320	86.000000
0.350340	93.000000
0.350360	107.000000
0.350380	127.000000
0.350400	150.000000
0.350420	173.000000
0.350440	196.000000
0.350460	215.000000
0.350480	228.000000
0.350500	233.000000
0.350520	232.000000
0.350540	222.000000
0.350560	203.000000
0.350580	175.000000
0.350600	140.000000
0.350620	102.000000
0.350640	69.000000
0.350660	46.000000
0.350680	35.000000
0.350700	35.000000
0.350720	46.000000
0.350740	71.000000
0.350760	107.000000
0.350780	149.000000
0.350800	188.000000
0.350820	216.000000
0.350840	232.000000
0.350860	238.000000
0.350880	236.000000
0.350900	228.000000
0.350920	211.000000
0.350940	184.000000
0.350960	150.000000
0.350980	115.000000
0.351000	86.000000
0.351020	67.000000
0.351040	61.000000
0.351060	65.000000
0.351080	79.000000
0.351100	101.000000
0.351120	127.000000
0.351140	153.000000
0.351160	175.000000
0.351180	193.000000
0.351200	204.000000
0.351220	208.000000
0.351240	205.000000
0.351260	195.000000
0.351280	180.000000
0.351300	163.000000
0.351320	144.000000
0.351340	129.000000
0.351360	117.000000
0.351380	111.000000
0.351400	111.000000
0.351420	115.000000
0.351440	123.000000
0.351460	133.000000
0.351480	143.000000
0.351500	153.000000
0.351520	161.000000
0.351540	166.000000
0.351560	168.000000
0.351580	168.000000
0.351600	167.000000
0.351620	164.000000
0.351640	160.000000
0.351660	154.000000
0.351680	148.000000
0.351700	144.000000
0.351720	141.000000
0.351740	139.000000
0.351760	138.000000
0.351780	138.000000
0.351800	139.000000
0.351820	142.000000
0.351840	146.000000
0.351860	148.000000
0.351880	149.000000
0.351900	149.000000
0.351920	150.000000
0.351940	151.000000
0.351960	152.000000
0.351980	152.000000
0.352000	152.000000
0.352020	154.000000
0.352040	155.000000
0.352060	155.000000
0.352080	152.000000
0.352100	148.000000
0.352120	146.000000
0.352140	146.000000
0.352160	147.000000
0.352180	147.000000
0.352200	145.000000
0.352220	143.000000
0.352240	143.000000
0.352260	145.000000
0.352280	147.000000
0.352300	148.000000
0.352320	148.000000
0.352340	149.000000
0.352360	151.000000
0.352380	153.000000
0.352400	154.000000
0.352420	154.000000
0.352440	154.000000
0.352460	154.000000
0.352480	154.000000
0.352500	152.000000
0.352520	150.000000
0.352540	147.000000
0.352560	144.000000
0.352580	143.000000
0.352600	143.000000
0.352620	143.000000
0.352640	143.000000
0.352660	143.000000
0.352680	144.000000
0.352700	145.000000
0.352720	146.000000
0.352740	147.000000
0.352760	148.000000
0.352780	150.000000
0.352800	153.000000
0.352820	157.000000
0.352840	162.000000
0.352860	167.000000
0.352880	170.000000
0.352900	170.000000
0.352920	166.000000
0.352940	159.000000
0.352960	151.000000
0.352980	142.000000
0.353000	134.000000
0.353020	128.000000
0.353040	123.000000
0.353060	121.000000
0.353080	120.000000
0.353100	121.000000
0.353120	122.000000
0.353140	126.000000
0.353160	134.000000
0.353180	147.000000
0.353200	163.000000
0.353220	178.000000
0.353240	188.000000
0.353260	192.000000
0.353280	189.000000
0.353300	181.000000
0.353320	172.000000
0.353340	164.000000
0.353360	157.000000
0.353380	150.000000
0.353400	142.000000
0.353420	131.000000
0.353440	117.000000
0.353460	104.000000
0.353480	93.000000
0.353500	88.000000
0.353520	91.000000
0.353540	101.000000
0.353560	118.000000
0.353580	139.000000
0.353600	161.000000
0.353620	184.000000
0.353640	204.000000
0.353660	220.000000
0.353680	231.000000
0.353700	234.000000
0.353720	230.000000
0.353740	216.000000
0.353760	192.000000
0.353780	162.000000
0.353800	127.000000
0.353820	94.000000
0.353840	66.000000
0.353860	46.000000
0.353880	37.000000
0.353900	39.000000
0.353920	56.000000
0.353940	85.000000
0.353960	122.000000
0.353980	161.000000
0.354000	194.000000
0.354020	218.000000
0.354040	232.000000
0.354060	237.000000
0.354080	233.000000
0.354100	220.000000
0.354120	199.000000
0.354140	171.000000
0.354160	141.000000
0.354180	113.000000
0.354200	91.000000
0.354220	78.000000
0.354240	74.000000
0.354260	81.000000
0.354280	95.000000
0.354300	115.000000
0.354320	137.000000
0.354340	157.000000
0.354360	174.000000
0.354380	186.000000
0.354400	191.000000
0.354420	191.000000
0.354440	185.000000
0.354460	177.000000
0.354480	167.000000
0.354500	155.000000
0.354520	142.000000
0.354540	132.000000
0.354560	125.000000
0.354580	123.000000
0.354600	124.000000
0.354620	129.000000
0.354640	135.000000
0.354660	141.000000
0.354680	148.000000
0.354700	154.000000
0.354720	158.000000
0.354740	159.000000
0.354760	159.000000
0.354780	157.000000
0.354800	156.000000
0.354820	154.000000
0.354840	151.000000
0.354860	147.000000
0.354880	143.000000
0.354900	142.000000
0.354920	142.000000
0.354940	143.000000
0.354960	144.000000
0.354980	145.000000
0.355000	146.000000
0.355020	147.000000
0.355040	148.000000
0.355060	148.000000
0.355080	147.000000
0.355100	147.000000
0.355120	147.000000
0.355140	148.000000
0.355160	149.000000
0.355180	151.000000
0.355200	152.000000
0.355220	153.000000
0.355240	153.000000
0.355260	151.000000
0.355280	150.000000
0.355300	149.000000
0.355320	149.000000
0.355340	149.000000
0.355360	148.000000
0.355380	147.000000
0.355400	146.000000
0.355420	146.000000
0.355440	147.000000
0.355460	148.000000
0.355480	148.000000
0.355500	149.000000
0.355520	150.000000
0.355540	152.000000
0.355560	153.000000
0.355580	153.000000
0.355600	152.000000
0.355620	151.000000
0.355640	152.000000
0.355660	152.000000
0.355680	152.000000
0.355700	150.000000
0.355720	148.000000
0.355740	146.000000
0.355760	144.000000
0.355780	142.000000
0.355800	142.000000
0.355820	143.000000
0.355840	145.000000
0.355860	147.000000
0.355880	148.000000
0.355900	149.000000
0.355920	150.000000
0.355940	151.000000
0.355960	152.000000
0.355980	152.000000
0.356000	152.000000
0.356020	154.000000
0.356040	157.000000
0.356060	160.000000
0.356080	160.000000
0.356100	158.000000
0.356120	155.000000
0.356140	151.000000
0.356160	147.000000
0.356180	142.000000
0.356200	138.000000
0.356220	135.000000
0.356240	135.000000
0.356260	136.000000
0.356280	136.000000
0.356300	135.000000
0.356320	136.000000
0.356340	140.000000
0.356360	148.000000
0.356380	158.000000
0.356400	166.000000
0.356420	172.000000
0.356440	175.000000
0.356460	175.000000
0.356480	172.000000
0.356500	167.000000
0.356520	163.000000
0.356540	159.000000
0.356560	155.000000
0.356580	150.000000
0.356600	143.000000
0.356620	133.000000
0.356640	123.000000
0.356660	113.000000
0.356680	107.000000
0.356700	104.000000
0.356720	107.000000
0.356740	115.000000
0.356760	129.000000
0.356780	146.000000
0.356800	162.000000
0.356820	177.000000
0.356840	190.000000
0.356860	202.000000
0.356880	209.000000
0.356900	211.000000
0.356920	206.000000
0.356940	193.000000
0.356960	173.000000
0.356980	150.000000
0.357000	125.000000
0.357020	102.000000
0.357040	83.000000
0.357060	72.000000
0.357080	70.000000
0.357100	78.000000
0.357120	93.000000
0.357140	114.000000
0.357160	138.000000
0.357180	162.000000
0.357200	184.000000
0.357220	200.000000
0.357240	209.000000
0.357260	211.000000
0.357280	205.000000
0.357300	195.000000
0.357320	180.000000
0.357340	163.000000
0.357360	145.000000
0.357380	128.000000
0.357400	114.000000
0.357420	106.000000
0.357440	105.000000
0.357460	110.000000
0.357480	119.000000
0.357500	130.000000
0.357520	142.000000
0.357540	153.000000
0.357560	161.000000
0.357580	167.000000
0.357600	170.000000
0.357620	171.000000
0.357640	170.000000
0.357660	166.000000
0.357680	160.000000
0.357700	153.000000
0.357720	146.000000
0.357740	141.000000
0.357760	138.000000
0.357780	137.000000
0.357800	137.000000
0.357820	137.000000
0.357840	139.000000
0.357860	141.000000
0.357880	143.000000
0.357900	145.000000
0.357920	146.000000
0.357940	147.000000
0.357960	148.000000
0.357980	150.000000
0.358000	153.000000
0.358020	155.000000
0.358040	156.000000
0.358060	155.000000
0.358080	153.000000
0.358100	151.000000
0.358120	149.000000
0.358140	148.000000
0.358160	148.000000
0.358180	148.000000
0.358200	147.000000
0.358220	147.000000
0.358240	147.000000
0.358260	146.000000
0.358280	145.000000
0.358300	144.000000
0.358320	143.000000
0.358340	144.000000
0.358360	146.000000
0.358380	149.000000
0.358400	152.000000
0.358420	155.000000
0.358440	157.000000
0.358460	158.000000
0.358480	157.000000
0.358500	155.000000
0.358520	152.000000
0.358540	149.000000
0.358560	147.000000
0.358580	145.000000
0.358600	144.000000
0.358620	144.000000
0.358640	143.000000
0.358660	144.000000
0.358680	145.000000
0.358700	147.000000
0.358720	150.000000
0.358740	153.000000
0.358760	155.000000
0.358780	156.000000
0.358800	156.000000
0.358820	156.000000
0.358840	155.000000
0.358860	154.000000
0.358880	152.000000
0.358900	149.000000
0.358920	146.000000
0.358940	143.000000
0.358960	142.000000
0.358980	143.000000
0.359000	145.000000
0.359020	146.000000
0.359040	147.000000
0.359060	147.000000
0.359080	147.000000
0.359100	148.000000
0.359120	149.000000
0.359140	151.000000
0.359160	152.000000
0.359180	154.000000
0.359200	155.000000
0.359220	156.000000
0.359240	155.000000
0.359260	154.000000
0.359280	151.000000
0.359300	150.000000
0.359320	149.000000
0.359340	148.000000
0.359360	146.000000
0.359380	144.000000
0.359400	142.000000
0.359420	141.000000
0.359440	140.000000
0.359460	139.000000
0.359480	138.000000
0.359500	138.000000
0.359520	140.000000
0.359540	144.000000
0.359560	149.000000
0.359580	154.000000
0.359600	157.000000
0.359620	160.000000
0.359640	161.000000
0.359660	162.000000
0.359680	162.000000
0.359700	161.000000
0.359720	160.000000
0.359740	157.000000
0.359760	154.000000
0.359780	149.000000
0.359800	142.000000
0.359820	134.000000
0.359840	127.000000
0.359860	123.000000
0.359880	121.000000
0.359900	123.000000
0.359920	128.000000
0.359940	135.000000
0.359960	143.000000
0.359980	152.000000
0.360000	161.000000
0.360020	169.000000
0.360040	177.000000
0.360060	184.000000
0.360080	188.000000
0.360100	187.000000
0.360120	180.000000
0.360140	169.000000
0.360160	156.000000
0.360180	142.000000
0.360200	128.000000
0.360220	117.000000
0.360240	108.000000
0.360260	104.000000
0.360280	106.000000
0.360300	114.000000
0.360320	125.000000
0.360340	138.000000
0.360360	150.000000
0.360380	160.000000
0.360400	169.000000
0.360420	177.000000
0.360440	182.000000
0.360460	182.000000
0.360480	178.000000
0.360500	170.000000
0.360520	160.000000
0.360540	151.000000
0.360560	143.000000
0.360580	137.000000
0.360600	132.000000
0.360620	128.000000
0.360640	128.000000
0.360660	132.000000
0.360680	137.000000
0.360700	143.000000
0.360720	148.000000
0.360740	152.000000
0.360760	155.000000
0.360780	157.000000
0.360800	158.000000
0.360820	158.000000
0.360840	157.000000
0.360860	156.000000
0.360880	155.000000
0.360900	152.000000
0.360920	149.000000
0.360940	146.000000
0.360960	143.000000
0.360980	141.000000
0.361000	140.000000
0.361020	141.000000
0.361040	142.000000
0.361060	143.000000
0.361080	144.000000
0.361100	145.000000
0.361120	147.000000
0.361140	151.000000
0.361160	154.000000
0.361180	157.000000
0.361200	157.000000
0.361220	156.000000
0.361240	154.000000
0.361260	153.000000
0.361280	152.000000
0.361300	152.000000
0.361320	150.000000
0.361340	148.000000
0.361360	146.000000
0.361380	144.000000
0.361400	144.000000
0.361420	144.000000
0.361440	145.000000
0.361460	145.000000
0.361480	145.000000
0.361500	145.000000
0.361520	146.000000
0.361540	148.000000
0.361560	150.000000
0.361580	151.000000
0.361600	153.000000
0.361620	154.000000
0.361640	156.000000
0.361660	156.000000
0.361680	155.000000
0.361700	153.000000
0.361720	151.000000
0.361740	148.000000
0.361760	145.000000
0.361780	142.000000
0.361800	141.000000
0.361820	141.000000
0.361840	142.000000
0.361860	142.000000
0.361880	143.000000
0.361900	145.000000
0.361920	149.000000
0.361940	152.000000
0.361960	155.000000
0.361980	157.000000
0.362000	156.000000
0.362020	155.000000
0.362040	152.000000
0.362060	150.000000
0.362080	147.000000
0.362100	144.000000
0.362120	143.000000
0.362140	143.000000
0.362160	144.000000
0.362180	145.000000
0.362200	144.000000
0.362220	144.000000
0.362240	146.000000
0.362260	148.000000
0.362280	150.000000
0.362300	150.000000
0.362320	149.000000
0.362340	148.000000
0.362360	149.000000
0.362380	150.000000
0.362400	151.000000
0.362420	151.000000
0.362440	150.000000
0.362460	148.000000
0.362480	147.000000
0.362500	146.000000
0.362520	146.000000
0.362540	146.000000
0.362560	147.000000
0.362580	148.000000
0.362600	149.000000
0.362620	149.000000
0.362640	148.000000
0.362660	147.000000
0.362680	146.000000
0.362700	146.000000
0.362720	147.000000
0.362740	148.000000
0.362760	151.000000
0.362780	152.000000
0.362800	153.000000
0.362820	153.000000
0.362840	152.000000
0.362860	151.000000
0.362880	151.000000
0.362900	153.000000
0.362920	155.000000
0.362940	156.000000
0.362960	156.000000
0.362980	152.000000
0.363000	146.000000
0.363020	141.000000
0.363040	136.000000
0.363060	135.000000
0.363080	135.000000
0.363100	137.000000
0.363120	139.000000
0.363140	141.000000
0.363160	145.000000
0.363180	149.000000
0.363200	154.000000
0.363220	159.000000
0.363240	164.000000
0.363260	167.000000
0.363280	168.000000
0.363300	166.000000
0.363320	161.000000
0.363340	155.000000
0.363360	148.000000
0.363380	141.000000
0.363400	137.000000
0.363420	134.000000
0.363440	133.000000
0.363460	135.000000
0.363480	138.000000
0.363500	142.000000
0.363520	148.000000
0.363540	153.000000
0.363560	157.000000
0.363580	160.000000
0.363600	162.000000
0.363620	161.000000
0.363640	160.000000
0.363660	158.000000
0.363680	154.000000
0.363700	151.000000
0.363720	147.000000
0.363740	145.000000
0.363760	143.000000
0.363780	142.000000
0.363800	142.000000
0.363820	143.000000
0.363840	145.000000
0.363860	148.000000
0.363880	152.000000
0.363900	154.000000
0.363920	155.000000
0.363940	155.000000
0.363960	154.000000
0.363980	152.000000
0.364000	150.000000
0.364020	147.000000
0.364040	146.000000
0.364060	145.000000
0.364080	144.000000
0.364100	143.000000
0.364120	143.000000
0.364140	142.000000
0.364160	143.000000
0.364180	144.000000
0.364200	146.000000
0.364220	148.000000
0.364240	150.000000
0.364260	151.000000
0.364280	151.000000
0.364300	151.000000
0.364320	151.000000
0.364340	151.000000
0.364360	151.000000
0.364380	151.000000
0.364400	150.000000
0.364420	149.000000
0.364440	149.000000
0.364460	149.000000
0.364480	149.000000
0.364500	148.000000
0.364520	148.000000
0.364540	148.000000
0.364560	149.000000
0.364580	150.000000
0.364600	150.000000
0.364620	150.000000
0.364640	150.000000
0.364660	150.000000
0.364680	150.000000
0.364700	150.000000
0.364720	149.000000
0.364740	149.000000
0.364760	148.000000
0.364780	148.000000
0.364800	148.000000
0.364820	148.000000
0.364840	149.000000
0.364860	149.000000
0.364880	149.000000
0.364900	147.000000
0.364920	145.000000
0.364940	144.000000
0.364960	144.000000
0.364980	144.000000
0.365000	144.000000
0.365020	143.000000
0.365040	142.000000
0.365060	144.000000
0.365080	147.000000
0.365100	151.000000
0.365120	153.000000
0.365140	154.000000
0.365160	154.000000
0.365180	154.000000
0.365200	153.000000
0.365220	151.000000
0.365240	149.000000
0.365260	146.000000
0.365280	145.000000
0.365300	144.000000
0.365320	144.000000
0.365340	144.000000
0.365360	145.000000
0.365380	147.000000
0.365400	149.000000
0.365420	150.000000
0.365440	151.000000
0.365460	152.000000
0.365480	153.000000
0.365500	152.000000
0.365520	151.000000
0.365540	150.000000
0.365560	149.000000
0.365580	150.000000
0.365600	151.000000
0.365620	151.000000
0.365640	149.000000
0.365660	147.000000
0.365680	146.000000
0.365700	146.000000
0.365720	147.000000
0.365740	148.000000
0.365760	150.000000
0.365780	151.000000
0.365800	151.000000
0.365820	150.000000
0.365840	148.000000
0.365860	147.000000
0.365880	147.000000
0.365900	147.000000
0.365920	148.000000
0.365940	149.000000
0.365960	149.000000
0.365980	150.000000
0.366000	149.000000
0.366020	149.000000
0.366040	148.000000
0.366060	148.000000
0.366080	149.000000
0.366100	151.000000
0.366120	152.000000
0.366140	151.000000
0.366160	148.000000
0.366180	146.000000
0.366200	144.000000
0.366220	145.000000
0.366240	146.000000
0.366260	146.000000
0.366280	147.000000
0.366300	147.000000
0.366320	148.000000
0.366340	150.000000
0.366360	153.000000
0.366380	155.000000
0.366400	156.000000
0.366420	156.000000
0.366440	153.000000
0.366460	150.000000
0.366480	146.000000
0.366500	144.000000
0.366520	143.000000
0.366540	142.000000
0.366560	141.000000
0.366580	141.000000
0.366600	141.000000
0.366620	143.000000
0.366640	146.000000
0.366660	149.000000
0.366680	154.000000
0.366700	158.000000
0.366720	161.000000
0.366740	162.000000
0.366760	160.000000
0.366780	156.000000
0.366800	151.000000
0.366820	145.000000
0.366840	140.000000
0.366860	137.000000
0.366880	135.000000
0.366900	135.000000
0.366920	135.000000
0.366940	137.000000
0.366960	141.000000
0.366980	146.000000
0.367000	151.000000
0.367020	156.000000
0.367040	158.000000
0.367060	159.000000
0.367080	159.000000
0.367100	158.000000
0.367120	156.000000
0.367140	154.000000
0.367160	151.000000
0.367180	147.000000
0.367200	145.000000
0.367220	143.000000
0.367240	142.000000
0.367260	141.000000
0.367280	142.000000
0.367300	143.000000
0.367320	145.000000
0.367340	147.000000
0.367360	148.000000
0.367380	150.000000
0.367400	152.000000
0.367420	153.000000
0.367440	154.000000
0.367460	154.000000
0.367480	152.000000
0.367500	150.000000
0.367520	148.000000
0.367540	147.000000
0.367560	147.000000
0.367580	147.000000
0.367600	146.000000
0.367620	145.000000
0.367640	144.000000
0.367660	144.000000
0.367680	145.000000
0.367700	148.000000
0.367720	150.000000
0.367740	152.000000
0.367760	152.000000
0.367780	152.000000
0.367800	152.000000
0.367820	151.000000
0.367840	150.000000
0.367860	149.000000
0.367880	149.000000
0.367900	150.000000
0.367920	150.000000
0.367940	149.000000
0.367960	148.000000
0.367980	148.000000
0.368000	148.000000
0.368020	149.000000
0.368040	149.000000
0.368060	148.000000
0.368080	147.000000
0.368100	147.000000
0.368120	147.000000
0.368140	147.000000
0.368160	147.000000
0.368180	146.000000
0.368200	145.000000
0.368220	145.000000
0.368240	145.000000
0.368260	146.000000
0.368280	146.000000
0.368300	147.000000
0.368320	149.000000
0.368340	151.000000
0.368360	152.000000
0.368380	152.000000
0.368400	151.000000
0.368420	150.000000
0.368440	149.000000
0.368460	148.000000
0.368480	147.000000
0.368500	145.000000
0.368520	144.000000
0.368540	144.000000
0.368560	144.000000
0.368580	145.000000
0.368600	147.000000
0.368620	149.000000
0.368640	150.000000
0.368660	150.000000
0.368680	151.000000
0.368700	151.000000
0.368720	152.000000
0.368740	151.000000
0.368760	149.000000
0.368780	147.000000
0.368800	146.000000
0.368820	145.000000
0.368840	145.000000
0.368860	144.000000
0.368880	144.000000
0.368900	144.000000
0.368920	147.000000
0.368940	150.000000
0.368960	153.000000
0.368980	154.000000
0.369000	153.000000
0.369020	152.000000
0.369040	151.000000
0.369060	150.000000
0.369080	149.000000
0.369100	149.000000
0.369120	149.000000
0.369140	149.000000
0.369160	148.000000
0.369180	146.000000
0.369200	144.000000
0.369220	143.000000
0.369240	143.000000
0.369260	145.000000
0.369280	147.000000
0.369300	148.000000
0.369320	148.000000
0.369340	149.000000
0.369360	150.000000
0.369380	151.000000
0.369400	151.000000
0.369420	151.000000
0.369440	151.000000
0.369460	152.000000
0.369480	153.000000
0.369500	153.000000
0.369520	152.000000
0.369540	151.000000
0.369560	150.000000
0.369580	149.000000
0.369600	149.000000
0.369620	148.000000
0.369640	146.000000
0.369660	143.000000
0.369680	140.000000
0.369700	138.000000
0.369720	137.000000
0.369740	138.000000
0.369760	141.000000
0.369780	144.000000
0.369800	149.000000
0.369820	154.000000
0.369840	159.000000
0.369860	164.000000
0.369880	167.000000
0.369900	169.000000
0.369920	167.000000
0.369940	163.000000
0.369960	157.000000
0.369980	151.000000
0.370000	145.000000
0.370020	138.000000
0.370040	133.000000
0.370060	129.000000
0.370080	128.000000
0.370100	129.000000
0.370120	133.000000
0.370140	139.000000
0.370160	144.000000
0.370180	149.000000
0.370200	155.000000
0.370220	161.000000
0.370240	165.000000
0.370260	166.000000
0.370280	165.000000
0.370300	162.000000
0.370320	158.000000
0.370340	154.000000
0.370360	149.000000
0.370380	145.000000
0.370400	140.000000
0.370420	137.000000
0.370440	136.000000
0.370460	136.000000
0.370480	137.000000
0.370500	139.000000
0.370520	142.000000
0.370540	146.000000
0.370560	150.000000
0.370580	154.000000
0.370600	156.000000
0.370620	156.000000
0.370640	155.000000
0.370660	153.000000
0.370680	153.000000
0.370700	153.000000
0.370720	153.000000
0.370740	152.000000
0.370760	149.000000
0.370780	145.000000
0.370800	141.000000
0.370820	140.000000
0.370840	141.000000
0.370860	144.000000
0.370880	146.000000
0.370900	148.000000
0.370920	149.000000
0.370940	151.000000
0.370960	152.000000
0.370980	152.000000
0.371000	152.000000
0.371020	151.000000
0.371040	150.000000
0.371060	149.000000
0.371080	148.000000
0.371100	145.000000
0.371120	144.000000
0.371140	144.000000
0.371160	147.000000
0.371180	149.000000
0.371200	150.000000
0.371220	149.000000
0.371240	149.000000
0.371260	149.000000
0.371280	150.000000
0.371300	151.000000
0.371320	149.000000
0.371340	147.000000
0.371360	146.000000
0.371380	147.000000
0.371400	147.000000
0.371420	147.000000
0.371440	147.000000
0.371460	147.000000
0.371480	148.000000
0.371500	149.000000
0.371520	149.000000
0.371540	148.000000
0.371560	147.000000
0.371580	147.000000
0.371600	149.000000
0.371620	150.000000
0.371640	150.000000
0.371660	148.000000
0.371680	146.000000
0.371700	145.000000
0.371720	145.000000
0.371740	145.000000
0.371760	147.000000
0.371780	149.000000
0.371800	150.000000
0.371820	151.000000
0.371840	151.000000
0.371860	151.000000
0.371880	152.000000
0.371900	153.000000
0.371920	152.000000
0.371940	150.000000
0.371960	147.000000
0.371980	145.000000
0.372000	143.000000
0.372020	143.000000
0.372040	144.000000
0.372060	144.000000
0.372080	145.000000
0.372100	146.000000
0.372120	148.000000
0.372140	151.000000
0.372160	154.000000
0.372180	155.000000
0.372200	155.000000
0.372220	154.000000
0.372240	151.000000
0.372260	150.000000
0.372280	149.000000
0.372300	150.000000
0.372320	150.000000
0.372340	148.000000
0.372360	146.000000
0.372380	144.000000
0.372400	142.000000
0.372420	142.000000
0.372440	143.000000
0.372460	144.000000
0.372480	144.000000
0.372500	145.000000
0.372520	145.000000
0.372540	146.000000
0.372560	146.000000
0.372580	147.000000
0.372600	148.000000
0.372620	149.000000
0.372640	151.000000
0.372660	152.000000
0.372680	153.000000
0.372700	153.000000
0.372720	154.000000
0.372740	153.000000
0.372760	152.000000
0.372780	149.000000
0.372800	147.000000
0.372820	144.000000
0.372840	141.000000
0.372860	138.000000
0.372880	136.000000
0.372900	135.000000
0.372920	136.000000
0.372940	137.000000
0.372960	141.000000
0.372980	146.000000
0.373000	152.000000
0.373020	158.000000
0.373040	163.000000
0.373060	168.000000
0.373080	170.000000
0.373100	171.000000
0.373120	169.000000
0.373140	163.000000
0.373160	153.000000
0.373180	143.000000
0.373200	133.000000
0.373220	126.000000
0.373240	122.000000
0.373260	120.000000
0.373280	121.000000
0.373300	125.000000
0.373320	133.000000
0.373340	142.000000
0.373360	151.000000
0.373380	158.000000
0.373400	163.000000
0.373420	167.000000
0.373440	170.000000
0.373460	170.000000
0.373480	167.000000
0.373500	160.000000
0.373520	153.000000
0.373540	146.000000
0.373560	141.000000
0.373580	138.000000
0.373600	136.000000
0.373620	135.000000
0.373640	135.000000
0.373660	136.000000
0.373680	139.000000
0.373700	143.000000
0.373720	148.000000
0.373740	153.000000
0.373760	156.000000
0.373780	158.000000
0.373800	157.000000
0.373820	157.000000
0.373840	157.000000
0.373860	156.000000
0.373880	154.000000
0.373900	151.000000
0.373920	147.000000
0.373940	144.000000
0.373960	142.000000
0.373980	141.000000
0.374000	141.000000
0.374020	141.000000
0.374040	142.000000
0.374060	144.000000
0.374080	147.000000
0.374100	150.000000
0.374120	151.000000
0.374140	152.000000
0.374160	153.000000
0.374180	154.000000
0.374200	154.000000
0.374220	154.000000
0.374240	153.000000
0.374260	152.000000
0.374280	150.000000
0.374300	149.000000
0.374320	148.000000
0.374340	148.000000
0.374360	148.000000
0.374380	148.000000
0.374400	148.000000
0.374420	149.000000
0.374440	149.000000
0.374460	149.000000
0.374480	148.000000
0.374500	148.000000
0.374520	148.000000
0.374540	148.000000
0.374560	148.000000
0.374580	148.000000
0.374600	148.000000
0.374620	147.000000
0.374640	147.000000
0.374660	148.000000
0.374680	148.000000
0.374700	149.000000
0.374720	149.000000
0.374740	150.000000
0.374760	151.000000
0.374780	151.000000
0.374800	150.000000
0.374820	150.000000
0.374840	149.000000
0.374860	148.000000
0.374880	147.000000
0.374900	147.000000
0.374920	146.000000
0.374940	146.000000
0.374960	146.000000
0.374980	146.000000
0.375000	147.000000
0.375020	148.000000
0.375040	150.000000
0.375060	151.000000
0.375080	150.000000
0.375100	149.000000
0.375120	147.000000
0.375140	146.000000
0.375160	145.000000
0.375180	145.000000
0.375200	145.000000
0.375220	145.000000
0.375240	144.000000
0.375260	144.000000
0.375280	146.000000
0.375300	149.000000
0.375320	152.000000
0.375340	154.000000
0.375360	155.000000
0.375380	155.000000
0.375400	155.000000
0.375420	156.000000
0.375440	156.000000
0.375460	155.000000
0.375480	153.000000
0.375500	150.000000
0.375520	149.000000
0.375540	147.000000
0.375560	145.000000
0.375580	143.000000
0.375600	141.000000
0.375620	141.000000
0.375640	142.000000
0.375660	144.000000
0.375680	145.000000
0.375700	146.000000
0.375720	147.000000
0.375740	149.000000
0.375760	151.000000
0.375780	153.000000
0.375800	154.000000
0.375820	154.000000
0.375840	155.000000
0.375860	155.000000
0.375880	155.000000
0.375900	155.000000
0.375920	154.000000
0.375940	153.000000
0.375960	151.000000
0.375980	149.000000
0.376000	145.000000
0.376020	141.000000
0.376040	136.000000
0.376060	132.000000
0.376080	131.000000
0.376100	131.000000
0.376120	134.000000
0.376140	139.000000
0.376160	144.000000
0.376180	149.000000
0.376200	154.000000
0.376220	160.000000
0.376240	164.000000
0.376260	168.000000
0.376280	168.000000
0.376300	166.000000
0.376320	162.000000
0.376340	155.000000
0.376360	148.000000
0.376380	140.000000
0.376400	133.000000
0.376420	127.000000
0.376440	125.000000
0.376460	125.000000
0.376480	128.000000
0.376500	131.000000
0.376520	136.000000
0.376540	143.000000
0.376560	152.000000
0.376580	160.000000
0.376600	166.000000
0.376620	169.000000
0.376640	169.000000
0.376660	168.000000
0.376680	166.000000
0.376700	162.000000
0.376720	156.000000
0.376740	148.000000
0.376760	142.000000
0.376780	138.000000
0.376800	136.000000
0.376820	135.000000
0.376840	134.000000
0.376860	135.000000
0.376880	138.000000
0.376900	142.000000
0.376920	147.000000
0.376940	151.000000
0.376960	154.000000
0.376980	156.000000
0.377000	157.000000
0.377020	157.000000
0.377040	157.000000
0.377060	156.000000
0.377080	155.000000
0.377100	152.000000
0.377120	150.000000
0.377140	146.000000
0.377160	143.000000
0.377180	141.000000
0.377200	140.000000
0.377220	139.000000
0.377240	140.000000
0.377260	142.000000
0.377280	144.000000
0.377300	147.000000
0.377320	149.000000
0.377340	151.000000
0.377360	151.000000
0.377380	151.000000
0.377400	151.000000
0.377420	150.000000
0.377440	149.000000
0.377460	148.000000
0.377480	147.000000
0.377500	146.000000
0.377520	145.000000
0.377540	145.000000
0.377560	146.000000
0.377580	148.000000
0.377600	150.000000
0.377620	152.000000
0.377640	152.000000
0.377660	151.000000
0.377680	150.000000
0.377700	149.000000
0.377720	148.000000
0.377740	147.000000
0.377760	146.000000
0.377780	146.000000
0.377800	146.000000
0.377820	147.000000
0.377840	149.000000
0.377860	150.000000
0.377880	150.000000
0.377900	150.000000
0.377920	150.000000
0.377940	150.000000
0.377960	150.000000
0.377980	150.000000
0.378000	149.000000
0.378020	148.000000
0.378040	147.000000
0.378060	146.000000
0.378080	145.000000
0.378100	146.000000
0.378120	147.000000
0.378140	148.000000
0.378160	149.000000
0.378180	149.000000
0.378200	150.000000
0.378220	150.000000
0.378240	151.000000
0.378260	152.000000
0.378280	152.000000
0.378300	151.000000
0.378320	150.000000
0.378340	149.000000
0.378360	148.000000
0.378380	147.000000
0.378400	146.000000
0.378420	145.000000
0.378440	144.000000
0.378460	144.000000
0.378480	146.000000
0.378500	148.000000
0.378520	150.000000
0.378540	152.000000
0.378560	152.000000
0.378580	153.000000
0.378600	155.000000
0.378620	156.000000
0.378640	156.000000
0.378660	154.000000
0.378680	151.000000
0.378700	147.000000
0.378720	143.000000
0.378740	141.000000
0.378760	140.000000
0.378780	140.000000
0.378800	142.000000
0.378820	144.000000
0.378840	146.000000
0.378860	146.000000
0.378880	146.000000
0.378900	146.000000
0.378920	146.000000
0.378940	148.000000
0.378960	150.000000
0.378980	152.000000
0.379000	154.000000
0.379020	156.000000
0.379040	156.000000
0.379060	155.000000
0.379080	153.000000
0.379100	151.000000
0.379120	149.000000
0.379140	148.000000
0.379160	147.000000
0.379180	146.000000
0.379200	143.000000
0.379220	140.000000
0.379240	136.000000
0.379260	134.000000
0.379280	134.000000
0.379300	135.000000
0.379320	138.000000
0.379340	142.000000
0.379360	146.000000
0.379380	151.000000
0.379400	156.000000
0.379420	160.000000
0.379440	162.000000
0.379460	165.000000
0.379480	165.000000
0.379500	164.000000
0.379520	160.000000
0.379540	153.000000
0.379560	145.000000
0.379580	138.000000
0.379600	133.000000
0.379620	129.000000
0.379640	126.000000
0.379660	126.000000
0.379680	130.000000
0.379700	136.000000
0.379720	144.000000
0.379740	150.000000
0.379760	156.000000
0.379780	161.000000
0.379800	165.000000
0.379820	168.000000
0.379840	168.000000
0.379860	165.000000
0.379880	160.000000
0.379900	155.000000
0.379920	150.000000
0.379940	144.000000
0.379960	139.000000
0.379980	135.000000
0.380000	134.000000
0.380020	137.000000
0.380040	139.000000
0.380060	141.000000
0.380080	143.000000
0.380100	146.000000
0.380120	150.000000
0.380140	153.000000
0.380160	154.000000
0.380180	153.000000
0.380200	152.000000
0.380220	152.000000
0.380240	153.000000
0.380260	153.000000
0.380280	152.000000
0.380300	149.000000
0.380320	146.000000
0.380340	143.000000
0.380360	141.000000
0.380380	141.000000
0.380400	141.000000
0.380420	142.000000
0.380440	143.000000
0.380460	144.000000
0.380480	145.000000
0.380500	147.000000
0.380520	149.000000
0.380540	151.000000
0.380560	152.000000
0.380580	153.000000
0.380600	153.000000
0.380620	152.000000
0.380640	150.000000
0.380660	147.000000
0.380680	145.000000
0.380700	145.000000
0.380720	146.000000
0.380740	147.000000
0.380760	146.000000
0.380780	146.000000
0.380800	148.000000
0.380820	150.000000
0.380840	151.000000
0.380860	149.000000
0.380880	147.000000
0.380900	146.000000
0.380920	149.000000
0.380940	151.000000
0.380960	152.000000
0.380980	151.000000
0.381000	149.000000
0.381020	149.000000
0.381040	149.000000
0.381060	150.000000
0.381080	149.000000
0.381100	149.000000
0.381120	148.000000
0.381140	147.000000
0.381160	146.000000
0.381180	144.000000
0.381200	143.000000
0.381220	143.000000
0.381240	144.000000
0.381260	143.000000
0.381280	143.000000
0.381300	145.000000
0.381320	147.000000
0.381340	149.000000
0.381360	149.000000
0.381380	149.000000
0.381400	151.000000
0.381420	155.000000
0.381440	157.000000
0.381460	151.000000
0.381480	136.000000
