0.275000	102.000000
0.275020	57.000000
0.275040	119.000000
0.275060	165.000000
0.275080	170.000000
0.275100	148.000000
0.275120	133.000000
0.275140	140.000000
0.275160	154.000000
0.275180	157.000000
0.275200	147.000000
0.275220	139.000000
0.275240	143.000000
0.275260	152.000000
0.275280	153.000000
0.275300	147.000000
0.275320	141.000000
0.275340	143.000000
0.275360	150.000000
0.275380	152.000000
0.275400	147.000000
0.275420	143.000000
0.275440	144.000000
0.275460	149.000000
0.275480	151.000000
0.275500	147.000000
0.275520	144.000000
0.275540	145.000000
0.275560	149.000000
0.275580	150.000000
0.275600	147.000000
0.275620	144.000000
0.275640	145.000000
0.275660	149.000000
0.275680	150.000000
0.275700	147.000000
0.275720	144.000000
0.275740	145.000000
0.275760	148.000000
0.275780	149.000000
0.275800	147.000000
0.275820	145.000000
0.275840	146.000000
0.275860	148.000000
0.275880	150.000000
0.275900	148.000000
0.275920	146.000000
0.275940	147.000000
0.275960	149.000000
0.275980	149.000000
0.276000	148.000000
0.276020	146.000000
0.276040	147.000000
0.276060	148.000000
0.276080	149.000000
0.276100	147.000000
0.276120	145.000000
0.276140	146.000000
0.276160	148.000000
0.276180	148.000000
0.276200	147.000000
0.276220	146.000000
0.276240	146.000000
0.276260	148.000000
0.276280	148.000000
0.276300	147.000000
0.276320	146.000000
0.276340	146.000000
0.276360	148.000000
0.276380	148.000000
0.276400	147.000000
0.276420	146.000000
0.276440	146.000000
0.276460	148.000000
0.276480	149.000000
0.276500	147.000000
0.276520	146.000000
0.276540	146.000000
0.276560	148.000000
0.276580	148.000000
0.276600	147.000000
0.276620	146.000000
0.276640	146.000000
0.276660	147.000000
0.276680	148.000000
0.276700	147.000000
0.276720	146.000000
0.276740	146.000000
0.276760	148.000000
0.276780	148.000000
0.276800	147.000000
0.276820	146.000000
0.276840	146.000000
0.276860	148.000000
0.276880	148.000000
0.276900	147.000000
0.276920	146.000000
0.276940	146.000000
0.276960	148.000000
0.276980	148.000000
0.277000	147.000000
0.277020	146.000000
0.277040	147.000000
0.277060	149.000000
0.277080	149.000000
0.277100	148.000000
0.277120	146.000000
0.277140	146.000000
0.277160	147.000000
0.277180	148.000000
0.277200	147.000000
0.277220	146.000000
0.277240	146.000000
0.277260	147.000000
0.277280	148.000000
0.277300	147.000000
0.277320	146.000000
0.277340	146.000000
0.277360	147.000000
0.277380	148.000000
0.277400	147.000000
0.277420	147.000000
0.277440	147.000000
0.277460	148.000000
0.277480	148.000000
0.277500	147.000000
0.277520	146.000000
0.277540	147.000000
0.277560	147.000000
0.277580	148.000000
0.277600	147.000000
0.277620	146.000000
0.277640	146.000000
0.277660	147.000000
0.277680	147.000000
0.277700	147.000000
0.277720	146.000000
0.277740	147.000000
0.277760	147.000000
0.277780	147.000000
0.277800	147.000000
0.277820	147.000000
0.277840	147.000000
0.277860	148.000000
0.277880	149.000000
0.277900	148.000000
0.277920	147.000000
0.277940	147.000000
0.277960	147.000000
0.277980	147.000000
0.278000	147.000000
0.278020	146.000000
0.278040	146.000000
0.278060	147.000000
0.278080	148.000000
0.278100	147.000000
0.278120	146.000000
0.278140	147.000000
0.278160	147.000000
0.278180	148.000000
0.278200	147.000000
0.278220	146.000000
0.278240	147.000000
0.278260	147.000000
0.278280	147.000000
0.278300	147.000000
0.278320	147.000000
0.278340	147.000000
0.278360	148.000000
0.278380	148.000000
0.278400	147.000000
0.278420	147.000000
0.278440	147.000000
0.278460	149.000000
0.278480	149.000000
0.278500	148.000000
0.278520	147.000000
0.278540	147.000000
0.278560	147.000000
0.278580	148.000000
0.278600	147.000000
0.278620	146.000000
0.278640	146.000000
0.278660	147.000000
0.278680	148.000000
0.278700	147.000000
0.278720	147.000000
0.278740	147.000000
0.278760	147.000000
0.278780	148.000000
0.278800	148.000000
0.278820	148.000000
0.278840	148.000000
0.278860	148.000000
0.278880	148.000000
0.278900	148.000000
0.278920	147.000000
0.278940	147.000000
0.278960	148.000000
0.278980	148.000000
0.279000	148.000000
0.279020	147.000000
0.279040	147.000000
0.279060	147.000000
0.279080	147.000000
0.279100	147.000000
0.279120	147.000000
0.279140	147.000000
0.279160	147.000000
0.279180	148.000000
0.279200	148.000000
0.279220	148.000000
0.279240	148.000000
0.279260	147.000000
0.279280	147.000000
0.279300	147.000000
0.279320	147.000000
0.279340	147.000000
0.279360	148.000000
0.279380	148.000000
0.279400	147.000000
0.279420	147.000000
0.279440	147.000000
0.279460	147.000000
0.279480	147.000000
0.279500	147.000000
0.279520	147.000000
0.279540	147.000000
0.279560	147.000000
0.279580	148.000000
0.279600	147.000000
0.279620	147.000000
0.279640	147.000000
0.279660	147.000000
0.279680	147.000000
0.279700	147.000000
0.279720	147.000000
0.279740	147.000000
0.279760	148.000000
0.279780	148.000000
0.279800	148.000000
0.279820	148.000000
0.279840	148.000000
0.279860	148.000000
0.279880	148.000000
0.279900	147.000000
0.279920	146.000000
0.279940	147.000000
0.279960	147.000000
0.279980	148.000000
0.280000	147.000000
0.280020	147.000000
0.280040	147.000000
0.280060	147.000000
0.280080	147.000000
0.280100	147.000000
0.280120	147.000000
0.280140	147.000000
0.280160	147.000000
0.280180	147.000000
0.280200	147.000000
0.280220	146.000000
0.280240	146.000000
0.280260	147.000000
0.280280	147.000000
0.280300	146.000000
0.280320	144.000000
0.280340	143.000000
0.280360	142.000000
0.280380	142.000000
0.280400	143.000000
0.280420	145.000000
0.280440	150.000000
0.280460	155.000000
0.280480	160.000000
0.280500	163.000000
0.280520	163.000000
0.280540	160.000000
0.280560	154.000000
0.280580	147.000000
0.280600	141.000000
0.280620	137.000000
0.280640	135.000000
0.280660	134.000000
0.280680	132.000000
0.280700	129.000000
0.280720	125.000000
0.280740	124.000000
0.280760	127.000000
0.280780	136.000000
0.280800	149.000000
0.280820	162.000000
0.280840	173.000000
0.280860	177.000000
0.280880	175.000000
0.280900	169.000000
0.280920	163.000000
0.280940	159.000000
0.280960	158.000000
0.280980	158.000000
0.281000	155.000000
0.281020	149.000000
0.281040	139.000000
0.281060	126.000000
0.281080	114.000000
0.281100	105.000000
0.281120	102.000000
0.281140	106.000000
0.281160	115.000000
0.281180	126.000000
0.281200	139.000000
0.281220	153.000000
0.281240	168.000000
0.281260	183.000000
0.281280	196.000000
0.281300	206.000000
0.281320	211.000000
0.281340	210.000000
0.281360	200.000000
0.281380	182.000000
0.281400	157.000000
0.281420	129.000000
0.281440	103.000000
0.281460	82.000000
0.281480	68.000000
0.281500	63.000000
0.281520	66.000000
0.281540	79.000000
0.281560	101.000000
0.281580	128.000000
0.281600	156.000000
0.281620	182.000000
0.281640	203.000000
0.281660	217.000000
0.281680	222.000000
0.281700	218.000000
0.281720	206.000000
0.281740	188.000000
0.281760	166.000000
0.281780	141.000000
0.281800	118.000000
0.281820	100.000000
0.281840	88.000000
0.281860	85.000000
0.281880	89.000000
0.281900	100.000000
0.281920	115.000000
0.281940	133.000000
0.281960	152.000000
0.281980	168.000000
0.282000	180.000000
0.282020	188.000000
0.282040	189.000000
0.282060	186.000000
0.282080	179.000000
0.282100	168.000000
0.282120	156.000000
0.282140	144.000000
0.282160	133.000000
0.282180	125.000000
0.282200	120.000000
0.282220	119.000000
0.282240	121.000000
0.282260	127.000000
0.282280	134.000000
0.282300	141.000000
0.282320	148.000000
0.282340	155.000000
0.282360	160.000000
0.282380	163.000000
0.282400	164.000000
0.282420	162.000000
0.282440	159.000000
0.282460	155.000000
0.282480	151.000000
0.282500	147.000000
0.282520	143.000000
0.282540	140.000000
0.282560	138.000000
0.282580	138.000000
0.282600	139.000000
0.282620	140.000000
0.282640	143.000000
0.282660	145.000000
0.282680	148.000000
0.282700	150.000000
0.282720	151.000000
0.282740	152.000000
0.282760	152.000000
0.282780	151.000000
0.282800	150.000000
0.282820	149.000000
0.282840	148.000000
0.282860	147.000000
0.282880	146.000000
0.282900	145.000000
0.282920	144.000000
0.282940	144.000000
0.282960	145.000000
0.282980	145.000000
0.283000	146.000000
0.283020	146.000000
0.283040	147.000000
0.283060	148.000000
0.283080	148.000000
0.283100	148.000000
0.283120	148.000000
0.283140	148.000000
0.283160	148.000000
0.283180	148.000000
0.283200	148.000000
0.283220	147.000000
0.283240	147.000000
0.283260	147.000000
0.283280	147.000000
0.283300	147.000000
0.283320	147.000000
0.283340	146.000000
0.283360	146.000000
0.283380	146.000000
0.283400	147.000000
0.283420	147.000000
0.283440	148.000000
0.283460	148.000000
0.283480	148.000000
0.283500	148.000000
0.283520	148.000000
0.283540	148.000000
0.283560	149.000000
0.283580	149.000000
0.283600	149.000000
0.283620	147.000000
0.283640	146.000000
0.283660	145.000000
0.283680	144.000000
0.283700	143.000000
0.283720	143.000000
0.283740	144.000000
0.283760	146.000000
0.283780	148.000000
0.283800	149.000000
0.283820	150.000000
0.283840	150.000000
0.283860	150.000000
0.283880	151.000000
0.283900	152.000000
0.283920	153.000000
0.283940	153.000000
0.283960	152.000000
0.283980	149.000000
0.284000	145.000000
0.284020	142.000000
0.284040	140.000000
0.284060	140.000000
0.284080	141.000000
0.284100	142.000000
0.284120	143.000000
0.284140	144.000000
0.284160	144.000000
0.284180	144.000000
0.284200	145.000000
0.284220	147.000000
0.284240	150.000000
0.284260	154.000000
0.284280	157.000000
0.284300	159.000000
0.284320	159.000000
0.284340	158.000000
0.284360	155.000000
0.284380	152.000000
0.284400	149.000000
0.284420	145.000000
0.284440	141.000000
0.284460	137.000000
0.284480	133.000000
0.284500	130.000000
0.284520	129.000000
0.284540	131.000000
0.284560	135.000000
0.284580	141.000000
0.284600	148.000000
0.284620	154.000000
0.284640	161.000000
0.284660	166.000000
0.284680	169.000000
0.284700	169.000000
0.284720	167.000000
0.284740	162.000000
0.284760	156.000000
0.284780	149.000000
0.284800	141.000000
0.284820	135.000000
0.284840	130.000000
0.284860	127.000000
0.284880	127.000000
0.284900	129.000000
0.284920	134.000000
0.284940	139.000000
0.284960	146.000000
0.284980	151.000000
0.285000	156.000000
0.285020	160.000000
0.285040	162.000000
0.285060	162.000000
0.285080	160.000000
0.285100	157.000000
0.285120	152.000000
0.285140	148.000000
0.285160	144.000000
0.285180	141.000000
0.285200	138.000000
0.285220	136.000000
0.285240	137.000000
0.285260	139.000000
0.285280	141.000000
0.285300	143.000000
0.285320	146.000000
0.285340	149.000000
0.285360	152.000000
0.285380	154.000000
0.285400	154.000000
0.285420	154.000000
0.285440	153.000000
0.285460	152.000000
0.285480	150.000000
0.285500	148.000000
0.285520	146.000000
0.285540	145.000000
0.285560	144.000000
0.285580	144.000000
0.285600	144.000000
0.285620	144.000000
0.285640	144.000000
0.285660	146.000000
0.285680	147.000000
0.285700	148.000000
0.285720	149.000000
0.285740	150.000000
0.285760	150.000000
0.285780	150.000000
0.285800	150.000000
0.285820	149.000000
0.285840	148.000000
0.285860	148.000000
0.285880	147.000000
0.285900	147.000000
0.285920	146.000000
0.285940	146.000000
0.285960	146.000000
0.285980	146.000000
0.286000	146.000000
0.286020	146.000000
0.286040	146.000000
0.286060	147.000000
0.286080	147.000000
0.286100	148.000000
0.286120	148.000000
0.286140	148.000000
0.286160	148.000000
0.286180	148.000000
0.286200	148.000000
0.286220	147.000000
0.286240	147.000000
0.286260	147.000000
0.286280	147.000000
0.286300	147.000000
0.286320	147.000000
0.286340	147.000000
0.286360	147.000000
0.286380	147.000000
0.286400	146.000000
0.286420	146.000000
0.286440	146.000000
0.286460	147.000000
0.286480	147.000000
0.286500	147.000000
0.286520	147.000000
0.286540	148.000000
0.286560	148.000000
0.286580	148.000000
0.286600	148.000000
0.286620	148.000000
0.286640	147.000000
0.286660	148.000000
0.286680	148.000000
0.286700	148.000000
0.286720	147.000000
0.286740	147.000000
0.286760	147.000000
0.286780	147.000000
0.286800	147.000000
0.286820	146.000000
0.286840	145.000000
0.286860	144.000000
0.286880	144.000000
0.286900	144.000000
0.286920	145.000000
0.286940	146.000000
0.286960	148.000000
0.286980	149.000000
0.287000	149.000000
0.287020	149.000000
0.287040	149.000000
0.287060	149.000000
0.287080	150.000000
0.287100	151.000000
0.287120	150.000000
0.287140	150.000000
0.287160	148.000000
0.287180	147.000000
0.287200	145.000000
0.287220	143.000000
0.287240	142.000000
0.287260	143.000000
0.287280	144.000000
0.287300	145.000000
0.287320	146.000000
0.287340	146.000000
0.287360	146.000000
0.287380	146.000000
0.287400	147.000000
0.287420	148.000000
0.287440	150.000000
0.287460	152.000000
0.287480	153.000000
0.287500	153.000000
0.287520	152.000000
0.287540	152.000000
0.287560	151.000000
0.287580	149.000000
0.287600	147.000000
0.287620	145.000000
0.287640	142.000000
0.287660	140.000000
0.287680	138.000000
0.287700	137.000000
0.287720	138.000000
0.287740	139.000000
0.287760	141.000000
0.287780	145.000000
0.287800	149.000000
0.287820	152.000000
0.287840	156.000000
0.287860	158.000000
0.287880	159.000000
0.287900	158.000000
0.287920	157.000000
0.287940	154.000000
0.287960	150.000000
0.287980	146.000000
0.288000	142.000000
0.288020	139.000000
0.288040	137.000000
0.288060	136.000000
0.288080	137.000000
0.288100	138.000000
0.288120	141.000000
0.288140	144.000000
0.288160	148.000000
0.288180	151.000000
0.288200	153.000000
0.288220	155.000000
0.288240	155.000000
0.288260	155.000000
0.288280	154.000000
0.288300	152.000000
0.288320	149.000000
0.288340	147.000000
0.288360	145.000000
0.288380	143.000000
0.288400	142.000000
0.288420	142.000000
0.288440	142.000000
0.288460	143.000000
0.288480	144.000000
0.288500	146.000000
0.288520	147.000000
0.288540	149.000000
0.288560	150.000000
0.288580	151.000000
0.288600	151.000000
0.288620	150.000000
0.288640	150.000000
0.288660	149.000000
0.288680	148.000000
0.288700	147.000000
0.288720	147.000000
0.288740	146.000000
0.288760	146.000000
0.288780	145.000000
0.288800	145.000000
0.288820	146.000000
0.288840	146.000000
0.288860	147.000000
0.288880	147.000000
0.288900	147.000000
0.288920	148.000000
0.288940	148.000000
0.288960	148.000000
0.288980	148.000000
0.289000	148.000000
0.289020	148.000000
0.289040	148.000000
0.289060	147.000000
0.289080	147.000000
0.289100	147.000000
0.289120	147.000000
0.289140	146.000000
0.289160	146.000000
0.289180	146.000000
0.289200	146.000000
0.289220	147.000000
0.289240	147.000000
0.289260	148.000000
0.289280	148.000000
0.289300	148.000000
0.289320	148.000000
0.289340	148.000000
0.289360	148.000000
0.289380	148.000000
0.289400	147.000000
0.289420	147.000000
0.289440	147.000000
0.289460	147.000000
0.289480	147.000000
0.289500	147.000000
0.289520	147.000000
0.289540	147.000000
0.289560	146.000000
0.289580	146.000000
0.289600	146.000000
0.289620	146.000000
0.289640	147.000000
0.289660	147.000000
0.289680	147.000000
0.289700	147.000000
0.289720	147.000000
0.289740	147.000000
0.289760	148.000000
0.289780	148.000000
0.289800	148.000000
0.289820	148.000000
0.289840	147.000000
0.289860	147.000000
0.289880	147.000000
0.289900	147.000000
0.289920	147.000000
0.289940	147.000000
0.289960	147.000000
0.289980	147.000000
0.290000	146.000000
0.290020	146.000000
0.290040	146.000000
0.290060	146.000000
0.290080	146.000000
0.290100	146.000000
0.290120	146.000000
0.290140	147.000000
0.290160	147.000000
0.290180	148.000000
0.290200	148.000000
0.290220	149.000000
0.290240	149.000000
0.290260	149.000000
0.290280	149.000000
0.290300	149.000000
0.290320	149.000000
0.290340	148.000000
0.290360	148.000000
0.290380	147.000000
0.290400	146.000000
0.290420	145.000000
0.290440	145.000000
0.290460	145.000000
0.290480	145.000000
0.290500	146.000000
0.290520	146.000000
0.290540	146.000000
0.290560	146.000000
0.290580	146.000000
0.290600	147.000000
0.290620	148.000000
0.290640	149.000000
0.290660	150.000000
0.290680	151.000000
0.290700	151.000000
0.290720	150.000000
0.290740	150.000000
0.290760	149.000000
0.290780	148.000000
0.290800	147.000000
0.290820	145.000000
0.290840	144.000000
0.290860	142.000000
0.290880	142.000000
0.290900	141.000000
0.290920	141.000000
0.290940	142.000000
0.290960	144.000000
0.290980	146.000000
0.291000	149.000000
0.291020	150.000000
0.291040	152.000000
0.291060	153.000000
0.291080	154.000000
0.291100	154.000000
0.291120	153.000000
0.291140	151.000000
0.291160	149.000000
0.291180	146.000000
0.291200	144.000000
0.291220	142.000000
0.291240	141.000000
0.291260	140.000000
0.291280	140.000000
0.291300	141.000000
0.291320	143.000000
0.291340	145.000000
0.291360	148.000000
0.291380	150.000000
0.291400	152.000000
0.291420	152.000000
0.291440	152.000000
0.291460	152.000000
0.291480	151.000000
0.291500	150.000000
0.291520	148.000000
0.291540	147.000000
0.291560	145.000000
0.291580	145.000000
0.291600	144.000000
0.291620	144.000000
0.291640	144.000000
0.291660	144.000000
0.291680	145.000000
0.291700	146.000000
0.291720	147.000000
0.291740	148.000000
0.291760	149.000000
0.291780	149.000000
0.291800	149.000000
0.291820	149.000000
0.291840	149.000000
0.291860	148.000000
0.291880	147.000000
0.291900	147.000000
0.291920	146.000000
0.291940	146.000000
0.291960	145.000000
0.291980	145.000000
0.292000	145.000000
0.292020	146.000000
0.292040	146.000000
0.292060	147.000000
0.292080	147.000000
0.292100	147.000000
0.292120	147.000000
0.292140	148.000000
0.292160	148.000000
0.292180	148.000000
0.292200	148.000000
0.292220	148.000000
0.292240	148.000000
0.292260	147.000000
0.292280	147.000000
0.292300	147.000000
0.292320	146.000000
0.292340	146.000000
0.292360	147.000000
0.292380	147.000000
0.292400	147.000000
0.292420	146.000000
0.292440	146.000000
0.292460	147.000000
0.292480	147.000000
0.292500	148.000000
0.292520	148.000000
0.292540	148.000000
0.292560	148.000000
0.292580	148.000000
0.292600	148.000000
0.292620	148.000000
0.292640	148.000000
0.292660	147.000000
0.292680	147.000000
0.292700	146.000000
0.292720	146.000000
0.292740	146.000000
0.292760	146.000000
0.292780	146.000000
0.292800	147.000000
0.292820	147.000000
0.292840	147.000000
0.292860	147.000000
0.292880	147.000000
0.292900	147.000000
0.292920	148.000000
0.292940	148.000000
0.292960	148.000000
0.292980	147.000000
0.293000	147.000000
0.293020	147.000000
0.293040	147.000000
0.293060	147.000000
0.293080	147.000000
0.293100	147.000000
0.293120	147.000000
0.293140	147.000000
0.293160	147.000000
0.293180	147.000000
0.293200	148.000000
0.293220	148.000000
0.293240	147.000000
0.293260	147.000000
0.293280	147.000000
0.293300	147.000000
0.293320	147.000000
0.293340	148.000000
0.293360	148.000000
0.293380	148.000000
0.293400	148.000000
0.293420	148.000000
0.293440	148.000000
0.293460	148.000000
0.293480	149.000000
0.293500	149.000000
0.293520	148.000000
0.293540	148.000000
0.293560	147.000000
0.293580	146.000000
0.293600	146.000000
0.293620	146.000000
0.293640	146.000000
0.293660	146.000000
0.293680	147.000000
0.293700	147.000000
0.293720	147.000000
0.293740	147.000000
0.293760	147.000000
0.293780	147.000000
0.293800	148.000000
0.293820	148.000000
0.293840	149.000000
0.293860	149.000000
0.293880	149.000000
0.293900	149.000000
0.293920	149.000000
0.293940	149.000000
0.293960	148.000000
0.293980	148.000000
0.294000	147.000000
0.294020	146.000000
0.294040	145.000000
0.294060	144.000000
0.294080	144.000000
0.294100	143.000000
0.294120	144.000000
0.294140	144.000000
0.294160	146.000000
0.294180	147.000000
0.294200	148.000000
0.294220	150.000000
0.294240	151.000000
0.294260	152.000000
0.294280	152.000000
0.294300	152.000000
0.294320	151.000000
0.294340	149.000000
0.294360	148.000000
0.294380	146.000000
0.294400	145.000000
0.294420	144.000000
0.294440	144.000000
0.294460	144.000000
0.294480	144.000000
0.294500	145.000000
0.294520	145.000000
0.294540	147.000000
0.294560	148.000000
0.294580	149.000000
0.294600	150.000000
0.294620	150.000000
0.294640	150.000000
0.294660	150.000000
0.294680	150.000000
0.294700	149.000000
0.294720	148.000000
0.294740	147.000000
0.294760	146.000000
0.294780	145.000000
0.294800	144.000000
0.294820	144.000000
0.294840	144.000000
0.294860	145.000000
0.294880	145.000000
0.294900	146.000000
0.294920	147.000000
0.294940	147.000000
0.294960	148.000000
0.294980	148.000000
0.295000	148.000000
0.295020	148.000000
0.295040	148.000000
0.295060	147.000000
0.295080	147.000000
0.295100	147.000000
0.295120	146.000000
0.295140	146.000000
0.295160	146.000000
0.295180	146.000000
0.295200	146.000000
0.295220	146.000000
0.295240	146.000000
0.295260	147.000000
0.295280	147.000000
0.295300	148.000000
0.295320	148.000000
0.295340	148.000000
0.295360	148.000000
0.295380	148.000000
0.295400	148.000000
0.295420	148.000000
0.295440	148.000000
0.295460	148.000000
0.295480	148.000000
0.295500	147.000000
0.295520	147.000000
0.295540	147.000000
0.295560	147.000000
0.295580	147.000000
0.295600	147.000000
0.295620	147.000000
0.295640	147.000000
0.295660	147.000000
0.295680	147.000000
0.295700	147.000000
0.295720	147.000000
0.295740	147.000000
0.295760	147.000000
0.295780	147.000000
0.295800	148.000000
0.295820	148.000000
0.295840	148.000000
0.295860	148.000000
0.295880	147.000000
0.295900	147.000000
0.295920	146.000000
0.295940	146.000000
0.295960	146.000000
0.295980	146.000000
0.296000	146.000000
0.296020	146.000000
0.296040	147.000000
0.296060	147.000000
0.296080	147.000000
0.296100	148.000000
0.296120	148.000000
0.296140	148.000000
0.296160	148.000000
0.296180	148.000000
0.296200	148.000000
0.296220	148.000000
0.296240	148.000000
0.296260	148.000000
0.296280	148.000000
0.296300	148.000000
0.296320	147.000000
0.296340	147.000000
0.296360	147.000000
0.296380	147.000000
0.296400	147.000000
0.296420	147.000000
0.296440	147.000000
0.296460	147.000000
0.296480	147.000000
0.296500	147.000000
0.296520	147.000000
0.296540	147.000000
0.296560	147.000000
0.296580	147.000000
0.296600	147.000000
0.296620	147.000000
0.296640	148.000000
0.296660	148.000000
0.296680	148.000000
0.296700	148.000000
0.296720	148.000000
0.296740	148.000000
0.296760	148.000000
0.296780	147.000000
0.296800	147.000000
0.296820	146.000000
0.296840	146.000000
0.296860	146.000000
0.296880	146.000000
0.296900	147.000000
0.296920	147.000000
0.296940	147.000000
0.296960	147.000000
0.296980	147.000000
0.297000	148.000000
0.297020	148.000000
0.297040	148.000000
0.297060	148.000000
0.297080	148.000000
0.297100	148.000000
0.297120	148.000000
0.297140	148.000000
0.297160	148.000000
0.297180	148.000000
0.297200	147.000000
0.297220	146.000000
0.297240	146.000000
0.297260	145.000000
0.297280	145.000000
0.297300	144.000000
0.297320	145.000000
0.297340	145.000000
0.297360	146.000000
0.297380	147.000000
0.297400	148.000000
0.297420	149.000000
0.297440	149.000000
0.297460	150.000000
0.297480	150.000000
0.297500	149.000000
0.297520	149.000000
0.297540	148.000000
0.297560	147.000000
0.297580	146.000000
0.297600	146.000000
0.297620	145.000000
0.297640	145.000000
0.297660	145.000000
0.297680	145.000000
0.297700	146.000000
0.297720	146.000000
0.297740	147.000000
0.297760	148.000000
0.297780	148.000000
0.297800	148.000000
0.297820	148.000000
0.297840	149.000000
0.297860	149.000000
0.297880	148.000000
0.297900	147.000000
0.297920	146.000000
0.297940	146.000000
0.297960	146.000000
0.297980	146.000000
0.298000	146.000000
0.298020	146.000000
0.298040	146.000000
0.298060	146.000000
0.298080	147.000000
0.298100	147.000000
0.298120	148.000000
0.298140	148.000000
0.298160	149.000000
0.298180	149.000000
0.298200	149.000000
0.298220	149.000000
0.298240	149.000000
0.298260	148.000000
0.298280	148.000000
0.298300	147.000000
0.298320	147.000000
0.298340	146.000000
0.298360	146.000000
0.298380	146.000000
0.298400	146.000000
0.298420	147.000000
0.298440	147.000000
0.298460	147.000000
0.298480	147.000000
0.298500	147.000000
0.298520	147.000000
0.298540	148.000000
0.298560	148.000000
0.298580	148.000000
0.298600	148.000000
0.298620	148.000000
0.298640	148.000000
0.298660	148.000000
0.298680	148.000000
0.298700	148.000000
0.298720	147.000000
0.298740	147.000000
0.298760	147.000000
0.298780	146.000000
0.298800	146.000000
0.298820	146.000000
0.298840	146.000000
0.298860	147.000000
0.298880	147.000000
0.298900	147.000000
0.298920	147.000000
0.298940	147.000000
0.298960	147.000000
0.298980	147.000000
0.299000	147.000000
0.299020	147.000000
0.299040	147.000000
0.299060	147.000000
0.299080	147.000000
0.299100	147.000000
0.299120	146.000000
0.299140	146.000000
0.299160	146.000000
0.299180	146.000000
0.299200	146.000000
0.299220	146.000000
0.299240	146.000000
0.299260	147.000000
0.299280	147.000000
0.299300	147.000000
0.299320	148.000000
0.299340	148.000000
0.299360	148.000000
0.299380	148.000000
0.299400	148.000000
0.299420	147.000000
0.299440	147.000000
0.299460	147.000000
0.299480	147.000000
0.299500	147.000000
0.299520	147.000000
0.299540	147.000000
0.299560	147.000000
0.299580	147.000000
0.299600	147.000000
0.299620	147.000000
0.299640	147.000000
0.299660	147.000000
0.299680	147.000000
0.299700	147.000000
0.299720	147.000000
0.299740	147.000000
0.299760	147.000000
0.299780	147.000000
0.299800	148.000000
0.299820	148.000000
0.299840	148.000000
0.299860	148.000000
0.299880	148.000000
0.299900	147.000000
0.299920	147.000000
0.299940	147.000000
0.299960	147.000000
0.299980	147.000000
0.300000	146.000000
0.300020	146.000000
0.300040	146.000000
0.300060	147.000000
0.300080	147.000000
0.300100	147.000000
0.300120	147.000000
0.300140	147.000000
0.300160	147.000000
0.300180	146.000000
0.300200	146.000000
0.300220	146.000000
0.300240	147.000000
0.300260	148.000000
0.300280	148.000000
0.300300	148.000000
0.300320	148.000000
0.300340	148.000000
0.300360	148.000000
0.300380	148.000000
0.300400	148.000000
0.300420	147.000000
0.300440	146.000000
0.300460	146.000000
0.300480	146.000000
0.300500	146.000000
0.300520	146.000000
0.300540	146.000000
0.300560	147.000000
0.300580	147.000000
0.300600	148.000000
0.300620	148.000000
0.300640	148.000000
0.300660	148.000000
0.300680	149.000000
0.300700	149.000000
0.300720	148.000000
0.300740	148.000000
0.300760	148.000000
0.300780	147.000000
0.300800	147.000000
0.300820	146.000000
0.300840	146.000000
0.300860	146.000000
0.300880	146.000000
0.300900	147.000000
0.300920	147.000000
0.300940	148.000000
0.300960	148.000000
0.300980	148.000000
0.301000	148.000000
0.301020	149.000000
0.301040	148.000000
0.301060	148.000000
0.301080	148.000000
0.301100	147.000000
0.301120	147.000000
0.301140	147.000000
0.301160	146.000000
0.301180	146.000000
0.301200	146.000000
0.301220	146.000000
0.301240	146.000000
0.301260	146.000000
0.301280	147.000000
0.301300	147.000000
0.301320	147.000000
0.301340	147.000000
0.301360	148.000000
0.301380	148.000000
0.301400	148.000000
0.301420	148.000000
0.301440	148.000000
0.301460	148.000000
0.301480	148.000000
0.301500	147.000000
0.301520	146.000000
0.301540	146.000000
0.301560	146.000000
0.301580	146.000000
0.301600	147.000000
0.301620	147.000000
0.301640	147.000000
0.301660	147.000000
0.301680	147.000000
0.301700	147.000000
0.301720	147.000000
0.301740	147.000000
0.301760	147.000000
0.301780	148.000000
0.301800	148.000000
0.301820	147.000000
0.301840	147.000000
0.301860	147.000000
0.301880	147.000000
0.301900	147.000000
0.301920	147.000000
0.301940	147.000000
0.301960	147.000000
0.301980	147.000000
0.302000	147.000000
0.302020	147.000000
0.302040	147.000000
0.302060	147.000000
0.302080	148.000000
0.302100	148.000000
0.302120	148.000000
0.302140	148.000000
0.302160	148.000000
0.302180	148.000000
0.302200	148.000000
0.302220	147.000000
0.302240	147.000000
0.302260	147.000000
0.302280	147.000000
0.302300	147.000000
0.302320	147.000000
0.302340	147.000000
0.302360	147.000000
0.302380	146.000000
0.302400	146.000000
0.302420	146.000000
0.302440	146.000000
0.302460	146.000000
0.302480	147.000000
0.302500	147.000000
0.302520	147.000000
0.302540	148.000000
0.302560	148.000000
0.302580	148.000000
0.302600	148.000000
0.302620	147.000000
0.302640	147.000000
0.302660	147.000000
0.302680	147.000000
0.302700	146.000000
0.302720	146.000000
0.302740	146.000000
0.302760	147.000000
0.302780	147.000000
0.302800	147.000000
0.302820	146.000000
0.302840	146.000000
0.302860	147.000000
0.302880	147.000000
0.302900	147.000000
0.302920	147.000000
0.302940	147.000000
0.302960	147.000000
0.302980	147.000000
0.303000	147.000000
0.303020	147.000000
0.303040	147.000000
0.303060	147.000000
0.303080	147.000000
0.303100	147.000000
0.303120	147.000000
0.303140	147.000000
0.303160	147.000000
0.303180	147.000000
0.303200	147.000000
0.303220	147.000000
0.303240	147.000000
0.303260	147.000000
0.303280	147.000000
0.303300	147.000000
0.303320	147.000000
0.303340	147.000000
0.303360	147.000000
0.303380	148.000000
0.303400	148.000000
0.303420	148.000000
0.303440	148.000000
0.303460	148.000000
0.303480	148.000000
0.303500	148.000000
0.303520	148.000000
0.303540	148.000000
0.303560	148.000000
0.303580	148.000000
0.303600	147.000000
0.303620	147.000000
0.303640	146.000000
0.303660	146.000000
0.303680	146.000000
0.303700	146.000000
0.303720	146.000000
0.303740	146.000000
0.303760	147.000000
0.303780	147.000000
0.303800	147.000000
0.303820	148.000000
0.303840	147.000000
0.303860	147.000000
0.303880	147.000000
0.303900	148.000000
0.303920	148.000000
0.303940	148.000000
0.303960	147.000000
0.303980	147.000000
0.304000	146.000000
0.304020	146.000000
0.304040	146.000000
0.304060	146.000000
0.304080	146.000000
0.304100	146.000000
0.304120	146.000000
0.304140	147.000000
0.304160	147.000000
0.304180	148.000000
0.304200	148.000000
0.304220	148.000000
0.304240	148.000000
0.304260	148.000000
0.304280	147.000000
0.304300	147.000000
0.304320	147.000000
0.304340	147.000000
0.304360	147.000000
0.304380	147.000000
0.304400	147.000000
0.304420	147.000000
0.304440	147.000000
0.304460	147.000000
0.304480	147.000000
0.304500	147.000000
0.304520	147.000000
0.304540	147.000000
0.304560	147.000000
0.304580	147.000000
0.304600	147.000000
0.304620	147.000000
0.304640	147.000000
0.304660	147.000000
0.304680	147.000000
0.304700	147.000000
0.304720	147.000000
0.304740	147.000000
0.304760	147.000000
0.304780	147.000000
0.304800	147.000000
0.304820	147.000000
0.304840	147.000000
0.304860	147.000000
0.304880	147.000000
0.304900	147.000000
0.304920	147.000000
0.304940	147.000000
0.304960	147.000000
0.304980	148.000000
0.305000	148.000000
0.305020	148.000000
0.305040	147.000000
0.305060	147.000000
0.305080	147.000000
0.305100	147.000000
0.305120	147.000000
0.305140	147.000000
0.305160	146.000000
0.305180	146.000000
0.305200	146.000000
0.305220	147.000000
0.305240	148.000000
0.305260	148.000000
0.305280	148.000000
0.305300	147.000000
0.305320	147.000000
0.305340	148.000000
0.305360	148.000000
0.305380	148.000000
0.305400	148.000000
0.305420	148.000000
0.305440	147.000000
0.305460	147.000000
0.305480	147.000000
0.305500	147.000000
0.305520	147.000000
0.305540	146.000000
0.305560	146.000000
0.305580	146.000000
0.305600	146.000000
0.305620	146.000000
0.305640	146.000000
0.305660	146.000000
0.305680	146.000000
0.305700	147.000000
0.305720	147.000000
0.305740	148.000000
0.305760	148.000000
0.305780	148.000000
0.305800	148.000000
0.305820	148.000000
0.305840	148.000000
0.305860	147.000000
0.305880	147.000000
0.305900	147.000000
0.305920	147.000000
0.305940	147.000000
0.305960	147.000000
0.305980	147.000000
0.306000	147.000000
0.306020	147.000000
0.306040	148.000000
0.306060	148.000000
0.306080	147.000000
0.306100	147.000000
0.306120	147.000000
0.306140	147.000000
0.306160	147.000000
0.306180	147.000000
0.306200	147.000000
0.306220	147.000000
0.306240	147.000000
0.306260	147.000000
0.306280	147.000000
0.306300	147.000000
0.306320	148.000000
0.306340	147.000000
0.306360	147.000000
0.306380	147.000000
0.306400	147.000000
0.306420	147.000000
0.306440	147.000000
0.306460	147.000000
0.306480	147.000000
0.306500	147.000000
0.306520	147.000000
0.306540	147.000000
0.306560	147.000000
0.306580	146.000000
0.306600	147.000000
0.306620	147.000000
0.306640	147.000000
0.306660	147.000000
0.306680	147.000000
0.306700	147.000000
0.306720	148.000000
0.306740	148.000000
0.306760	148.000000
0.306780	148.000000
0.306800	147.000000
0.306820	147.000000
0.306840	147.000000
0.306860	147.000000
0.306880	147.000000
0.306900	147.000000
0.306920	147.000000
0.306940	148.000000
0.306960	148.000000
0.306980	148.000000
0.307000	148.000000
0.307020	147.000000
0.307040	147.000000
0.307060	148.000000
0.307080	148.000000
0.307100	148.000000
0.307120	148.000000
0.307140	148.000000
0.307160	147.000000
0.307180	147.000000
0.307200	147.000000
0.307220	147.000000
0.307240	147.000000
0.307260	147.000000
0.307280	147.000000
0.307300	147.000000
0.307320	147.000000
0.307340	147.000000
0.307360	147.000000
0.307380	147.000000
0.307400	147.000000
0.307420	147.000000
0.307440	147.000000
0.307460	147.000000
0.307480	147.000000
0.307500	147.000000
0.307520	147.000000
0.307540	147.000000
0.307560	147.000000
0.307580	147.000000
0.307600	147.000000
0.307620	147.000000
0.307640	147.000000
0.307660	147.000000
0.307680	146.000000
0.307700	146.000000
0.307720	147.000000
0.307740	147.000000
0.307760	147.000000
0.307780	147.000000
0.307800	147.000000
0.307820	147.000000
0.307840	147.000000
0.307860	147.000000
0.307880	147.000000
0.307900	147.000000
0.307920	147.000000
0.307940	147.000000
0.307960	147.000000
0.307980	147.000000
0.308000	147.000000
0.308020	146.000000
0.308040	146.000000
0.308060	147.000000
0.308080	147.000000
0.308100	147.000000
0.308120	147.000000
0.308140	148.000000
0.308160	148.000000
0.308180	148.000000
0.308200	147.000000
0.308220	147.000000
0.308240	147.000000
0.308260	147.000000
0.308280	147.000000
0.308300	147.000000
0.308320	147.000000
0.308340	147.000000
0.308360	147.000000
0.308380	147.000000
0.308400	147.000000
0.308420	147.000000
0.308440	147.000000
0.308460	147.000000
0.308480	147.000000
0.308500	147.000000
0.308520	147.000000
0.308540	148.000000
0.308560	148.000000
0.308580	148.000000
0.308600	148.000000
0.308620	148.000000
0.308640	148.000000
0.308660	147.000000
0.308680	147.000000
0.308700	147.000000
0.308720	147.000000
0.308740	147.000000
0.308760	146.000000
0.308780	146.000000
0.308800	146.000000
0.308820	146.000000
0.308840	146.000000
0.308860	147.000000
0.308880	147.000000
0.308900	147.000000
0.308920	147.000000
0.308940	147.000000
0.308960	147.000000
0.308980	147.000000
0.309000	147.000000
0.309020	147.000000
0.309040	147.000000
0.309060	147.000000
0.309080	147.000000
0.309100	147.000000
0.309120	147.000000
0.309140	147.000000
0.309160	147.000000
0.309180	147.000000
0.309200	147.000000
0.309220	147.000000
0.309240	147.000000
0.309260	148.000000
0.309280	148.000000
0.309300	148.000000
0.309320	147.000000
0.309340	147.000000
0.309360	147.000000
0.309380	147.000000
0.309400	147.000000
0.309420	147.000000
0.309440	147.000000
0.309460	147.000000
0.309480	147.000000
0.309500	147.000000
0.309520	147.000000
0.309540	147.000000
0.309560	147.000000
0.309580	147.000000
0.309600	147.000000
0.309620	147.000000
0.309640	147.000000
0.309660	147.000000
0.309680	147.000000
0.309700	147.000000
0.309720	147.000000
0.309740	147.000000
0.309760	147.000000
0.309780	147.000000
0.309800	147.000000
0.309820	148.000000
0.309840	148.000000
0.309860	148.000000
0.309880	148.000000
0.309900	148.000000
0.309920	147.000000
0.309940	148.000000
0.309960	148.000000
0.309980	148.000000
0.310000	148.000000
0.310020	147.000000
0.310040	147.000000
0.310060	147.000000
0.310080	147.000000
0.310100	147.000000
0.310120	147.000000
0.310140	146.000000
0.310160	146.000000
0.310180	146.000000
0.310200	147.000000
0.310220	147.000000
0.310240	148.000000
0.310260	148.000000
0.310280	148.000000
0.310300	148.000000
0.310320	148.000000
0.310340	148.000000
0.310360	147.000000
0.310380	147.000000
0.310400	147.000000
0.310420	147.000000
0.310440	147.000000
0.310460	147.000000
0.310480	146.000000
0.310500	146.000000
0.310520	147.000000
0.310540	147.000000
0.310560	147.000000
0.310580	147.000000
0.310600	147.000000
0.310620	147.000000
0.310640	147.000000
0.310660	147.000000
0.310680	148.000000
0.310700	148.000000
0.310720	148.000000
0.310740	147.000000
0.310760	147.000000
0.310780	147.000000
0.310800	147.000000
0.310820	147.000000
0.310840	147.000000
0.310860	146.000000
0.310880	146.000000
0.310900	147.000000
0.310920	147.000000
0.310940	147.000000
0.310960	147.000000
0.310980	147.000000
0.311000	147.000000
0.311020	147.000000
0.311040	147.000000
0.311060	147.000000
0.311080	147.000000
0.311100	147.000000
0.311120	147.000000
0.311140	146.000000
0.311160	146.000000
0.311180	146.000000
0.311200	147.000000
0.311220	147.000000
0.311240	147.000000
0.311260	147.000000
0.311280	147.000000
0.311300	147.000000
0.311320	147.000000
0.311340	147.000000
0.311360	147.000000
0.311380	147.000000
0.311400	147.000000
0.311420	147.000000
0.311440	147.000000
0.311460	147.000000
0.311480	147.000000
0.311500	147.000000
0.311520	147.000000
0.311540	147.000000
0.311560	146.000000
0.311580	146.000000
0.311600	146.000000
0.311620	146.000000
0.311640	147.000000
0.311660	147.000000
0.311680	147.000000
0.311700	147.000000
0.311720	147.000000
0.311740	147.000000
0.311760	147.000000
0.311780	147.000000
0.311800	147.000000
0.311820	147.000000
0.311840	147.000000
0.311860	147.000000
0.311880	147.000000
0.311900	146.000000
0.311920	146.000000
0.311940	146.000000
0.311960	147.000000
0.311980	147.000000
0.312000	147.000000
0.312020	147.000000
0.312040	147.000000
0.312060	147.000000
0.312080	147.000000
0.312100	147.000000
0.312120	147.000000
0.312140	147.000000
0.312160	147.000000
0.312180	147.000000
0.312200	147.000000
0.312220	147.000000
0.312240	147.000000
0.312260	147.000000
0.312280	147.000000
0.312300	147.000000
0.312320	147.000000
0.312340	147.000000
0.312360	147.000000
0.312380	147.000000
0.312400	147.000000
0.312420	147.000000
0.312440	147.000000
0.312460	147.000000
0.312480	147.000000
0.312500	147.000000
0.312520	147.000000
0.312540	147.000000
0.312560	147.000000
0.312580	147.000000
0.312600	147.000000
0.312620	147.000000
0.312640	148.000000
0.312660	147.000000
0.312680	147.000000
0.312700	147.000000
0.312720	147.000000
0.312740	147.000000
0.312760	147.000000
0.312780	147.000000
0.312800	147.000000
0.312820	147.000000
0.312840	147.000000
0.312860	147.000000
0.312880	147.000000
0.312900	147.000000
0.312920	147.000000
0.312940	147.000000
0.312960	147.000000
0.312980	147.000000
0.313000	147.000000
0.313020	147.000000
0.313040	147.000000
0.313060	147.000000
0.313080	147.000000
0.313100	147.000000
0.313120	147.000000
0.313140	147.000000
0.313160	147.000000
0.313180	147.000000
0.313200	147.000000
0.313220	148.000000
0.313240	148.000000
0.313260	147.000000
0.313280	147.000000
0.313300	147.000000
0.313320	147.000000
0.313340	147.000000
0.313360	146.000000
0.313380	146.000000
0.313400	146.000000
0.313420	147.000000
0.313440	147.000000
0.313460	148.000000
0.313480	147.000000
0.313500	147.000000
0.313520	147.000000
0.313540	147.000000
0.313560	147.000000
0.313580	147.000000
0.313600	147.000000
0.313620	147.000000
0.313640	148.000000
0.313660	147.000000
0.313680	147.000000
0.313700	147.000000
0.313720	147.000000
0.313740	147.000000
0.313760	147.000000
0.313780	147.000000
0.313800	147.000000
0.313820	147.000000
0.313840	147.000000
0.313860	147.000000
0.313880	147.000000
0.313900	147.000000
0.313920	147.000000
0.313940	147.000000
0.313960	147.000000
0.313980	146.000000
0.314000	147.000000
0.314020	147.000000
0.314040	147.000000
0.314060	147.000000
0.314080	147.000000
0.314100	147.000000
0.314120	147.000000
0.314140	147.000000
0.314160	147.000000
0.314180	147.000000
0.314200	147.000000
0.314220	147.000000
0.314240	148.000000
0.314260	148.000000
0.314280	147.000000
0.314300	147.000000
0.314320	147.000000
0.314340	147.000000
0.314360	147.000000
0.314380	147.000000
0.314400	147.000000
0.314420	147.000000
0.314440	147.000000
0.314460	147.000000
0.314480	147.000000
0.314500	147.000000
0.314520	147.000000
0.314540	147.000000
0.314560	147.000000
0.314580	147.000000
0.314600	147.000000
0.314620	148.000000
0.314640	148.000000
0.314660	147.000000
0.314680	146.000000
0.314700	146.000000
0.314720	147.000000
0.314740	148.000000
0.314760	147.000000
0.314780	146.000000
0.314800	145.000000
0.314820	147.000000
0.314840	148.000000
0.314860	147.000000
0.314880	145.000000
0.314900	145.000000
0.314920	148.000000
0.314940	151.000000
0.314960	147.000000
0.314980	135.000000
