0.341500	102.000000
0.341520	59.000000
0.341540	121.000000
0.341560	168.000000
0.341580	172.000000
0.341600	150.000000
0.341620	134.000000
0.341640	141.000000
0.341660	156.000000
0.341680	158.000000
0.341700	148.000000
0.341720	139.000000
0.341740	142.000000
0.341760	151.000000
0.341780	154.000000
0.341800	148.000000
0.341820	142.000000
0.341840	144.000000
0.341860	150.000000
0.341880	152.000000
0.341900	149.000000
0.341920	146.000000
0.341940	148.000000
0.341960	153.000000
0.341980	154.000000
0.342000	150.000000
0.342020	147.000000
0.342040	147.000000
0.342060	150.000000
0.342080	150.000000
0.342100	146.000000
0.342120	144.000000
0.342140	146.000000
0.342160	150.000000
0.342180	150.000000
0.342200	146.000000
0.342220	143.000000
0.342240	145.000000
0.342260	149.000000
0.342280	150.000000
0.342300	149.000000
0.342320	147.000000
0.342340	148.000000
0.342360	152.000000
0.342380	153.000000
0.342400	151.000000
0.342420	148.000000
0.342440	149.000000
0.342460	151.000000
0.342480	151.000000
0.342500	149.000000
0.342520	147.000000
0.342540	146.000000
0.342560	147.000000
0.342580	147.000000
0.342600	146.000000
0.342620	145.000000
0.342640	147.000000
0.342660	150.000000
0.342680	151.000000
0.342700	149.000000
0.342720	147.000000
0.342740	148.000000
0.342760	149.000000
0.342780	150.000000
0.342800	149.000000
0.342820	148.000000
0.342840	148.000000
0.342860	149.000000
0.342880	150.000000
0.342900	149.000000
0.342920	148.000000
0.342940	149.000000
0.342960	149.000000
0.342980	148.000000
0.343000	146.000000
0.343020	146.000000
0.343040	146.000000
0.343060	148.000000
0.343080	149.000000
0.343100	148.000000
0.343120	146.000000
0.343140	147.000000
0.343160	148.000000
0.343180	148.000000
0.343200	147.000000
0.343220	148.000000
0.343240	150.000000
0.343260	152.000000
0.343280	152.000000
0.343300	150.000000
0.343320	148.000000
0.343340	148.000000
0.343360	149.000000
0.343380	149.000000
0.343400	147.000000
0.343420	146.000000
0.343440	147.000000
0.343460	148.000000
0.343480	148.000000
0.343500	146.000000
0.343520	145.000000
0.343540	146.000000
0.343560	147.000000
0.343580	147.000000
0.343600	147.000000
0.343620	147.000000
0.343640	148.000000
0.343660	150.000000
0.343680	150.000000
0.343700	148.000000
0.343720	147.000000
0.343740	149.000000
0.343760	152.000000
0.343780	154.000000
0.343800	153.000000
0.343820	151.000000
0.343840	149.000000
0.343860	149.000000
0.343880	149.000000
0.343900	148.000000
0.343920	147.000000
0.343940	147.000000
0.343960	147.000000
0.343980	146.000000
0.344000	144.000000
0.344020	144.000000
0.344040	145.000000
0.344060	147.000000
0.344080	149.000000
0.344100	148.000000
0.344120	146.000000
0.344140	146.000000
0.344160	148.000000
0.344180	149.000000
0.344200	149.000000
0.344220	149.000000
0.344240	149.000000
0.344260	149.000000
0.344280	149.000000
0.344300	148.000000
0.344320	148.000000
0.344340	147.000000
0.344360	148.000000
0.344380	148.000000
0.344400	147.000000
0.344420	147.000000
0.344440	148.000000
0.344460	149.000000
0.344480	150.000000
0.344500	149.000000
0.344520	148.000000
0.344540	148.000000
0.344560	149.000000
0.344580	149.000000
0.344600	149.000000
0.344620	149.000000
0.344640	149.000000
0.344660	150.000000
0.344680	150.000000
0.344700	149.000000
0.344720	149.000000
0.344740	149.000000
0.344760	149.000000
0.344780	149.000000
0.344800	148.000000
0.344820	147.000000
0.344840	147.000000
0.344860	148.000000
0.344880	149.000000
0.344900	148.000000
0.344920	146.000000
0.344940	146.000000
0.344960	147.000000
0.344980	147.000000
0.345000	147.000000
0.345020	147.000000
0.345040	148.000000
0.345060	149.000000
0.345080	150.000000
0.345100	150.000000
0.345120	149.000000
0.345140	148.000000
0.345160	148.000000
0.345180	149.000000
0.345200	149.000000
0.345220	150.000000
0.345240	150.000000
0.345260	150.000000
0.345280	149.000000
0.345300	147.000000
0.345320	146.000000
0.345340	146.000000
0.345360	147.000000
0.345380	148.000000
0.345400	147.000000
0.345420	146.000000
0.345440	145.000000
0.345460	146.000000
0.345480	147.000000
0.345500	148.000000
0.345520	148.000000
0.345540	149.000000
0.345560	150.000000
0.345580	150.000000
0.345600	150.000000
0.345620	150.000000
0.345640	151.000000
0.345660	152.000000
0.345680	151.000000
0.345700	150.000000
0.345720	148.000000
0.345740	147.000000
0.345760	147.000000
0.345780	148.000000
0.345800	148.000000
0.345820	148.000000
0.345840	148.000000
0.345860	148.000000
0.345880	148.000000
0.345900	148.000000
0.345920	148.000000
0.345940	148.000000
0.345960	149.000000
0.345980	149.000000
0.346000	149.000000
0.346020	148.000000
0.346040	148.000000
0.346060	148.000000
0.346080	148.000000
0.346100	147.000000
0.346120	147.000000
0.346140	147.000000
0.346160	147.000000
0.346180	147.000000
0.346200	146.000000
0.346220	146.000000
0.346240	147.000000
0.346260	148.000000
0.346280	149.000000
0.346300	150.000000
0.346320	150.000000
0.346340	150.000000
0.346360	149.000000
0.346380	149.000000
0.346400	148.000000
0.346420	149.000000
0.346440	150.000000
0.346460	151.000000
0.346480	152.000000
0.346500	151.000000
0.346520	149.000000
0.346540	148.000000
0.346560	147.000000
0.346580	147.000000
0.346600	148.000000
0.346620	149.000000
0.346640	149.000000
0.346660	149.000000
0.346680	148.000000
0.346700	147.000000
0.346720	147.000000
0.346740	147.000000
0.346760	147.000000
0.346780	145.000000
0.346800	144.000000
0.346820	144.000000
0.346840	146.000000
0.346860	148.000000
0.346880	149.000000
0.346900	149.000000
0.346920	148.000000
0.346940	148.000000
0.346960	149.000000
0.346980	149.000000
0.347000	148.000000
0.347020	149.000000
0.347040	149.000000
0.347060	150.000000
0.347080	149.000000
0.347100	148.000000
0.347120	146.000000
0.347140	146.000000
0.347160	146.000000
0.347180	146.000000
0.347200	145.000000
0.347220	145.000000
0.347240	145.000000
0.347260	147.000000
0.347280	149.000000
0.347300	149.000000
0.347320	149.000000
0.347340	149.000000
0.347360	149.000000
0.347380	149.000000
0.347400	149.000000
0.347420	149.000000
0.347440	149.000000
0.347460	149.000000
0.347480	149.000000
0.347500	149.000000
0.347520	148.000000
0.347540	148.000000
0.347560	148.000000
0.347580	147.000000
0.347600	147.000000
0.347620	147.000000
0.347640	148.000000
0.347660	148.000000
0.347680	148.000000
0.347700	148.000000
0.347720	147.000000
0.347740	148.000000
0.347760	149.000000
0.347780	149.000000
0.347800	149.000000
0.347820	149.000000
0.347840	149.000000
0.347860	149.000000
0.347880	149.000000
0.347900	148.000000
0.347920	147.000000
0.347940	148.000000
0.347960	150.000000
0.347980	151.000000
0.348000	150.000000
0.348020	149.000000
0.348040	148.000000
0.348060	148.000000
0.348080	148.000000
0.348100	147.000000
0.348120	146.000000
0.348140	146.000000
0.348160	147.000000
0.348180	149.000000
0.348200	149.000000
0.348220	148.000000
0.348240	148.000000
0.348260	148.000000
0.348280	148.000000
0.348300	148.000000
0.348320	148.000000
0.348340	149.000000
0.348360	150.000000
0.348380	151.000000
0.348400	150.000000
0.348420	149.000000
0.348440	148.000000
0.348460	147.000000
0.348480	147.000000
0.348500	147.000000
0.348520	147.000000
0.348540	147.000000
0.348560	147.000000
0.348580	147.000000
0.348600	146.000000
0.348620	145.000000
0.348640	145.000000
0.348660	145.000000
0.348680	146.000000
0.348700	147.000000
0.348720	147.000000
0.348740	148.000000
0.348760	149.000000
0.348780	149.000000
0.348800	150.000000
0.348820	149.000000
0.348840	149.000000
0.348860	149.000000
0.348880	148.000000
0.348900	148.000000
0.348920	147.000000
0.348940	146.000000
0.348960	145.000000
0.348980	145.000000
0.349000	144.000000
0.349020	145.000000
0.349040	146.000000
0.349060	148.000000
0.349080	149.000000
0.349100	148.000000
0.349120	148.000000
0.349140	147.000000
0.349160	147.000000
0.349180	147.000000
0.349200	147.000000
0.349220	147.000000
0.349240	149.000000
0.349260	151.000000
0.349280	155.000000
0.349300	159.000000
0.349320	162.000000
0.349340	164.000000
0.349360	161.000000
0.349380	155.000000
0.349400	147.000000
0.349420	139.000000
0.349440	133.000000
0.349460	132.000000
0.349480	134.000000
0.349500	137.000000
0.349520	138.000000
0.349540	137.000000
0.349560	135.000000
0.349580	133.000000
0.349600	136.000000
0.349620	145.000000
0.349640	159.000000
0.349660	173.000000
0.349680	182.000000
0.349700	183.000000
0.349720	176.000000
0.349740	164.000000
0.349760	153.000000
0.349780	145.000000
0.349800	143.000000
0.349820	144.000000
0.349840	144.000000
0.349860	140.000000
0.349880	132.000000
0.349900	120.000000
0.349920	110.000000
0.349940	106.000000
0.349960	109.000000
0.349980	119.000000
0.350000	135.000000
0.350020	153.000000
0.350040	170.000000
0.350060	183.000000
0.350080	191.000000
0.350100	196.000000
0.350120	198.000000
0.350140	198.000000
0.350160	195.000000
0.350180	185.000000
0.350200	166.000000
0.350220	142.000000
0.350240	116.000000
0.350260	94.000000
0.350280	78.000000
0.350300	71.000000
0.350320	73.000000
0.350340	83.000000
0.350360	101.000000
0.350380	125.000000
0.350400	151.000000
0.350420	177.000000
0.350440	199.000000
0.350460	214.000000
0.350480	220.000000
0.350500	217.000000
0.350520	207.000000
0.350540	191.000000
0.350560	171.000000
0.350580	148.000000
0.350600	125.000000
0.350620	106.000000
0.350640	95.000000
0.350660	91.000000
0.350680	95.000000
0.350700	104.000000
0.350720	117.000000
0.350740	133.000000
0.350760	151.000000
0.350780	166.000000
0.350800	177.000000
0.350820	183.000000
0.350840	185.000000
0.350860	183.000000
0.350880	177.000000
0.350900	168.000000
0.350920	156.000000
0.350940	146.000000
0.350960	137.000000
0.350980	130.000000
0.351000	126.000000
0.351020	125.000000
0.351040	127.000000
0.351060	132.000000
0.351080	137.000000
0.351100	143.000000
0.351120	148.000000
0.351140	153.000000
0.351160	158.000000
0.351180	161.000000
0.351200	162.000000
0.351220	160.000000
0.351240	158.000000
0.351260	155.000000
0.351280	152.000000
0.351300	148.000000
0.351320	144.000000
0.351340	142.000000
0.351360	141.000000
0.351380	141.000000
0.351400	142.000000
0.351420	142.000000
0.351440	143.000000
0.351460	145.000000
0.351480	148.000000
0.351500	150.000000
0.351520	151.000000
0.351540	151.000000
0.351560	152.000000
0.351580	152.000000
0.351600	152.000000
0.351620	151.000000
0.351640	149.000000
0.351660	147.000000
0.351680	147.000000
0.351700	147.000000
0.351720	147.000000
0.351740	147.000000
0.351760	147.000000
0.351780	146.000000
0.351800	146.000000
0.351820	146.000000
0.351840	146.000000
0.351860	146.000000
0.351880	147.000000
0.351900	148.000000
0.351920	150.000000
0.351940	151.000000
0.351960	152.000000
0.351980	152.000000
0.352000	151.000000
0.352020	150.000000
0.352040	149.000000
0.352060	148.000000
0.352080	147.000000
0.352100	146.000000
0.352120	145.000000
0.352140	145.000000
0.352160	145.000000
0.352180	144.000000
0.352200	144.000000
0.352220	144.000000
0.352240	145.000000
0.352260	146.000000
0.352280	147.000000
0.352300	148.000000
0.352320	148.000000
0.352340	148.000000
0.352360	148.000000
0.352380	148.000000
0.352400	148.000000
0.352420	148.000000
0.352440	149.000000
0.352460	152.000000
0.352480	156.000000
0.352500	159.000000
0.352520	160.000000
0.352540	159.000000
0.352560	154.000000
0.352580	148.000000
0.352600	141.000000
0.352620	136.000000
0.352640	134.000000
0.352660	135.000000
0.352680	139.000000
0.352700	141.000000
0.352720	141.000000
0.352740	138.000000
0.352760	136.000000
0.352780	137.000000
0.352800	143.000000
0.352820	155.000000
0.352840	168.000000
0.352860	178.000000
0.352880	181.000000
0.352900	176.000000
0.352920	166.000000
0.352940	156.000000
0.352960	149.000000
0.352980	148.000000
0.353000	149.000000
0.353020	149.000000
0.353040	145.000000
0.353060	136.000000
0.353080	125.000000
0.353100	114.000000
0.353120	108.000000
0.353140	109.000000
0.353160	117.000000
0.353180	130.000000
0.353200	146.000000
0.353220	160.000000
0.353240	172.000000
0.353260	180.000000
0.353280	187.000000
0.353300	193.000000
0.353320	197.000000
0.353340	197.000000
0.353360	191.000000
0.353380	177.000000
0.353400	158.000000
0.353420	134.000000
0.353440	111.000000
0.353460	91.000000
0.353480	79.000000
0.353500	76.000000
0.353520	81.000000
0.353540	94.000000
0.353560	112.000000
0.353580	134.000000
0.353600	157.000000
0.353620	179.000000
0.353640	197.000000
0.353660	209.000000
0.353680	214.000000
0.353700	210.000000
0.353720	200.000000
0.353740	185.000000
0.353760	165.000000
0.353780	144.000000
0.353800	125.000000
0.353820	109.000000
0.353840	100.000000
0.353860	97.000000
0.353880	100.000000
0.353900	107.000000
0.353920	119.000000
0.353940	133.000000
0.353960	149.000000
0.353980	163.000000
0.354000	174.000000
0.354020	180.000000
0.354040	183.000000
0.354060	181.000000
0.354080	175.000000
0.354100	167.000000
0.354120	157.000000
0.354140	147.000000
0.354160	139.000000
0.354180	132.000000
0.354200	128.000000
0.354220	127.000000
0.354240	128.000000
0.354260	130.000000
0.354280	133.000000
0.354300	138.000000
0.354320	144.000000
0.354340	150.000000
0.354360	155.000000
0.354380	158.000000
0.354400	160.000000
0.354420	161.000000
0.354440	161.000000
0.354460	159.000000
0.354480	156.000000
0.354500	151.000000
0.354520	147.000000
0.354540	144.000000
0.354560	143.000000
0.354580	143.000000
0.354600	142.000000
0.354620	142.000000
0.354640	142.000000
0.354660	143.000000
0.354680	144.000000
0.354700	147.000000
0.354720	149.000000
0.354740	150.000000
0.354760	151.000000
0.354780	151.000000
0.354800	152.000000
0.354820	152.000000
0.354840	152.000000
0.354860	152.000000
0.354880	150.000000
0.354900	148.000000
0.354920	146.000000
0.354940	146.000000
0.354960	146.000000
0.354980	146.000000
0.355000	146.000000
0.355020	145.000000
0.355040	145.000000
0.355060	145.000000
0.355080	146.000000
0.355100	148.000000
0.355120	149.000000
0.355140	151.000000
0.355160	152.000000
0.355180	153.000000
0.355200	153.000000
0.355220	152.000000
0.355240	151.000000
0.355260	150.000000
0.355280	149.000000
0.355300	147.000000
0.355320	146.000000
0.355340	145.000000
0.355360	144.000000
0.355380	145.000000
0.355400	145.000000
0.355420	145.000000
0.355440	145.000000
0.355460	146.000000
0.355480	147.000000
0.355500	148.000000
0.355520	149.000000
0.355540	148.000000
0.355560	148.000000
0.355580	147.000000
0.355600	147.000000
0.355620	149.000000
0.355640	150.000000
0.355660	152.000000
0.355680	154.000000
0.355700	155.000000
0.355720	155.000000
0.355740	153.000000
0.355760	149.000000
0.355780	144.000000
0.355800	141.000000
0.355820	140.000000
0.355840	141.000000
0.355860	142.000000
0.355880	143.000000
0.355900	141.000000
0.355920	139.000000
0.355940	136.000000
0.355960	137.000000
0.355980	141.000000
0.356000	149.000000
0.356020	158.000000
0.356040	165.000000
0.356060	168.000000
0.356080	166.000000
0.356100	161.000000
0.356120	155.000000
0.356140	151.000000
0.356160	151.000000
0.356180	152.000000
0.356200	152.000000
0.356220	149.000000
0.356240	142.000000
0.356260	133.000000
0.356280	125.000000
0.356300	120.000000
0.356320	120.000000
0.356340	125.000000
0.356360	132.000000
0.356380	141.000000
0.356400	150.000000
0.356420	157.000000
0.356440	164.000000
0.356460	170.000000
0.356480	176.000000
0.356500	181.000000
0.356520	183.000000
0.356540	182.000000
0.356560	175.000000
0.356580	163.000000
0.356600	148.000000
0.356620	132.000000
0.356640	119.000000
0.356660	109.000000
0.356680	103.000000
0.356700	102.000000
0.356720	106.000000
0.356740	115.000000
0.356760	127.000000
0.356780	141.000000
0.356800	156.000000
0.356820	170.000000
0.356840	182.000000
0.356860	191.000000
0.356880	194.000000
0.356900	191.000000
0.356920	183.000000
0.356940	171.000000
0.356960	157.000000
0.356980	142.000000
0.357000	128.000000
0.357020	118.000000
0.357040	112.000000
0.357060	111.000000
0.357080	114.000000
0.357100	120.000000
0.357120	128.000000
0.357140	138.000000
0.357160	150.000000
0.357180	160.000000
0.357200	168.000000
0.357220	173.000000
0.357240	175.000000
0.357260	174.000000
0.357280	170.000000
0.357300	164.000000
0.357320	156.000000
0.357340	149.000000
0.357360	142.000000
0.357380	137.000000
0.357400	133.000000
0.357420	130.000000
0.357440	129.000000
0.357460	131.000000
0.357480	134.000000
0.357500	138.000000
0.357520	143.000000
0.357540	148.000000
0.357560	153.000000
0.357580	157.000000
0.357600	159.000000
0.357620	160.000000
0.357640	158.000000
0.357660	156.000000
0.357680	155.000000
0.357700	153.000000
0.357720	151.000000
0.357740	148.000000
0.357760	145.000000
0.357780	143.000000
0.357800	141.000000
0.357820	139.000000
0.357840	139.000000
0.357860	140.000000
0.357880	141.000000
0.357900	143.000000
0.357920	146.000000
0.357940	149.000000
0.357960	151.000000
0.357980	154.000000
0.358000	155.000000
0.358020	155.000000
0.358040	155.000000
0.358060	154.000000
0.358080	152.000000
0.358100	151.000000
0.358120	149.000000
0.358140	148.000000
0.358160	146.000000
0.358180	144.000000
0.358200	143.000000
0.358220	141.000000
0.358240	141.000000
0.358260	142.000000
0.358280	143.000000
0.358300	146.000000
0.358320	148.000000
0.358340	150.000000
0.358360	151.000000
0.358380	153.000000
0.358400	154.000000
0.358420	154.000000
0.358440	154.000000
0.358460	152.000000
0.358480	151.000000
0.358500	149.000000
0.358520	148.000000
0.358540	146.000000
0.358560	144.000000
0.358580	143.000000
0.358600	143.000000
0.358620	143.000000
0.358640	145.000000
0.358660	145.000000
0.358680	146.000000
0.358700	146.000000
0.358720	146.000000
0.358740	147.000000
0.358760	149.000000
0.358780	150.000000
0.358800	152.000000
0.358820	153.000000
0.358840	153.000000
0.358860	153.000000
0.358880	153.000000
0.358900	152.000000
0.358920	151.000000
0.358940	149.000000
0.358960	146.000000
0.358980	144.000000
0.359000	142.000000
0.359020	143.000000
0.359040	145.000000
0.359060	145.000000
0.359080	144.000000
0.359100	142.000000
0.359120	140.000000
0.359140	141.000000
0.359160	143.000000
0.359180	147.000000
0.359200	152.000000
0.359220	157.000000
0.359240	159.000000
0.359260	159.000000
0.359280	156.000000
0.359300	153.000000
0.359320	151.000000
0.359340	151.000000
0.359360	152.000000
0.359380	152.000000
0.359400	149.000000
0.359420	145.000000
0.359440	141.000000
0.359460	136.000000
0.359480	132.000000
0.359500	130.000000
0.359520	132.000000
0.359540	137.000000
0.359560	143.000000
0.359580	148.000000
0.359600	151.000000
0.359620	153.000000
0.359640	157.000000
0.359660	161.000000
0.359680	165.000000
0.359700	167.000000
0.359720	167.000000
0.359740	165.000000
0.359760	160.000000
0.359780	153.000000
0.359800	144.000000
0.359820	136.000000
0.359840	131.000000
0.359860	127.000000
0.359880	125.000000
0.359900	124.000000
0.359920	126.000000
0.359940	131.000000
0.359960	138.000000
0.359980	147.000000
0.360000	156.000000
0.360020	164.000000
0.360040	170.000000
0.360060	174.000000
0.360080	174.000000
0.360100	171.000000
0.360120	165.000000
0.360140	158.000000
0.360160	150.000000
0.360180	143.000000
0.360200	136.000000
0.360220	131.000000
0.360240	129.000000
0.360260	129.000000
0.360280	130.000000
0.360300	133.000000
0.360320	137.000000
0.360340	143.000000
0.360360	150.000000
0.360380	156.000000
0.360400	160.000000
0.360420	163.000000
0.360440	164.000000
0.360460	164.000000
0.360480	162.000000
0.360500	158.000000
0.360520	152.000000
0.360540	147.000000
0.360560	143.000000
0.360580	140.000000
0.360600	137.000000
0.360620	135.000000
0.360640	135.000000
0.360660	137.000000
0.360680	140.000000
0.360700	144.000000
0.360720	147.000000
0.360740	151.000000
0.360760	156.000000
0.360780	159.000000
0.360800	160.000000
0.360820	159.000000
0.360840	157.000000
0.360860	155.000000
0.360880	152.000000
0.360900	149.000000
0.360920	146.000000
0.360940	144.000000
0.360960	143.000000
0.360980	143.000000
0.361000	142.000000
0.361020	142.000000
0.361040	141.000000
0.361060	142.000000
0.361080	144.000000
0.361100	147.000000
0.361120	150.000000
0.361140	153.000000
0.361160	155.000000
0.361180	157.000000
0.361200	156.000000
0.361220	155.000000
0.361240	154.000000
0.361260	154.000000
0.361280	154.000000
0.361300	151.000000
0.361320	148.000000
0.361340	144.000000
0.361360	142.000000
0.361380	141.000000
0.361400	140.000000
0.361420	139.000000
0.361440	139.000000
0.361460	141.000000
0.361480	144.000000
0.361500	147.000000
0.361520	148.000000
0.361540	150.000000
0.361560	152.000000
0.361580	155.000000
0.361600	157.000000
0.361620	156.000000
0.361640	154.000000
0.361660	152.000000
0.361680	150.000000
0.361700	149.000000
0.361720	147.000000
0.361740	145.000000
0.361760	143.000000
0.361780	142.000000
0.361800	142.000000
0.361820	142.000000
0.361840	143.000000
0.361860	144.000000
0.361880	146.000000
0.361900	148.000000
0.361920	149.000000
0.361940	150.000000
0.361960	151.000000
0.361980	152.000000
0.362000	152.000000
0.362020	152.000000
0.362040	152.000000
0.362060	153.000000
0.362080	152.000000
0.362100	151.000000
0.362120	148.000000
0.362140	145.000000
0.362160	143.000000
0.362180	143.000000
0.362200	144.000000
0.362220	145.000000
0.362240	146.000000
0.362260	145.000000
0.362280	144.000000
0.362300	142.000000
0.362320	142.000000
0.362340	143.000000
0.362360	146.000000
0.362380	150.000000
0.362400	154.000000
0.362420	155.000000
0.362440	154.000000
0.362460	152.000000
0.362480	149.000000
0.362500	148.000000
0.362520	149.000000
0.362540	151.000000
0.362560	152.000000
0.362580	152.000000
0.362600	149.000000
0.362620	144.000000
0.362640	141.000000
0.362660	139.000000
0.362680	140.000000
0.362700	143.000000
0.362720	145.000000
0.362740	147.000000
0.362760	148.000000
0.362780	149.000000
0.362800	149.000000
0.362820	151.000000
0.362840	152.000000
0.362860	155.000000
0.362880	157.000000
0.362900	157.000000
0.362920	155.000000
0.362940	151.000000
0.362960	147.000000
0.362980	144.000000
0.363000	142.000000
0.363020	141.000000
0.363040	139.000000
0.363060	139.000000
0.363080	139.000000
0.363100	141.000000
0.363120	143.000000
0.363140	145.000000
0.363160	148.000000
0.363180	151.000000
0.363200	154.000000
0.363220	156.000000
0.363240	156.000000
0.363260	156.000000
0.363280	155.000000
0.363300	154.000000
0.363320	152.000000
0.363340	150.000000
0.363360	147.000000
0.363380	143.000000
0.363400	140.000000
0.363420	137.000000
0.363440	136.000000
0.363460	137.000000
0.363480	139.000000
0.363500	142.000000
0.363520	145.000000
0.363540	149.000000
0.363560	152.000000
0.363580	156.000000
0.363600	158.000000
0.363620	159.000000
0.363640	158.000000
0.363660	156.000000
0.363680	154.000000
0.363700	151.000000
0.363720	149.000000
0.363740	146.000000
0.363760	143.000000
0.363780	141.000000
0.363800	140.000000
0.363820	140.000000
0.363840	141.000000
0.363860	142.000000
0.363880	145.000000
0.363900	148.000000
0.363920	150.000000
0.363940	152.000000
0.363960	154.000000
0.363980	155.000000
0.364000	155.000000
0.364020	155.000000
0.364040	153.000000
0.364060	150.000000
0.364080	147.000000
0.364100	145.000000
0.364120	143.000000
0.364140	142.000000
0.364160	141.000000
0.364180	141.000000
0.364200	141.000000
0.364220	141.000000
0.364240	142.000000
0.364260	144.000000
0.364280	147.000000
0.364300	149.000000
0.364320	152.000000
0.364340	153.000000
0.364360	153.000000
0.364380	153.000000
0.364400	153.000000
0.364420	153.000000
0.364440	152.000000
0.364460	152.000000
0.364480	151.000000
0.364500	149.000000
0.364520	147.000000
0.364540	145.000000
0.364560	143.000000
0.364580	141.000000
0.364600	140.000000
0.364620	140.000000
0.364640	141.000000
0.364660	143.000000
0.364680	146.000000
0.364700	148.000000
0.364720	150.000000
0.364740	152.000000
0.364760	154.000000
0.364780	155.000000
0.364800	156.000000
0.364820	156.000000
0.364840	155.000000
0.364860	153.000000
0.364880	151.000000
0.364900	150.000000
0.364920	148.000000
0.364940	146.000000
0.364960	143.000000
0.364980	142.000000
0.365000	141.000000
0.365020	142.000000
0.365040	143.000000
0.365060	145.000000
0.365080	146.000000
0.365100	147.000000
0.365120	148.000000
0.365140	149.000000
0.365160	151.000000
0.365180	153.000000
0.365200	154.000000
0.365220	154.000000
0.365240	154.000000
0.365260	153.000000
0.365280	151.000000
0.365300	148.000000
0.365320	146.000000
0.365340	144.000000
0.365360	143.000000
0.365380	143.000000
0.365400	144.000000
0.365420	144.000000
0.365440	144.000000
0.365460	143.000000
0.365480	143.000000
0.365500	143.000000
0.365520	145.000000
0.365540	148.000000
0.365560	152.000000
0.365580	154.000000
0.365600	154.000000
0.365620	153.000000
0.365640	150.000000
0.365660	148.000000
0.365680	148.000000
0.365700	148.000000
0.365720	149.000000
0.365740	149.000000
0.365760	149.000000
0.365780	147.000000
0.365800	144.000000
0.365820	142.000000
0.365840	142.000000
0.365860	144.000000
0.365880	146.000000
0.365900	149.000000
0.365920	151.000000
0.365940	152.000000
0.365960	152.000000
0.365980	151.000000
0.366000	150.000000
0.366020	149.000000
0.366040	150.000000
0.366060	150.000000
0.366080	150.000000
0.366100	149.000000
0.366120	146.000000
0.366140	144.000000
0.366160	142.000000
0.366180	142.000000
0.366200	144.000000
0.366220	147.000000
0.366240	149.000000
0.366260	150.000000
0.366280	150.000000
0.366300	150.000000
0.366320	151.000000
0.366340	152.000000
0.366360	152.000000
0.366380	152.000000
0.366400	151.000000
0.366420	149.000000
0.366440	147.000000
0.366460	146.000000
0.366480	146.000000
0.366500	146.000000
0.366520	145.000000
0.366540	144.000000
0.366560	144.000000
0.366580	143.000000
0.366600	144.000000
0.366620	144.000000
0.366640	145.000000
0.366660	146.000000
0.366680	148.000000
0.366700	149.000000
0.366720	151.000000
0.366740	152.000000
0.366760	153.000000
0.366780	153.000000
0.366800	152.000000
0.366820	151.000000
0.366840	150.000000
0.366860	149.000000
0.366880	148.000000
0.366900	147.000000
0.366920	145.000000
0.366940	143.000000
0.366960	143.000000
0.366980	143.000000
0.367000	144.000000
0.367020	145.000000
0.367040	146.000000
0.367060	147.000000
0.367080	148.000000
0.367100	150.000000
0.367120	151.000000
0.367140	153.000000
0.367160	155.000000
0.367180	155.000000
0.367200	153.000000
0.367220	151.000000
0.367240	148.000000
0.367260	147.000000
0.367280	147.000000
0.367300	146.000000
0.367320	145.000000
0.367340	143.000000
0.367360	142.000000
0.367380	142.000000
0.367400	144.000000
0.367420	145.000000
0.367440	145.000000
0.367460	146.000000
0.367480	147.000000
0.367500	149.000000
0.367520	151.000000
0.367540	152.000000
0.367560	152.000000
0.367580	151.000000
0.367600	150.000000
0.367620	150.000000
0.367640	150.000000
0.367660	149.000000
0.367680	148.000000
0.367700	147.000000
0.367720	144.000000
0.367740	142.000000
0.367760	140.000000
0.367780	140.000000
0.367800	141.000000
0.367820	142.000000
0.367840	143.000000
0.367860	144.000000
0.367880	145.000000
0.367900	147.000000
0.367920	149.000000
0.367940	151.000000
0.367960	153.000000
0.367980	153.000000
0.368000	154.000000
0.368020	154.000000
0.368040	154.000000
0.368060	153.000000
0.368080	152.000000
0.368100	149.000000
0.368120	146.000000
0.368140	143.000000
0.368160	142.000000
0.368180	141.000000
0.368200	141.000000
0.368220	143.000000
0.368240	145.000000
0.368260	146.000000
0.368280	147.000000
0.368300	148.000000
0.368320	149.000000
0.368340	150.000000
0.368360	151.000000
0.368380	153.000000
0.368400	154.000000
0.368420	154.000000
0.368440	153.000000
0.368460	151.000000
0.368480	149.000000
0.368500	147.000000
0.368520	146.000000
0.368540	144.000000
0.368560	144.000000
0.368580	145.000000
0.368600	146.000000
0.368620	147.000000
0.368640	147.000000
0.368660	146.000000
0.368680	146.000000
0.368700	147.000000
0.368720	149.000000
0.368740	152.000000
0.368760	153.000000
0.368780	154.000000
0.368800	152.000000
0.368820	149.000000
0.368840	146.000000
0.368860	145.000000
0.368880	145.000000
0.368900	146.000000
0.368920	147.000000
0.368940	147.000000
0.368960	146.000000
0.368980	145.000000
0.369000	145.000000
0.369020	145.000000
0.369040	145.000000
0.369060	147.000000
0.369080	149.000000
0.369100	151.000000
0.369120	153.000000
0.369140	153.000000
0.369160	152.000000
0.369180	151.000000
0.369200	149.000000
0.369220	148.000000
0.369240	148.000000
0.369260	147.000000
0.369280	145.000000
0.369300	143.000000
0.369320	141.000000
0.369340	140.000000
0.369360	141.000000
0.369380	143.000000
0.369400	146.000000
0.369420	149.000000
0.369440	152.000000
0.369460	154.000000
0.369480	155.000000
0.369500	156.000000
0.369520	156.000000
0.369540	155.000000
0.369560	152.000000
0.369580	150.000000
0.369600	147.000000
0.369620	144.000000
0.369640	141.000000
0.369660	139.000000
0.369680	138.000000
0.369700	139.000000
0.369720	140.000000
0.369740	142.000000
0.369760	144.000000
0.369780	147.000000
0.369800	150.000000
0.369820	152.000000
0.369840	153.000000
0.369860	153.000000
0.369880	154.000000
0.369900	154.000000
0.369920	154.000000
0.369940	153.000000
0.369960	150.000000
0.369980	148.000000
0.370000	147.000000
0.370020	146.000000
0.370040	145.000000
0.370060	145.000000
0.370080	144.000000
0.370100	143.000000
0.370120	143.000000
0.370140	143.000000
0.370160	143.000000
0.370180	144.000000
0.370200	146.000000
0.370220	148.000000
0.370240	149.000000
0.370260	150.000000
0.370280	150.000000
0.370300	150.000000
0.370320	150.000000
0.370340	151.000000
0.370360	152.000000
0.370380	152.000000
0.370400	150.000000
0.370420	148.000000
0.370440	146.000000
0.370460	146.000000
0.370480	146.000000
0.370500	146.000000
0.370520	146.000000
0.370540	145.000000
0.370560	145.000000
0.370580	146.000000
0.370600	147.000000
0.370620	148.000000
0.370640	148.000000
0.370660	148.000000
0.370680	148.000000
0.370700	149.000000
0.370720	150.000000
0.370740	151.000000
0.370760	152.000000
0.370780	152.000000
0.370800	152.000000
0.370820	152.000000
0.370840	151.000000
0.370860	150.000000
0.370880	148.000000
0.370900	147.000000
0.370920	145.000000
0.370940	143.000000
0.370960	142.000000
0.370980	141.000000
0.371000	142.000000
0.371020	143.000000
0.371040	144.000000
0.371060	145.000000
0.371080	146.000000
0.371100	148.000000
0.371120	150.000000
0.371140	152.000000
0.371160	154.000000
0.371180	154.000000
0.371200	154.000000
0.371220	154.000000
0.371240	153.000000
0.371260	152.000000
0.371280	151.000000
0.371300	149.000000
0.371320	147.000000
0.371340	145.000000
0.371360	143.000000
0.371380	141.000000
0.371400	140.000000
0.371420	141.000000
0.371440	143.000000
0.371460	145.000000
0.371480	147.000000
0.371500	148.000000
0.371520	149.000000
0.371540	151.000000
0.371560	153.000000
0.371580	154.000000
0.371600	154.000000
0.371620	153.000000
0.371640	152.000000
0.371660	150.000000
0.371680	148.000000
0.371700	147.000000
0.371720	145.000000
0.371740	144.000000
0.371760	143.000000
0.371780	143.000000
0.371800	143.000000
0.371820	144.000000
0.371840	144.000000
0.371860	144.000000
0.371880	146.000000
0.371900	148.000000
0.371920	150.000000
0.371940	152.000000
0.371960	152.000000
0.371980	152.000000
0.372000	150.000000
0.372020	149.000000
0.372040	147.000000
0.372060	146.000000
0.372080	146.000000
0.372100	146.000000
0.372120	146.000000
0.372140	146.000000
0.372160	144.000000
0.372180	143.000000
0.372200	143.000000
0.372220	145.000000
0.372240	147.000000
0.372260	149.000000
0.372280	151.000000
0.372300	152.000000
0.372320	152.000000
0.372340	152.000000
0.372360	150.000000
0.372380	149.000000
0.372400	148.000000
0.372420	147.000000
0.372440	145.000000
0.372460	144.000000
0.372480	142.000000
0.372500	141.000000
0.372520	141.000000
0.372540	141.000000
0.372560	143.000000
0.372580	146.000000
0.372600	150.000000
0.372620	154.000000
0.372640	158.000000
0.372660	160.000000
0.372680	160.000000
0.372700	160.000000
0.372720	159.000000
0.372740	157.000000
0.372760	152.000000
0.372780	147.000000
0.372800	143.000000
0.372820	140.000000
0.372840	138.000000
0.372860	137.000000
0.372880	136.000000
0.372900	136.000000
0.372920	137.000000
0.372940	139.000000
0.372960	143.000000
0.372980	146.000000
0.373000	150.000000
0.373020	153.000000
0.373040	156.000000
0.373060	157.000000
0.373080	157.000000
0.373100	155.000000
0.373120	153.000000
0.373140	152.000000
0.373160	150.000000
0.373180	148.000000
0.373200	145.000000
0.373220	143.000000
0.373240	141.000000
0.373260	140.000000
0.373280	141.000000
0.373300	143.000000
0.373320	144.000000
0.373340	146.000000
0.373360	147.000000
0.373380	148.000000
0.373400	149.000000
0.373420	150.000000
0.373440	150.000000
0.373460	150.000000
0.373480	151.000000
0.373500	151.000000
0.373520	151.000000
0.373540	151.000000
0.373560	150.000000
0.373580	149.000000
0.373600	148.000000
0.373620	147.000000
0.373640	146.000000
0.373660	145.000000
0.373680	144.000000
0.373700	144.000000
0.373720	146.000000
0.373740	147.000000
0.373760	148.000000
0.373780	148.000000
0.373800	148.000000
0.373820	148.000000
0.373840	149.000000
0.373860	150.000000
0.373880	149.000000
0.373900	150.000000
0.373920	150.000000
0.373940	151.000000
0.373960	151.000000
0.373980	150.000000
0.374000	149.000000
0.374020	149.000000
0.374040	149.000000
0.374060	149.000000
0.374080	149.000000
0.374100	148.000000
0.374120	148.000000
0.374140	147.000000
0.374160	146.000000
0.374180	144.000000
0.374200	142.000000
0.374220	142.000000
0.374240	142.000000
0.374260	144.000000
0.374280	145.000000
0.374300	147.000000
0.374320	149.000000
0.374340	151.000000
0.374360	152.000000
0.374380	153.000000
0.374400	153.000000
0.374420	153.000000
0.374440	152.000000
0.374460	151.000000
0.374480	149.000000
0.374500	147.000000
0.374520	144.000000
0.374540	143.000000
0.374560	142.000000
0.374580	141.000000
0.374600	141.000000
0.374620	142.000000
0.374640	143.000000
0.374660	145.000000
0.374680	147.000000
0.374700	148.000000
0.374720	149.000000
0.374740	151.000000
0.374760	152.000000
0.374780	153.000000
0.374800	153.000000
0.374820	153.000000
0.374840	152.000000
0.374860	150.000000
0.374880	148.000000
0.374900	145.000000
0.374920	143.000000
0.374940	142.000000
0.374960	142.000000
0.374980	143.000000
0.375000	145.000000
0.375020	146.000000
0.375040	147.000000
0.375060	148.000000
0.375080	149.000000
0.375100	151.000000
0.375120	153.000000
0.375140	155.000000
0.375160	155.000000
0.375180	154.000000
0.375200	151.000000
0.375220	149.000000
0.375240	146.000000
0.375260	144.000000
0.375280	143.000000
0.375300	142.000000
0.375320	142.000000
0.375340	142.000000
0.375360	143.000000
0.375380	144.000000
0.375400	146.000000
0.375420	147.000000
0.375440	149.000000
0.375460	151.000000
0.375480	153.000000
0.375500	153.000000
0.375520	153.000000
0.375540	152.000000
0.375560	151.000000
0.375580	150.000000
0.375600	148.000000
0.375620	145.000000
0.375640	142.000000
0.375660	140.000000
0.375680	139.000000
0.375700	139.000000
0.375720	140.000000
0.375740	141.000000
0.375760	144.000000
0.375780	147.000000
0.375800	151.000000
0.375820	155.000000
0.375840	158.000000
0.375860	159.000000
0.375880	159.000000
0.375900	159.000000
0.375920	157.000000
0.375940	155.000000
0.375960	150.000000
0.375980	145.000000
0.376000	140.000000
0.376020	137.000000
0.376040	135.000000
0.376060	134.000000
0.376080	135.000000
0.376100	136.000000
0.376120	138.000000
0.376140	141.000000
0.376160	144.000000
0.376180	148.000000
0.376200	152.000000
0.376220	155.000000
0.376240	158.000000
0.376260	158.000000
0.376280	157.000000
0.376300	156.000000
0.376320	154.000000
0.376340	151.000000
0.376360	148.000000
0.376380	145.000000
0.376400	142.000000
0.376420	142.000000
0.376440	142.000000
0.376460	143.000000
0.376480	144.000000
0.376500	145.000000
0.376520	146.000000
0.376540	148.000000
0.376560	150.000000
0.376580	151.000000
0.376600	152.000000
0.376620	152.000000
0.376640	152.000000
0.376660	151.000000
0.376680	150.000000
0.376700	149.000000
0.376720	149.000000
0.376740	149.000000
0.376760	148.000000
0.376780	147.000000
0.376800	147.000000
0.376820	146.000000
0.376840	146.000000
0.376860	145.000000
0.376880	145.000000
0.376900	145.000000
0.376920	145.000000
0.376940	146.000000
0.376960	147.000000
0.376980	149.000000
0.377000	149.000000
0.377020	150.000000
0.377040	149.000000
0.377060	148.000000
0.377080	148.000000
0.377100	147.000000
0.377120	148.000000
0.377140	148.000000
0.377160	148.000000
0.377180	148.000000
0.377200	148.000000
0.377220	148.000000
0.377240	148.000000
0.377260	148.000000
0.377280	147.000000
0.377300	146.000000
0.377320	146.000000
0.377340	146.000000
0.377360	146.000000
0.377380	146.000000
0.377400	146.000000
0.377420	145.000000
0.377440	145.000000
0.377460	146.000000
0.377480	147.000000
0.377500	148.000000
0.377520	150.000000
0.377540	151.000000
0.377560	152.000000
0.377580	152.000000
0.377600	152.000000
0.377620	151.000000
0.377640	150.000000
0.377660	149.000000
0.377680	147.000000
0.377700	146.000000
0.377720	145.000000
0.377740	145.000000
0.377760	144.000000
0.377780	144.000000
0.377800	144.000000
0.377820	144.000000
0.377840	146.000000
0.377860	147.000000
0.377880	149.000000
0.377900	150.000000
0.377920	151.000000
0.377940	152.000000
0.377960	153.000000
0.377980	153.000000
0.378000	152.000000
0.378020	151.000000
0.378040	150.000000
0.378060	148.000000
0.378080	146.000000
0.378100	144.000000
0.378120	143.000000
0.378140	143.000000
0.378160	143.000000
0.378180	144.000000
0.378200	145.000000
0.378220	145.000000
0.378240	146.000000
0.378260	147.000000
0.378280	149.000000
0.378300	151.000000
0.378320	153.000000
0.378340	153.000000
0.378360	152.000000
0.378380	150.000000
0.378400	148.000000
0.378420	146.000000
0.378440	145.000000
0.378460	145.000000
0.378480	144.000000
0.378500	144.000000
0.378520	144.000000
0.378540	144.000000
0.378560	144.000000
0.378580	145.000000
0.378600	147.000000
0.378620	149.000000
0.378640	151.000000
0.378660	153.000000
0.378680	153.000000
0.378700	153.000000
0.378720	154.000000
0.378740	153.000000
0.378760	152.000000
0.378780	149.000000
0.378800	146.000000
0.378820	144.000000
0.378840	142.000000
0.378860	141.000000
0.378880	140.000000
0.378900	140.000000
0.378920	141.000000
0.378940	143.000000
0.378960	146.000000
0.378980	150.000000
0.379000	153.000000
0.379020	155.000000
0.379040	157.000000
0.379060	158.000000
0.379080	158.000000
0.379100	157.000000
0.379120	155.000000
0.379140	152.000000
0.379160	148.000000
0.379180	144.000000
0.379200	141.000000
0.379220	139.000000
0.379240	137.000000
0.379260	137.000000
0.379280	137.000000
0.379300	139.000000
0.379320	142.000000
0.379340	145.000000
0.379360	149.000000
0.379380	151.000000
0.379400	153.000000
0.379420	155.000000
0.379440	155.000000
0.379460	155.000000
0.379480	154.000000
0.379500	153.000000
0.379520	151.000000
0.379540	149.000000
0.379560	146.000000
0.379580	144.000000
0.379600	142.000000
0.379620	141.000000
0.379640	141.000000
0.379660	142.000000
0.379680	144.000000
0.379700	145.000000
0.379720	146.000000
0.379740	148.000000
0.379760	149.000000
0.379780	150.000000
0.379800	150.000000
0.379820	150.000000
0.379840	150.000000
0.379860	149.000000
0.379880	149.000000
0.379900	148.000000
0.379920	147.000000
0.379940	147.000000
0.379960	146.000000
0.379980	146.000000
0.380000	146.000000
0.380020	146.000000
0.380040	147.000000
0.380060	147.000000
0.380080	148.000000
0.380100	148.000000
0.380120	149.000000
0.380140	149.000000
0.380160	148.000000
0.380180	148.000000
0.380200	148.000000
0.380220	149.000000
0.380240	149.000000
0.380260	148.000000
0.380280	148.000000
0.380300	148.000000
0.380320	148.000000
0.380340	149.000000
0.380360	149.000000
0.380380	149.000000
0.380400	149.000000
0.380420	150.000000
0.380440	150.000000
0.380460	150.000000
0.380480	149.000000
0.380500	147.000000
0.380520	146.000000
0.380540	145.000000
0.380560	144.000000
0.380580	143.000000
0.380600	143.000000
0.380620	144.000000
0.380640	145.000000
0.380660	146.000000
0.380680	147.000000
0.380700	148.000000
0.380720	150.000000
0.380740	152.000000
0.380760	152.000000
0.380780	152.000000
0.380800	152.000000
0.380820	152.000000
0.380840	152.000000
0.380860	151.000000
0.380880	148.000000
0.380900	146.000000
0.380920	145.000000
0.380940	144.000000
0.380960	143.000000
0.380980	143.000000
0.381000	142.000000
0.381020	143.000000
0.381040	145.000000
0.381060	148.000000
0.381080	150.000000
0.381100	151.000000
0.381120	152.000000
0.381140	152.000000
0.381160	151.000000
0.381180	151.000000
0.381200	151.000000
0.381220	151.000000
0.381240	149.000000
0.381260	147.000000
0.381280	144.000000
0.381300	143.000000
0.381320	143.000000
0.381340	143.000000
0.381360	142.000000
0.381380	140.000000
0.381400	143.000000
0.381420	148.000000
0.381440	153.000000
0.381460	149.000000
0.381480	137.000000
