0.341500	102.000000
0.341520	59.000000
0.341540	122.000000
0.341560	168.000000
0.341580	172.000000
0.341600	148.000000
0.341620	133.000000
0.341640	141.000000
0.341660	156.000000
0.341680	159.000000
0.341700	147.000000
0.341720	138.000000
0.341740	141.000000
0.341760	151.000000
0.341780	154.000000
0.341800	147.000000
0.341820	142.000000
0.341840	144.000000
0.341860	151.000000
0.341880	154.000000
0.341900	149.000000
0.341920	145.000000
0.341940	147.000000
0.341960	152.000000
0.341980	154.000000
0.342000	150.000000
0.342020	146.000000
0.342040	146.000000
0.342060	148.000000
0.342080	149.000000
0.342100	146.000000
0.342120	144.000000
0.342140	145.000000
0.342160	148.000000
0.342180	148.000000
0.342200	144.000000
0.342220	142.000000
0.342240	144.000000
0.342260	148.000000
0.342280	150.000000
0.342300	149.000000
0.342320	147.000000
0.342340	148.000000
0.342360	151.000000
0.342380	151.000000
0.342400	150.000000
0.342420	148.000000
0.342440	149.000000
0.342460	151.000000
0.342480	150.000000
0.342500	147.000000
0.342520	144.000000
0.342540	144.000000
0.342560	146.000000
0.342580	148.000000
0.342600	148.000000
0.342620	147.000000
0.342640	148.000000
0.342660	150.000000
0.342680	150.000000
0.342700	148.000000
0.342720	147.000000
0.342740	147.000000
0.342760	149.000000
0.342780	149.000000
0.342800	148.000000
0.342820	147.000000
0.342840	148.000000
0.342860	149.000000
0.342880	149.000000
0.342900	147.000000
0.342920	146.000000
0.342940	147.000000
0.342960	149.000000
0.342980	150.000000
0.343000	148.000000
0.343020	147.000000
0.343040	148.000000
0.343060	149.000000
0.343080	150.000000
0.343100	148.000000
0.343120	147.000000
0.343140	148.000000
0.343160	149.000000
0.343180	149.000000
0.343200	147.000000
0.343220	146.000000
0.343240	147.000000
0.343260	149.000000
0.343280	150.000000
0.343300	149.000000
0.343320	149.000000
0.343340	150.000000
0.343360	151.000000
0.343380	151.000000
0.343400	148.000000
0.343420	146.000000
0.343440	146.000000
0.343460	147.000000
0.343480	148.000000
0.343500	147.000000
0.343520	146.000000
0.343540	147.000000
0.343560	148.000000
0.343580	148.000000
0.343600	147.000000
0.343620	147.000000
0.343640	148.000000
0.343660	150.000000
0.343680	152.000000
0.343700	151.000000
0.343720	150.000000
0.343740	150.000000
0.343760	151.000000
0.343780	152.000000
0.343800	151.000000
0.343820	149.000000
0.343840	149.000000
0.343860	149.000000
0.343880	149.000000
0.343900	147.000000
0.343920	145.000000
0.343940	144.000000
0.343960	145.000000
0.343980	145.000000
0.344000	146.000000
0.344020	146.000000
0.344040	147.000000
0.344060	148.000000
0.344080	149.000000
0.344100	149.000000
0.344120	149.000000
0.344140	150.000000
0.344160	151.000000
0.344180	150.000000
0.344200	149.000000
0.344220	148.000000
0.344240	148.000000
0.344260	149.000000
0.344280	149.000000
0.344300	148.000000
0.344320	147.000000
0.344340	147.000000
0.344360	148.000000
0.344380	148.000000
0.344400	148.000000
0.344420	147.000000
0.344440	147.000000
0.344460	148.000000
0.344480	148.000000
0.344500	147.000000
0.344520	147.000000
0.344540	147.000000
0.344560	147.000000
0.344580	147.000000
0.344600	147.000000
0.344620	146.000000
0.344640	147.000000
0.344660	148.000000
0.344680	149.000000
0.344700	148.000000
0.344720	147.000000
0.344740	146.000000
0.344760	147.000000
0.344780	149.000000
0.344800	150.000000
0.344820	150.000000
0.344840	150.000000
0.344860	150.000000
0.344880	149.000000
0.344900	148.000000
0.344920	147.000000
0.344940	147.000000
0.344960	147.000000
0.344980	148.000000
0.345000	147.000000
0.345020	147.000000
0.345040	148.000000
0.345060	149.000000
0.345080	151.000000
0.345100	152.000000
0.345120	152.000000
0.345140	151.000000
0.345160	150.000000
0.345180	149.000000
0.345200	148.000000
0.345220	148.000000
0.345240	147.000000
0.345260	147.000000
0.345280	146.000000
0.345300	145.000000
0.345320	145.000000
0.345340	145.000000
0.345360	146.000000
0.345380	146.000000
0.345400	146.000000
0.345420	146.000000
0.345440	146.000000
0.345460	147.000000
0.345480	148.000000
0.345500	148.000000
0.345520	149.000000
0.345540	151.000000
0.345560	152.000000
0.345580	152.000000
0.345600	151.000000
0.345620	149.000000
0.345640	149.000000
0.345660	149.000000
0.345680	150.000000
0.345700	149.000000
0.345720	148.000000
0.345740	146.000000
0.345760	146.000000
0.345780	145.000000
0.345800	145.000000
0.345820	145.000000
0.345840	145.000000
0.345860	146.000000
0.345880	147.000000
0.345900	147.000000
0.345920	148.000000
0.345940	149.000000
0.345960	150.000000
0.345980	150.000000
0.346000	149.000000
0.346020	148.000000
0.346040	149.000000
0.346060	150.000000
0.346080	150.000000
0.346100	149.000000
0.346120	148.000000
0.346140	148.000000
0.346160	148.000000
0.346180	149.000000
0.346200	149.000000
0.346220	148.000000
0.346240	148.000000
0.346260	148.000000
0.346280	149.000000
0.346300	148.000000
0.346320	147.000000
0.346340	147.000000
0.346360	147.000000
0.346380	148.000000
0.346400	149.000000
0.346420	149.000000
0.346440	150.000000
0.346460	150.000000
0.346480	150.000000
0.346500	150.000000
0.346520	150.000000
0.346540	150.000000
0.346560	150.000000
0.346580	150.000000
0.346600	149.000000
0.346620	148.000000
0.346640	148.000000
0.346660	148.000000
0.346680	147.000000
0.346700	146.000000
0.346720	146.000000
0.346740	147.000000
0.346760	147.000000
0.346780	147.000000
0.346800	147.000000
0.346820	146.000000
0.346840	147.000000
0.346860	148.000000
0.346880	149.000000
0.346900	149.000000
0.346920	149.000000
0.346940	150.000000
0.346960	151.000000
0.346980	152.000000
0.347000	151.000000
0.347020	150.000000
0.347040	150.000000
0.347060	151.000000
0.347080	151.000000
0.347100	150.000000
0.347120	148.000000
0.347140	147.000000
0.347160	146.000000
0.347180	146.000000
0.347200	146.000000
0.347220	146.000000
0.347240	147.000000
0.347260	148.000000
0.347280	149.000000
0.347300	150.000000
0.347320	150.000000
0.347340	150.000000
0.347360	150.000000
0.347380	149.000000
0.347400	148.000000
0.347420	147.000000
0.347440	146.000000
0.347460	146.000000
0.347480	147.000000
0.347500	147.000000
0.347520	148.000000
0.347540	148.000000
0.347560	148.000000
0.347580	148.000000
0.347600	148.000000
0.347620	149.000000
0.347640	150.000000
0.347660	150.000000
0.347680	150.000000
0.347700	148.000000
0.347720	147.000000
0.347740	146.000000
0.347760	147.000000
0.347780	148.000000
0.347800	149.000000
0.347820	150.000000
0.347840	151.000000
0.347860	151.000000
0.347880	150.000000
0.347900	148.000000
0.347920	147.000000
0.347940	147.000000
0.347960	149.000000
0.347980	150.000000
0.348000	149.000000
0.348020	148.000000
0.348040	147.000000
0.348060	146.000000
0.348080	146.000000
0.348100	145.000000
0.348120	145.000000
0.348140	146.000000
0.348160	147.000000
0.348180	148.000000
0.348200	147.000000
0.348220	146.000000
0.348240	146.000000
0.348260	148.000000
0.348280	149.000000
0.348300	150.000000
0.348320	149.000000
0.348340	149.000000
0.348360	149.000000
0.348380	149.000000
0.348400	149.000000
0.348420	149.000000
0.348440	149.000000
0.348460	149.000000
0.348480	149.000000
0.348500	148.000000
0.348520	146.000000
0.348540	145.000000
0.348560	145.000000
0.348580	147.000000
0.348600	147.000000
0.348620	147.000000
0.348640	147.000000
0.348660	147.000000
0.348680	148.000000
0.348700	149.000000
0.348720	150.000000
0.348740	150.000000
0.348760	151.000000
0.348780	152.000000
0.348800	152.000000
0.348820	152.000000
0.348840	151.000000
0.348860	150.000000
0.348880	149.000000
0.348900	148.000000
0.348920	147.000000
0.348940	147.000000
0.348960	146.000000
0.348980	145.000000
0.349000	145.000000
0.349020	144.000000
0.349040	145.000000
0.349060	146.000000
0.349080	147.000000
0.349100	148.000000
0.349120	148.000000
0.349140	147.000000
0.349160	147.000000
0.349180	147.000000
0.349200	147.000000
0.349220	146.000000
0.349240	147.000000
0.349260	150.000000
0.349280	154.000000
0.349300	159.000000
0.349320	162.000000
0.349340	162.000000
0.349360	159.000000
0.349380	152.000000
0.349400	144.000000
0.349420	137.000000
0.349440	132.000000
0.349460	131.000000
0.349480	133.000000
0.349500	137.000000
0.349520	139.000000
0.349540	138.000000
0.349560	135.000000
0.349580	134.000000
0.349600	138.000000
0.349620	147.000000
0.349640	161.000000
0.349660	174.000000
0.349680	182.000000
0.349700	182.000000
0.349720	174.000000
0.349740	162.000000
0.349760	151.000000
0.349780	144.000000
0.349800	143.000000
0.349820	145.000000
0.349840	145.000000
0.349860	141.000000
0.349880	132.000000
0.349900	120.000000
0.349920	110.000000
0.349940	106.000000
0.349960	110.000000
0.349980	121.000000
0.350000	136.000000
0.350020	152.000000
0.350040	168.000000
0.350060	181.000000
0.350080	191.000000
0.350100	197.000000
0.350120	200.000000
0.350140	199.000000
0.350160	193.000000
0.350180	182.000000
0.350200	164.000000
0.350220	142.000000
0.350240	117.000000
0.350260	95.000000
0.350280	79.000000
0.350300	73.000000
0.350320	75.000000
0.350340	87.000000
0.350360	105.000000
0.350380	128.000000
0.350400	153.000000
0.350420	178.000000
0.350440	198.000000
0.350460	212.000000
0.350480	218.000000
0.350500	215.000000
0.350520	205.000000
0.350540	188.000000
0.350560	167.000000
0.350580	145.000000
0.350600	124.000000
0.350620	107.000000
0.350640	96.000000
0.350660	92.000000
0.350680	95.000000
0.350700	105.000000
0.350720	119.000000
0.350740	136.000000
0.350760	152.000000
0.350780	166.000000
0.350800	177.000000
0.350820	183.000000
0.350840	186.000000
0.350860	184.000000
0.350880	177.000000
0.350900	168.000000
0.350920	157.000000
0.350940	146.000000
0.350960	137.000000
0.350980	130.000000
0.351000	126.000000
0.351020	124.000000
0.351040	126.000000
0.351060	130.000000
0.351080	135.000000
0.351100	142.000000
0.351120	149.000000
0.351140	155.000000
0.351160	159.000000
0.351180	161.000000
0.351200	161.000000
0.351220	159.000000
0.351240	157.000000
0.351260	154.000000
0.351280	151.000000
0.351300	147.000000
0.351320	144.000000
0.351340	142.000000
0.351360	141.000000
0.351380	141.000000
0.351400	141.000000
0.351420	142.000000
0.351440	144.000000
0.351460	146.000000
0.351480	148.000000
0.351500	151.000000
0.351520	153.000000
0.351540	154.000000
0.351560	154.000000
0.351580	153.000000
0.351600	152.000000
0.351620	151.000000
0.351640	150.000000
0.351660	149.000000
0.351680	147.000000
0.351700	146.000000
0.351720	146.000000
0.351740	146.000000
0.351760	147.000000
0.351780	146.000000
0.351800	146.000000
0.351820	145.000000
0.351840	146.000000
0.351860	147.000000
0.351880	148.000000
0.351900	149.000000
0.351920	149.000000
0.351940	150.000000
0.351960	151.000000
0.351980	151.000000
0.352000	151.000000
0.352020	151.000000
0.352040	150.000000
0.352060	149.000000
0.352080	148.000000
0.352100	147.000000
0.352120	146.000000
0.352140	146.000000
0.352160	147.000000
0.352180	147.000000
0.352200	147.000000
0.352220	146.000000
0.352240	145.000000
0.352260	145.000000
0.352280	146.000000
0.352300	147.000000
0.352320	148.000000
0.352340	149.000000
0.352360	148.000000
0.352380	147.000000
0.352400	146.000000
0.352420	147.000000
0.352440	149.000000
0.352460	152.000000
0.352480	155.000000
0.352500	158.000000
0.352520	160.000000
0.352540	159.000000
0.352560	155.000000
0.352580	148.000000
0.352600	140.000000
0.352620	135.000000
0.352640	133.000000
0.352660	135.000000
0.352680	139.000000
0.352700	141.000000
0.352720	140.000000
0.352740	136.000000
0.352760	133.000000
0.352780	135.000000
0.352800	142.000000
0.352820	155.000000
0.352840	168.000000
0.352860	177.000000
0.352880	178.000000
0.352900	172.000000
0.352920	162.000000
0.352940	154.000000
0.352960	149.000000
0.352980	148.000000
0.353000	149.000000
0.353020	149.000000
0.353040	145.000000
0.353060	136.000000
0.353080	124.000000
0.353100	114.000000
0.353120	109.000000
0.353140	111.000000
0.353160	120.000000
0.353180	132.000000
0.353200	146.000000
0.353220	160.000000
0.353240	171.000000
0.353260	181.000000
0.353280	188.000000
0.353300	193.000000
0.353320	196.000000
0.353340	196.000000
0.353360	190.000000
0.353380	176.000000
0.353400	156.000000
0.353420	133.000000
0.353440	111.000000
0.353460	93.000000
0.353480	82.000000
0.353500	78.000000
0.353520	83.000000
0.353540	96.000000
0.353560	115.000000
0.353580	137.000000
0.353600	160.000000
0.353620	181.000000
0.353640	197.000000
0.353660	207.000000
0.353680	211.000000
0.353700	209.000000
0.353720	199.000000
0.353740	183.000000
0.353760	164.000000
0.353780	142.000000
0.353800	123.000000
0.353820	109.000000
0.353840	100.000000
0.353860	98.000000
0.353880	101.000000
0.353900	109.000000
0.353920	122.000000
0.353940	138.000000
0.353960	153.000000
0.353980	166.000000
0.354000	175.000000
0.354020	180.000000
0.354040	182.000000
0.354060	180.000000
0.354080	174.000000
0.354100	166.000000
0.354120	157.000000
0.354140	147.000000
0.354160	138.000000
0.354180	131.000000
0.354200	126.000000
0.354220	124.000000
0.354240	126.000000
0.354260	130.000000
0.354280	135.000000
0.354300	141.000000
0.354320	147.000000
0.354340	153.000000
0.354360	157.000000
0.354380	159.000000
0.354400	161.000000
0.354420	161.000000
0.354440	161.000000
0.354460	158.000000
0.354480	154.000000
0.354500	150.000000
0.354520	146.000000
0.354540	143.000000
0.354560	142.000000
0.354580	141.000000
0.354600	141.000000
0.354620	142.000000
0.354640	144.000000
0.354660	145.000000
0.354680	145.000000
0.354700	147.000000
0.354720	148.000000
0.354740	151.000000
0.354760	152.000000
0.354780	153.000000
0.354800	152.000000
0.354820	152.000000
0.354840	152.000000
0.354860	152.000000
0.354880	150.000000
0.354900	148.000000
0.354920	146.000000
0.354940	144.000000
0.354960	144.000000
0.354980	143.000000
0.355000	142.000000
0.355020	142.000000
0.355040	143.000000
0.355060	145.000000
0.355080	147.000000
0.355100	148.000000
0.355120	149.000000
0.355140	149.000000
0.355160	151.000000
0.355180	152.000000
0.355200	152.000000
0.355220	152.000000
0.355240	152.000000
0.355260	151.000000
0.355280	150.000000
0.355300	148.000000
0.355320	147.000000
0.355340	146.000000
0.355360	146.000000
0.355380	146.000000
0.355400	146.000000
0.355420	146.000000
0.355440	146.000000
0.355460	147.000000
0.355480	147.000000
0.355500	148.000000
0.355520	149.000000
0.355540	149.000000
0.355560	149.000000
0.355580	149.000000
0.355600	148.000000
0.355620	147.000000
0.355640	148.000000
0.355660	150.000000
0.355680	153.000000
0.355700	155.000000
0.355720	156.000000
0.355740	154.000000
0.355760	150.000000
0.355780	146.000000
0.355800	142.000000
0.355820	140.000000
0.355840	141.000000
0.355860	143.000000
0.355880	144.000000
0.355900	142.000000
0.355920	138.000000
0.355940	135.000000
0.355960	136.000000
0.355980	140.000000
0.356000	149.000000
0.356020	158.000000
0.356040	165.000000
0.356060	168.000000
0.356080	166.000000
0.356100	160.000000
0.356120	154.000000
0.356140	151.000000
0.356160	151.000000
0.356180	152.000000
0.356200	153.000000
0.356220	150.000000
0.356240	144.000000
0.356260	136.000000
0.356280	127.000000
0.356300	122.000000
0.356320	122.000000
0.356340	126.000000
0.356360	133.000000
0.356380	142.000000
0.356400	150.000000
0.356420	157.000000
0.356440	163.000000
0.356460	169.000000
0.356480	174.000000
0.356500	179.000000
0.356520	182.000000
0.356540	181.000000
0.356560	175.000000
0.356580	163.000000
0.356600	148.000000
0.356620	133.000000
0.356640	120.000000
0.356660	111.000000
0.356680	105.000000
0.356700	104.000000
0.356720	107.000000
0.356740	116.000000
0.356760	128.000000
0.356780	143.000000
0.356800	158.000000
0.356820	172.000000
0.356840	184.000000
0.356860	191.000000
0.356880	193.000000
0.356900	189.000000
0.356920	181.000000
0.356940	169.000000
0.356960	156.000000
0.356980	143.000000
0.357000	131.000000
0.357020	121.000000
0.357040	114.000000
0.357060	112.000000
0.357080	115.000000
0.357100	121.000000
0.357120	130.000000
0.357140	139.000000
0.357160	149.000000
0.357180	158.000000
0.357200	165.000000
0.357220	169.000000
0.357240	171.000000
0.357260	171.000000
0.357280	168.000000
0.357300	162.000000
0.357320	156.000000
0.357340	149.000000
0.357360	142.000000
0.357380	137.000000
0.357400	133.000000
0.357420	131.000000
0.357440	131.000000
0.357460	133.000000
0.357480	135.000000
0.357500	139.000000
0.357520	144.000000
0.357540	149.000000
0.357560	153.000000
0.357580	157.000000
0.357600	159.000000
0.357620	159.000000
0.357640	159.000000
0.357660	157.000000
0.357680	154.000000
0.357700	150.000000
0.357720	146.000000
0.357740	144.000000
0.357760	142.000000
0.357780	141.000000
0.357800	140.000000
0.357820	140.000000
0.357840	140.000000
0.357860	142.000000
0.357880	145.000000
0.357900	147.000000
0.357920	149.000000
0.357940	150.000000
0.357960	152.000000
0.357980	154.000000
0.358000	156.000000
0.358020	156.000000
0.358040	155.000000
0.358060	154.000000
0.358080	152.000000
0.358100	151.000000
0.358120	149.000000
0.358140	147.000000
0.358160	145.000000
0.358180	143.000000
0.358200	142.000000
0.358220	142.000000
0.358240	142.000000
0.358260	143.000000
0.358280	144.000000
0.358300	145.000000
0.358320	147.000000
0.358340	150.000000
0.358360	153.000000
0.358380	154.000000
0.358400	155.000000
0.358420	155.000000
0.358440	154.000000
0.358460	153.000000
0.358480	152.000000
0.358500	150.000000
0.358520	148.000000
0.358540	146.000000
0.358560	145.000000
0.358580	144.000000
0.358600	143.000000
0.358620	144.000000
0.358640	144.000000
0.358660	145.000000
0.358680	145.000000
0.358700	146.000000
0.358720	147.000000
0.358740	149.000000
0.358760	150.000000
0.358780	151.000000
0.358800	152.000000
0.358820	152.000000
0.358840	152.000000
0.358860	152.000000
0.358880	152.000000
0.358900	151.000000
0.358920	150.000000
0.358940	148.000000
0.358960	146.000000
0.358980	144.000000
0.359000	143.000000
0.359020	143.000000
0.359040	143.000000
0.359060	143.000000
0.359080	142.000000
0.359100	140.000000
0.359120	140.000000
0.359140	141.000000
0.359160	144.000000
0.359180	149.000000
0.359200	154.000000
0.359220	158.000000
0.359240	160.000000
0.359260	158.000000
0.359280	155.000000
0.359300	152.000000
0.359320	150.000000
0.359340	151.000000
0.359360	153.000000
0.359380	154.000000
0.359400	152.000000
0.359420	147.000000
0.359440	141.000000
0.359460	135.000000
0.359480	132.000000
0.359500	132.000000
0.359520	134.000000
0.359540	138.000000
0.359560	143.000000
0.359580	148.000000
0.359600	152.000000
0.359620	156.000000
0.359640	159.000000
0.359660	163.000000
0.359680	165.000000
0.359700	167.000000
0.359720	167.000000
0.359740	164.000000
0.359760	158.000000
0.359780	151.000000
0.359800	143.000000
0.359820	136.000000
0.359840	131.000000
0.359860	127.000000
0.359880	124.000000
0.359900	123.000000
0.359920	126.000000
0.359940	131.000000
0.359960	138.000000
0.359980	147.000000
0.360000	155.000000
0.360020	163.000000
0.360040	169.000000
0.360060	173.000000
0.360080	173.000000
0.360100	170.000000
0.360120	163.000000
0.360140	156.000000
0.360160	149.000000
0.360180	142.000000
0.360200	136.000000
0.360220	132.000000
0.360240	129.000000
0.360260	128.000000
0.360280	129.000000
0.360300	132.000000
0.360320	138.000000
0.360340	144.000000
0.360360	151.000000
0.360380	157.000000
0.360400	161.000000
0.360420	164.000000
0.360440	165.000000
0.360460	164.000000
0.360480	161.000000
0.360500	157.000000
0.360520	151.000000
0.360540	146.000000
0.360560	142.000000
0.360580	138.000000
0.360600	136.000000
0.360620	135.000000
0.360640	135.000000
0.360660	137.000000
0.360680	139.000000
0.360700	143.000000
0.360720	147.000000
0.360740	151.000000
0.360760	155.000000
0.360780	158.000000
0.360800	159.000000
0.360820	159.000000
0.360840	157.000000
0.360860	155.000000
0.360880	152.000000
0.360900	148.000000
0.360920	146.000000
0.360940	144.000000
0.360960	143.000000
0.360980	142.000000
0.361000	141.000000
0.361020	141.000000
0.361040	142.000000
0.361060	143.000000
0.361080	144.000000
0.361100	146.000000
0.361120	149.000000
0.361140	152.000000
0.361160	155.000000
0.361180	157.000000
0.361200	156.000000
0.361220	155.000000
0.361240	154.000000
0.361260	153.000000
0.361280	151.000000
0.361300	148.000000
0.361320	145.000000
0.361340	143.000000
0.361360	142.000000
0.361380	141.000000
0.361400	140.000000
0.361420	140.000000
0.361440	140.000000
0.361460	141.000000
0.361480	143.000000
0.361500	146.000000
0.361520	149.000000
0.361540	152.000000
0.361560	154.000000
0.361580	155.000000
0.361600	155.000000
0.361620	154.000000
0.361640	153.000000
0.361660	152.000000
0.361680	151.000000
0.361700	149.000000
0.361720	146.000000
0.361740	144.000000
0.361760	142.000000
0.361780	141.000000
0.361800	140.000000
0.361820	140.000000
0.361840	141.000000
0.361860	142.000000
0.361880	145.000000
0.361900	147.000000
0.361920	149.000000
0.361940	150.000000
0.361960	151.000000
0.361980	152.000000
0.362000	153.000000
0.362020	154.000000
0.362040	154.000000
0.362060	153.000000
0.362080	152.000000
0.362100	150.000000
0.362120	148.000000
0.362140	146.000000
0.362160	145.000000
0.362180	144.000000
0.362200	144.000000
0.362220	145.000000
0.362240	146.000000
0.362260	147.000000
0.362280	146.000000
0.362300	144.000000
0.362320	143.000000
0.362340	145.000000
0.362360	149.000000
0.362380	153.000000
0.362400	155.000000
0.362420	155.000000
0.362440	153.000000
0.362460	151.000000
0.362480	150.000000
0.362500	150.000000
0.362520	150.000000
0.362540	151.000000
0.362560	151.000000
0.362580	150.000000
0.362600	148.000000
0.362620	145.000000
0.362640	141.000000
0.362660	139.000000
0.362680	139.000000
0.362700	141.000000
0.362720	144.000000
0.362740	147.000000
0.362760	148.000000
0.362780	149.000000
0.362800	150.000000
0.362820	151.000000
0.362840	153.000000
0.362860	155.000000
0.362880	157.000000
0.362900	157.000000
0.362920	156.000000
0.362940	154.000000
0.362960	150.000000
0.362980	147.000000
0.363000	143.000000
0.363020	141.000000
0.363040	139.000000
0.363060	139.000000
0.363080	139.000000
0.363100	139.000000
0.363120	141.000000
0.363140	143.000000
0.363160	147.000000
0.363180	151.000000
0.363200	154.000000
0.363220	155.000000
0.363240	156.000000
0.363260	156.000000
0.363280	156.000000
0.363300	155.000000
0.363320	153.000000
0.363340	150.000000
0.363360	147.000000
0.363380	144.000000
0.363400	142.000000
0.363420	141.000000
0.363440	140.000000
0.363460	140.000000
0.363480	141.000000
0.363500	143.000000
0.363520	145.000000
0.363540	147.000000
0.363560	150.000000
0.363580	153.000000
0.363600	155.000000
0.363620	157.000000
0.363640	157.000000
0.363660	155.000000
0.363680	152.000000
0.363700	149.000000
0.363720	146.000000
0.363740	144.000000
0.363760	142.000000
0.363780	140.000000
0.363800	139.000000
0.363820	139.000000
0.363840	140.000000
0.363860	142.000000
0.363880	145.000000
0.363900	147.000000
0.363920	149.000000
0.363940	151.000000
0.363960	153.000000
0.363980	155.000000
0.364000	155.000000
0.364020	155.000000
0.364040	153.000000
0.364060	151.000000
0.364080	149.000000
0.364100	147.000000
0.364120	145.000000
0.364140	144.000000
0.364160	143.000000
0.364180	142.000000
0.364200	142.000000
0.364220	143.000000
0.364240	143.000000
0.364260	145.000000
0.364280	147.000000
0.364300	150.000000
0.364320	152.000000
0.364340	155.000000
0.364360	156.000000
0.364380	156.000000
0.364400	156.000000
0.364420	155.000000
0.364440	154.000000
0.364460	152.000000
0.364480	149.000000
0.364500	147.000000
0.364520	144.000000
0.364540	143.000000
0.364560	142.000000
0.364580	142.000000
0.364600	142.000000
0.364620	143.000000
0.364640	143.000000
0.364660	144.000000
0.364680	146.000000
0.364700	148.000000
0.364720	151.000000
0.364740	152.000000
0.364760	154.000000
0.364780	154.000000
0.364800	154.000000
0.364820	154.000000
0.364840	154.000000
0.364860	153.000000
0.364880	150.000000
0.364900	148.000000
0.364920	146.000000
0.364940	144.000000
0.364960	142.000000
0.364980	141.000000
0.365000	139.000000
0.365020	139.000000
0.365040	141.000000
0.365060	143.000000
0.365080	146.000000
0.365100	148.000000
0.365120	149.000000
0.365140	151.000000
0.365160	152.000000
0.365180	153.000000
0.365200	154.000000
0.365220	153.000000
0.365240	153.000000
0.365260	152.000000
0.365280	151.000000
0.365300	148.000000
0.365320	146.000000
0.365340	144.000000
0.365360	144.000000
0.365380	145.000000
0.365400	146.000000
0.365420	146.000000
0.365440	145.000000
0.365460	144.000000
0.365480	144.000000
0.365500	146.000000
0.365520	148.000000
0.365540	150.000000
0.365560	152.000000
0.365580	154.000000
0.365600	154.000000
0.365620	153.000000
0.365640	151.000000
0.365660	149.000000
0.365680	148.000000
0.365700	148.000000
0.365720	149.000000
0.365740	149.000000
0.365760	148.000000
0.365780	146.000000
0.365800	143.000000
0.365820	141.000000
0.365840	140.000000
0.365860	142.000000
0.365880	144.000000
0.365900	147.000000
0.365920	150.000000
0.365940	150.000000
0.365960	150.000000
0.365980	149.000000
0.366000	148.000000
0.366020	148.000000
0.366040	148.000000
0.366060	148.000000
0.366080	148.000000
0.366100	148.000000
0.366120	147.000000
0.366140	145.000000
0.366160	144.000000
0.366180	143.000000
0.366200	144.000000
0.366220	145.000000
0.366240	147.000000
0.366260	148.000000
0.366280	149.000000
0.366300	149.000000
0.366320	150.000000
0.366340	150.000000
0.366360	150.000000
0.366380	150.000000
0.366400	150.000000
0.366420	149.000000
0.366440	148.000000
0.366460	146.000000
0.366480	145.000000
0.366500	145.000000
0.366520	145.000000
0.366540	145.000000
0.366560	144.000000
0.366580	144.000000
0.366600	144.000000
0.366620	145.000000
0.366640	147.000000
0.366660	148.000000
0.366680	148.000000
0.366700	149.000000
0.366720	149.000000
0.366740	151.000000
0.366760	152.000000
0.366780	153.000000
0.366800	153.000000
0.366820	152.000000
0.366840	150.000000
0.366860	149.000000
0.366880	148.000000
0.366900	146.000000
0.366920	145.000000
0.366940	144.000000
0.366960	144.000000
0.366980	145.000000
0.367000	145.000000
0.367020	146.000000
0.367040	146.000000
0.367060	146.000000
0.367080	147.000000
0.367100	148.000000
0.367120	150.000000
0.367140	151.000000
0.367160	151.000000
0.367180	151.000000
0.367200	150.000000
0.367220	150.000000
0.367240	149.000000
0.367260	147.000000
0.367280	146.000000
0.367300	145.000000
0.367320	145.000000
0.367340	145.000000
0.367360	144.000000
0.367380	143.000000
0.367400	143.000000
0.367420	143.000000
0.367440	144.000000
0.367460	145.000000
0.367480	146.000000
0.367500	148.000000
0.367520	150.000000
0.367540	152.000000
0.367560	153.000000
0.367580	153.000000
0.367600	152.000000
0.367620	152.000000
0.367640	152.000000
0.367660	151.000000
0.367680	150.000000
0.367700	147.000000
0.367720	145.000000
0.367740	143.000000
0.367760	142.000000
0.367780	142.000000
0.367800	141.000000
0.367820	141.000000
0.367840	142.000000
0.367860	143.000000
0.367880	145.000000
0.367900	148.000000
0.367920	151.000000
0.367940	153.000000
0.367960	156.000000
0.367980	157.000000
0.368000	157.000000
0.368020	156.000000
0.368040	154.000000
0.368060	152.000000
0.368080	149.000000
0.368100	146.000000
0.368120	144.000000
0.368140	142.000000
0.368160	141.000000
0.368180	141.000000
0.368200	141.000000
0.368220	141.000000
0.368240	142.000000
0.368260	143.000000
0.368280	145.000000
0.368300	146.000000
0.368320	148.000000
0.368340	149.000000
0.368360	151.000000
0.368380	152.000000
0.368400	153.000000
0.368420	153.000000
0.368440	151.000000
0.368460	149.000000
0.368480	147.000000
0.368500	145.000000
0.368520	144.000000
0.368540	144.000000
0.368560	144.000000
0.368580	145.000000
0.368600	146.000000
0.368620	146.000000
0.368640	146.000000
0.368660	147.000000
0.368680	148.000000
0.368700	149.000000
0.368720	151.000000
0.368740	153.000000
0.368760	154.000000
0.368780	153.000000
0.368800	151.000000
0.368820	149.000000
0.368840	146.000000
0.368860	145.000000
0.368880	145.000000
0.368900	146.000000
0.368920	147.000000
0.368940	148.000000
0.368960	147.000000
0.368980	145.000000
0.369000	144.000000
0.369020	145.000000
0.369040	147.000000
0.369060	149.000000
0.369080	151.000000
0.369100	152.000000
0.369120	153.000000
0.369140	153.000000
0.369160	153.000000
0.369180	151.000000
0.369200	150.000000
0.369220	147.000000
0.369240	146.000000
0.369260	145.000000
0.369280	144.000000
0.369300	142.000000
0.369320	141.000000
0.369340	141.000000
0.369360	142.000000
0.369380	144.000000
0.369400	147.000000
0.369420	150.000000
0.369440	154.000000
0.369460	156.000000
0.369480	157.000000
0.369500	157.000000
0.369520	155.000000
0.369540	153.000000
0.369560	151.000000
0.369580	149.000000
0.369600	147.000000
0.369620	144.000000
0.369640	142.000000
0.369660	140.000000
0.369680	140.000000
0.369700	140.000000
0.369720	140.000000
0.369740	142.000000
0.369760	144.000000
0.369780	146.000000
0.369800	149.000000
0.369820	150.000000
0.369840	151.000000
0.369860	152.000000
0.369880	153.000000
0.369900	154.000000
0.369920	154.000000
0.369940	152.000000
0.369960	150.000000
0.369980	148.000000
0.370000	146.000000
0.370020	145.000000
0.370040	144.000000
0.370060	144.000000
0.370080	144.000000
0.370100	145.000000
0.370120	145.000000
0.370140	145.000000
0.370160	145.000000
0.370180	145.000000
0.370200	145.000000
0.370220	147.000000
0.370240	149.000000
0.370260	150.000000
0.370280	150.000000
0.370300	150.000000
0.370320	151.000000
0.370340	151.000000
0.370360	151.000000
0.370380	151.000000
0.370400	150.000000
0.370420	148.000000
0.370440	147.000000
0.370460	145.000000
0.370480	145.000000
0.370500	145.000000
0.370520	146.000000
0.370540	147.000000
0.370560	147.000000
0.370580	146.000000
0.370600	145.000000
0.370620	145.000000
0.370640	146.000000
0.370660	148.000000
0.370680	149.000000
0.370700	149.000000
0.370720	150.000000
0.370740	150.000000
0.370760	150.000000
0.370780	150.000000
0.370800	149.000000
0.370820	149.000000
0.370840	149.000000
0.370860	150.000000
0.370880	150.000000
0.370900	150.000000
0.370920	148.000000
0.370940	147.000000
0.370960	146.000000
0.370980	144.000000
0.371000	143.000000
0.371020	142.000000
0.371040	143.000000
0.371060	145.000000
0.371080	147.000000
0.371100	148.000000
0.371120	149.000000
0.371140	150.000000
0.371160	152.000000
0.371180	154.000000
0.371200	155.000000
0.371220	154.000000
0.371240	153.000000
0.371260	152.000000
0.371280	150.000000
0.371300	148.000000
0.371320	145.000000
0.371340	144.000000
0.371360	143.000000
0.371380	143.000000
0.371400	144.000000
0.371420	144.000000
0.371440	144.000000
0.371460	145.000000
0.371480	146.000000
0.371500	147.000000
0.371520	147.000000
0.371540	148.000000
0.371560	150.000000
0.371580	152.000000
0.371600	153.000000
0.371620	153.000000
0.371640	151.000000
0.371660	148.000000
0.371680	147.000000
0.371700	146.000000
0.371720	145.000000
0.371740	144.000000
0.371760	143.000000
0.371780	143.000000
0.371800	144.000000
0.371820	146.000000
0.371840	147.000000
0.371860	147.000000
0.371880	147.000000
0.371900	148.000000
0.371920	150.000000
0.371940	151.000000
0.371960	152.000000
0.371980	151.000000
0.372000	149.000000
0.372020	147.000000
0.372040	145.000000
0.372060	144.000000
0.372080	144.000000
0.372100	145.000000
0.372120	146.000000
0.372140	146.000000
0.372160	146.000000
0.372180	145.000000
0.372200	145.000000
0.372220	146.000000
0.372240	148.000000
0.372260	149.000000
0.372280	151.000000
0.372300	153.000000
0.372320	154.000000
0.372340	155.000000
0.372360	154.000000
0.372380	151.000000
0.372400	149.000000
0.372420	147.000000
0.372440	145.000000
0.372460	143.000000
0.372480	141.000000
0.372500	139.000000
0.372520	139.000000
0.372540	140.000000
0.372560	142.000000
0.372580	145.000000
0.372600	149.000000
0.372620	153.000000
0.372640	156.000000
0.372660	157.000000
0.372680	158.000000
0.372700	158.000000
0.372720	157.000000
0.372740	155.000000
0.372760	152.000000
0.372780	148.000000
0.372800	144.000000
0.372820	141.000000
0.372840	139.000000
0.372860	138.000000
0.372880	137.000000
0.372900	137.000000
0.372920	139.000000
0.372940	141.000000
0.372960	145.000000
0.372980	149.000000
0.373000	153.000000
0.373020	155.000000
0.373040	156.000000
0.373060	156.000000
0.373080	156.000000
0.373100	155.000000
0.373120	153.000000
0.373140	151.000000
0.373160	150.000000
0.373180	148.000000
0.373200	147.000000
0.373220	146.000000
0.373240	144.000000
0.373260	143.000000
0.373280	142.000000
0.373300	142.000000
0.373320	143.000000
0.373340	145.000000
0.373360	147.000000
0.373380	149.000000
0.373400	150.000000
0.373420	151.000000
0.373440	152.000000
0.373460	153.000000
0.373480	153.000000
0.373500	153.000000
0.373520	153.000000
0.373540	152.000000
0.373560	151.000000
0.373580	149.000000
0.373600	147.000000
0.373620	145.000000
0.373640	144.000000
0.373660	144.000000
0.373680	145.000000
0.373700	146.000000
0.373720	147.000000
0.373740	148.000000
0.373760	148.000000
0.373780	148.000000
0.373800	147.000000
0.373820	146.000000
0.373840	147.000000
0.373860	147.000000
0.373880	148.000000
0.373900	148.000000
0.373920	148.000000
0.373940	148.000000
0.373960	148.000000
0.373980	149.000000
0.374000	149.000000
0.374020	149.000000
0.374040	149.000000
0.374060	149.000000
0.374080	149.000000
0.374100	149.000000
0.374120	149.000000
0.374140	147.000000
0.374160	146.000000
0.374180	144.000000
0.374200	144.000000
0.374220	143.000000
0.374240	143.000000
0.374260	143.000000
0.374280	144.000000
0.374300	146.000000
0.374320	148.000000
0.374340	150.000000
0.374360	152.000000
0.374380	153.000000
0.374400	154.000000
0.374420	153.000000
0.374440	152.000000
0.374460	150.000000
0.374480	148.000000
0.374500	146.000000
0.374520	144.000000
0.374540	142.000000
0.374560	141.000000
0.374580	141.000000
0.374600	142.000000
0.374620	143.000000
0.374640	145.000000
0.374660	146.000000
0.374680	148.000000
0.374700	150.000000
0.374720	152.000000
0.374740	154.000000
0.374760	154.000000
0.374780	154.000000
0.374800	153.000000
0.374820	152.000000
0.374840	150.000000
0.374860	148.000000
0.374880	146.000000
0.374900	145.000000
0.374920	144.000000
0.374940	144.000000
0.374960	144.000000
0.374980	144.000000
0.375000	145.000000
0.375020	146.000000
0.375040	147.000000
0.375060	149.000000
0.375080	151.000000
0.375100	152.000000
0.375120	153.000000
0.375140	153.000000
0.375160	152.000000
0.375180	151.000000
0.375200	149.000000
0.375220	148.000000
0.375240	146.000000
0.375260	145.000000
0.375280	144.000000
0.375300	144.000000
0.375320	145.000000
0.375340	145.000000
0.375360	145.000000
0.375380	146.000000
0.375400	147.000000
0.375420	148.000000
0.375440	150.000000
0.375460	151.000000
0.375480	153.000000
0.375500	154.000000
0.375520	155.000000
0.375540	154.000000
0.375560	151.000000
0.375580	148.000000
0.375600	145.000000
0.375620	143.000000
0.375640	142.000000
0.375660	141.000000
0.375680	140.000000
0.375700	139.000000
0.375720	139.000000
0.375740	140.000000
0.375760	143.000000
0.375780	148.000000
0.375800	152.000000
0.375820	156.000000
0.375840	158.000000
0.375860	160.000000
0.375880	161.000000
0.375900	160.000000
0.375920	158.000000
0.375940	155.000000
0.375960	151.000000
0.375980	146.000000
0.376000	141.000000
0.376020	138.000000
0.376040	135.000000
0.376060	134.000000
0.376080	135.000000
0.376100	137.000000
0.376120	141.000000
0.376140	145.000000
0.376160	148.000000
0.376180	151.000000
0.376200	153.000000
0.376220	155.000000
0.376240	156.000000
0.376260	156.000000
0.376280	155.000000
0.376300	154.000000
0.376320	152.000000
0.376340	150.000000
0.376360	147.000000
0.376380	144.000000
0.376400	143.000000
0.376420	142.000000
0.376440	141.000000
0.376460	141.000000
0.376480	142.000000
0.376500	144.000000
0.376520	146.000000
0.376540	148.000000
0.376560	150.000000
0.376580	151.000000
0.376600	151.000000
0.376620	152.000000
0.376640	152.000000
0.376660	152.000000
0.376680	151.000000
0.376700	150.000000
0.376720	149.000000
0.376740	148.000000
0.376760	147.000000
0.376780	146.000000
0.376800	145.000000
0.376820	145.000000
0.376840	145.000000
0.376860	145.000000
0.376880	145.000000
0.376900	145.000000
0.376920	146.000000
0.376940	146.000000
0.376960	146.000000
0.376980	147.000000
0.377000	147.000000
0.377020	147.000000
0.377040	148.000000
0.377060	149.000000
0.377080	149.000000
0.377100	149.000000
0.377120	148.000000
0.377140	148.000000
0.377160	147.000000
0.377180	148.000000
0.377200	149.000000
0.377220	149.000000
0.377240	150.000000
0.377260	149.000000
0.377280	148.000000
0.377300	147.000000
0.377320	146.000000
0.377340	145.000000
0.377360	144.000000
0.377380	143.000000
0.377400	144.000000
0.377420	145.000000
0.377440	146.000000
0.377460	147.000000
0.377480	147.000000
0.377500	148.000000
0.377520	150.000000
0.377540	152.000000
0.377560	153.000000
0.377580	153.000000
0.377600	153.000000
0.377620	152.000000
0.377640	151.000000
0.377660	150.000000
0.377680	149.000000
0.377700	146.000000
0.377720	144.000000
0.377740	142.000000
0.377760	140.000000
0.377780	140.000000
0.377800	141.000000
0.377820	142.000000
0.377840	144.000000
0.377860	146.000000
0.377880	147.000000
0.377900	149.000000
0.377920	151.000000
0.377940	153.000000
0.377960	154.000000
0.377980	154.000000
0.378000	153.000000
0.378020	152.000000
0.378040	151.000000
0.378060	149.000000
0.378080	147.000000
0.378100	145.000000
0.378120	144.000000
0.378140	144.000000
0.378160	145.000000
0.378180	145.000000
0.378200	146.000000
0.378220	147.000000
0.378240	147.000000
0.378260	148.000000
0.378280	149.000000
0.378300	151.000000
0.378320	152.000000
0.378340	152.000000
0.378360	151.000000
0.378380	149.000000
0.378400	147.000000
0.378420	146.000000
0.378440	145.000000
0.378460	144.000000
0.378480	144.000000
0.378500	144.000000
0.378520	144.000000
0.378540	144.000000
0.378560	145.000000
0.378580	146.000000
0.378600	148.000000
0.378620	149.000000
0.378640	151.000000
0.378660	152.000000
0.378680	154.000000
0.378700	155.000000
0.378720	155.000000
0.378740	153.000000
0.378760	150.000000
0.378780	148.000000
0.378800	146.000000
0.378820	144.000000
0.378840	142.000000
0.378860	140.000000
0.378880	139.000000
0.378900	139.000000
0.378920	141.000000
0.378940	143.000000
0.378960	146.000000
0.378980	148.000000
0.379000	151.000000
0.379020	154.000000
0.379040	157.000000
0.379060	158.000000
0.379080	158.000000
0.379100	157.000000
0.379120	154.000000
0.379140	151.000000
0.379160	147.000000
0.379180	143.000000
0.379200	141.000000
0.379220	139.000000
0.379240	139.000000
0.379260	139.000000
0.379280	139.000000
0.379300	141.000000
0.379320	143.000000
0.379340	146.000000
0.379360	149.000000
0.379380	151.000000
0.379400	154.000000
0.379420	156.000000
0.379440	157.000000
0.379460	157.000000
0.379480	155.000000
0.379500	153.000000
0.379520	151.000000
0.379540	148.000000
0.379560	144.000000
0.379580	142.000000
0.379600	141.000000
0.379620	141.000000
0.379640	142.000000
0.379660	142.000000
0.379680	142.000000
0.379700	144.000000
0.379720	146.000000
0.379740	148.000000
0.379760	149.000000
0.379780	150.000000
0.379800	151.000000
0.379820	151.000000
0.379840	151.000000
0.379860	150.000000
0.379880	149.000000
0.379900	147.000000
0.379920	146.000000
0.379940	145.000000
0.379960	144.000000
0.379980	144.000000
0.380000	144.000000
0.380020	145.000000
0.380040	147.000000
0.380060	147.000000
0.380080	147.000000
0.380100	147.000000
0.380120	148.000000
0.380140	149.000000
0.380160	149.000000
0.380180	148.000000
0.380200	148.000000
0.380220	147.000000
0.380240	147.000000
0.380260	148.000000
0.380280	148.000000
0.380300	149.000000
0.380320	149.000000
0.380340	150.000000
0.380360	149.000000
0.380380	149.000000
0.380400	148.000000
0.380420	148.000000
0.380440	148.000000
0.380460	148.000000
0.380480	147.000000
0.380500	147.000000
0.380520	147.000000
0.380540	146.000000
0.380560	145.000000
0.380580	144.000000
0.380600	144.000000
0.380620	144.000000
0.380640	146.000000
0.380660	146.000000
0.380680	147.000000
0.380700	148.000000
0.380720	149.000000
0.380740	151.000000
0.380760	151.000000
0.380780	151.000000
0.380800	150.000000
0.380820	150.000000
0.380840	149.000000
0.380860	148.000000
0.380880	147.000000
0.380900	146.000000
0.380920	146.000000
0.380940	145.000000
0.380960	143.000000
0.380980	143.000000
0.381000	144.000000
0.381020	146.000000
0.381040	148.000000
0.381060	149.000000
0.381080	150.000000
0.381100	150.000000
0.381120	151.000000
0.381140	151.000000
0.381160	151.000000
0.381180	150.000000
0.381200	149.000000
0.381220	149.000000
0.381240	147.000000
0.381260	145.000000
0.381280	143.000000
0.381300	143.000000
0.381320	145.000000
0.381340	146.000000
0.381360	145.000000
0.381380	144.000000
0.381400	145.000000
0.381420	150.000000
0.381440	154.000000
0.381460	151.000000
0.381480	138.000000
