0.341500	102.000000
0.341520	59.000000
0.341540	121.000000
0.341560	168.000000
0.341580	171.000000
0.341600	149.000000
0.341620	134.000000
0.341640	141.000000
0.341660	156.000000
0.341680	157.000000
0.341700	146.000000
0.341720	137.000000
0.341740	142.000000
0.341760	152.000000
0.341780	155.000000
0.341800	149.000000
0.341820	142.000000
0.341840	144.000000
0.341860	151.000000
0.341880	153.000000
0.341900	148.000000
0.341920	144.000000
0.341940	146.000000
0.341960	153.000000
0.341980	155.000000
0.342000	152.000000
0.342020	148.000000
0.342040	149.000000
0.342060	153.000000
0.342080	153.000000
0.342100	149.000000
0.342120	145.000000
0.342140	145.000000
0.342160	148.000000
0.342180	148.000000
0.342200	144.000000
0.342220	141.000000
0.342240	143.000000
0.342260	147.000000
0.342280	150.000000
0.342300	149.000000
0.342320	147.000000
0.342340	148.000000
0.342360	150.000000
0.342380	151.000000
0.342400	150.000000
0.342420	148.000000
0.342440	148.000000
0.342460	150.000000
0.342480	151.000000
0.342500	149.000000
0.342520	146.000000
0.342540	146.000000
0.342560	147.000000
0.342580	148.000000
0.342600	146.000000
0.342620	145.000000
0.342640	146.000000
0.342660	148.000000
0.342680	149.000000
0.342700	149.000000
0.342720	148.000000
0.342740	148.000000
0.342760	150.000000
0.342780	151.000000
0.342800	150.000000
0.342820	149.000000
0.342840	150.000000
0.342860	151.000000
0.342880	151.000000
0.342900	149.000000
0.342920	147.000000
0.342940	147.000000
0.342960	148.000000
0.342980	148.000000
0.343000	147.000000
0.343020	146.000000
0.343040	147.000000
0.343060	149.000000
0.343080	149.000000
0.343100	148.000000
0.343120	147.000000
0.343140	148.000000
0.343160	149.000000
0.343180	150.000000
0.343200	149.000000
0.343220	148.000000
0.343240	148.000000
0.343260	150.000000
0.343280	151.000000
0.343300	151.000000
0.343320	150.000000
0.343340	150.000000
0.343360	150.000000
0.343380	150.000000
0.343400	148.000000
0.343420	147.000000
0.343440	147.000000
0.343460	148.000000
0.343480	148.000000
0.343500	147.000000
0.343520	145.000000
0.343540	146.000000
0.343560	147.000000
0.343580	147.000000
0.343600	146.000000
0.343620	145.000000
0.343640	146.000000
0.343660	147.000000
0.343680	148.000000
0.343700	148.000000
0.343720	149.000000
0.343740	150.000000
0.343760	151.000000
0.343780	151.000000
0.343800	150.000000
0.343820	149.000000
0.343840	148.000000
0.343860	148.000000
0.343880	148.000000
0.343900	146.000000
0.343920	145.000000
0.343940	145.000000
0.343960	146.000000
0.343980	146.000000
0.344000	145.000000
0.344020	145.000000
0.344040	146.000000
0.344060	147.000000
0.344080	149.000000
0.344100	148.000000
0.344120	148.000000
0.344140	148.000000
0.344160	149.000000
0.344180	149.000000
0.344200	148.000000
0.344220	148.000000
0.344240	148.000000
0.344260	149.000000
0.344280	149.000000
0.344300	148.000000
0.344320	147.000000
0.344340	147.000000
0.344360	148.000000
0.344380	148.000000
0.344400	147.000000
0.344420	146.000000
0.344440	147.000000
0.344460	149.000000
0.344480	150.000000
0.344500	149.000000
0.344520	147.000000
0.344540	146.000000
0.344560	147.000000
0.344580	149.000000
0.344600	149.000000
0.344620	148.000000
0.344640	147.000000
0.344660	147.000000
0.344680	147.000000
0.344700	147.000000
0.344720	147.000000
0.344740	147.000000
0.344760	149.000000
0.344780	149.000000
0.344800	149.000000
0.344820	149.000000
0.344840	148.000000
0.344860	149.000000
0.344880	149.000000
0.344900	148.000000
0.344920	147.000000
0.344940	146.000000
0.344960	146.000000
0.344980	147.000000
0.345000	148.000000
0.345020	148.000000
0.345040	148.000000
0.345060	148.000000
0.345080	149.000000
0.345100	149.000000
0.345120	149.000000
0.345140	149.000000
0.345160	150.000000
0.345180	151.000000
0.345200	151.000000
0.345220	151.000000
0.345240	151.000000
0.345260	149.000000
0.345280	148.000000
0.345300	146.000000
0.345320	144.000000
0.345340	144.000000
0.345360	146.000000
0.345380	147.000000
0.345400	148.000000
0.345420	148.000000
0.345440	147.000000
0.345460	148.000000
0.345480	148.000000
0.345500	148.000000
0.345520	148.000000
0.345540	149.000000
0.345560	149.000000
0.345580	150.000000
0.345600	150.000000
0.345620	151.000000
0.345640	150.000000
0.345660	149.000000
0.345680	148.000000
0.345700	147.000000
0.345720	147.000000
0.345740	148.000000
0.345760	148.000000
0.345780	147.000000
0.345800	146.000000
0.345820	146.000000
0.345840	146.000000
0.345860	148.000000
0.345880	148.000000
0.345900	148.000000
0.345920	147.000000
0.345940	147.000000
0.345960	148.000000
0.345980	148.000000
0.346000	148.000000
0.346020	148.000000
0.346040	149.000000
0.346060	149.000000
0.346080	148.000000
0.346100	146.000000
0.346120	146.000000
0.346140	146.000000
0.346160	147.000000
0.346180	147.000000
0.346200	147.000000
0.346220	147.000000
0.346240	148.000000
0.346260	149.000000
0.346280	150.000000
0.346300	149.000000
0.346320	147.000000
0.346340	147.000000
0.346360	148.000000
0.346380	148.000000
0.346400	148.000000
0.346420	147.000000
0.346440	147.000000
0.346460	148.000000
0.346480	148.000000
0.346500	148.000000
0.346520	148.000000
0.346540	149.000000
0.346560	150.000000
0.346580	151.000000
0.346600	150.000000
0.346620	149.000000
0.346640	149.000000
0.346660	149.000000
0.346680	150.000000
0.346700	149.000000
0.346720	148.000000
0.346740	148.000000
0.346760	148.000000
0.346780	148.000000
0.346800	148.000000
0.346820	147.000000
0.346840	146.000000
0.346860	147.000000
0.346880	148.000000
0.346900	149.000000
0.346920	149.000000
0.346940	149.000000
0.346960	150.000000
0.346980	150.000000
0.347000	150.000000
0.347020	150.000000
0.347040	150.000000
0.347060	150.000000
0.347080	150.000000
0.347100	149.000000
0.347120	148.000000
0.347140	147.000000
0.347160	146.000000
0.347180	146.000000
0.347200	147.000000
0.347220	148.000000
0.347240	149.000000
0.347260	150.000000
0.347280	150.000000
0.347300	149.000000
0.347320	148.000000
0.347340	148.000000
0.347360	149.000000
0.347380	150.000000
0.347400	150.000000
0.347420	149.000000
0.347440	148.000000
0.347460	148.000000
0.347480	148.000000
0.347500	147.000000
0.347520	147.000000
0.347540	147.000000
0.347560	148.000000
0.347580	148.000000
0.347600	148.000000
0.347620	147.000000
0.347640	146.000000
0.347660	146.000000
0.347680	146.000000
0.347700	146.000000
0.347720	146.000000
0.347740	146.000000
0.347760	146.000000
0.347780	147.000000
0.347800	148.000000
0.347820	148.000000
0.347840	148.000000
0.347860	148.000000
0.347880	148.000000
0.347900	148.000000
0.347920	149.000000
0.347940	150.000000
0.347960	150.000000
0.347980	150.000000
0.348000	150.000000
0.348020	149.000000
0.348040	148.000000
0.348060	147.000000
0.348080	147.000000
0.348100	146.000000
0.348120	146.000000
0.348140	146.000000
0.348160	146.000000
0.348180	147.000000
0.348200	147.000000
0.348220	147.000000
0.348240	147.000000
0.348260	148.000000
0.348280	148.000000
0.348300	148.000000
0.348320	148.000000
0.348340	148.000000
0.348360	149.000000
0.348380	149.000000
0.348400	150.000000
0.348420	150.000000
0.348440	150.000000
0.348460	149.000000
0.348480	149.000000
0.348500	148.000000
0.348520	147.000000
0.348540	146.000000
0.348560	146.000000
0.348580	146.000000
0.348600	146.000000
0.348620	147.000000
0.348640	148.000000
0.348660	148.000000
0.348680	148.000000
0.348700	149.000000
0.348720	149.000000
0.348740	149.000000
0.348760	149.000000
0.348780	149.000000
0.348800	149.000000
0.348820	150.000000
0.348840	150.000000
0.348860	150.000000
0.348880	150.000000
0.348900	149.000000
0.348920	149.000000
0.348940	148.000000
0.348960	147.000000
0.348980	146.000000
0.349000	145.000000
0.349020	146.000000
0.349040	147.000000
0.349060	148.000000
0.349080	148.000000
0.349100	147.000000
0.349120	147.000000
0.349140	147.000000
0.349160	148.000000
0.349180	147.000000
0.349200	146.000000
0.349220	146.000000
0.349240	147.000000
0.349260	149.000000
0.349280	153.000000
0.349300	156.000000
0.349320	160.000000
0.349340	162.000000
0.349360	161.000000
0.349380	157.000000
0.349400	149.000000
0.349420	140.000000
0.349440	134.000000
0.349460	132.000000
0.349480	133.000000
0.349500	136.000000
0.349520	139.000000
0.349540	140.000000
0.349560	139.000000
0.349580	138.000000
0.349600	140.000000
0.349620	148.000000
0.349640	160.000000
0.349660	173.000000
0.349680	182.000000
0.349700	183.000000
0.349720	176.000000
0.349740	165.000000
0.349760	153.000000
0.349780	145.000000
0.349800	142.000000
0.349820	144.000000
0.349840	146.000000
0.349860	144.000000
0.349880	136.000000
0.349900	125.000000
0.349920	114.000000
0.349940	109.000000
0.349960	110.000000
0.349980	119.000000
0.350000	132.000000
0.350020	147.000000
0.350040	161.000000
0.350060	172.000000
0.350080	181.000000
0.350100	188.000000
0.350120	192.000000
0.350140	195.000000
0.350160	193.000000
0.350180	186.000000
0.350200	172.000000
0.350220	153.000000
0.350240	131.000000
0.350260	109.000000
0.350280	91.000000
0.350300	79.000000
0.350320	77.000000
0.350340	84.000000
0.350360	99.000000
0.350380	119.000000
0.350400	143.000000
0.350420	166.000000
0.350440	187.000000
0.350460	203.000000
0.350480	212.000000
0.350500	212.000000
0.350520	204.000000
0.350540	190.000000
0.350560	173.000000
0.350580	153.000000
0.350600	133.000000
0.350620	116.000000
0.350640	104.000000
0.350660	98.000000
0.350680	98.000000
0.350700	104.000000
0.350720	115.000000
0.350740	129.000000
0.350760	145.000000
0.350780	159.000000
0.350800	170.000000
0.350820	177.000000
0.350840	181.000000
0.350860	180.000000
0.350880	176.000000
0.350900	169.000000
0.350920	160.000000
0.350940	150.000000
0.350960	141.000000
0.350980	133.000000
0.351000	128.000000
0.351020	127.000000
0.351040	128.000000
0.351060	132.000000
0.351080	137.000000
0.351100	142.000000
0.351120	147.000000
0.351140	151.000000
0.351160	155.000000
0.351180	157.000000
0.351200	158.000000
0.351220	158.000000
0.351240	156.000000
0.351260	154.000000
0.351280	152.000000
0.351300	149.000000
0.351320	145.000000
0.351340	143.000000
0.351360	141.000000
0.351380	140.000000
0.351400	140.000000
0.351420	141.000000
0.351440	143.000000
0.351460	145.000000
0.351480	147.000000
0.351500	148.000000
0.351520	150.000000
0.351540	152.000000
0.351560	153.000000
0.351580	154.000000
0.351600	153.000000
0.351620	151.000000
0.351640	150.000000
0.351660	149.000000
0.351680	148.000000
0.351700	147.000000
0.351720	146.000000
0.351740	145.000000
0.351760	145.000000
0.351780	145.000000
0.351800	145.000000
0.351820	145.000000
0.351840	145.000000
0.351860	147.000000
0.351880	148.000000
0.351900	148.000000
0.351920	148.000000
0.351940	148.000000
0.351960	149.000000
0.351980	150.000000
0.352000	151.000000
0.352020	151.000000
0.352040	151.000000
0.352060	150.000000
0.352080	150.000000
0.352100	148.000000
0.352120	147.000000
0.352140	146.000000
0.352160	145.000000
0.352180	145.000000
0.352200	145.000000
0.352220	144.000000
0.352240	144.000000
0.352260	144.000000
0.352280	145.000000
0.352300	146.000000
0.352320	148.000000
0.352340	149.000000
0.352360	149.000000
0.352380	148.000000
0.352400	146.000000
0.352420	146.000000
0.352440	148.000000
0.352460	151.000000
0.352480	156.000000
0.352500	159.000000
0.352520	160.000000
0.352540	159.000000
0.352560	156.000000
0.352580	150.000000
0.352600	143.000000
0.352620	137.000000
0.352640	135.000000
0.352660	136.000000
0.352680	138.000000
0.352700	140.000000
0.352720	139.000000
0.352740	136.000000
0.352760	134.000000
0.352780	135.000000
0.352800	141.000000
0.352820	152.000000
0.352840	164.000000
0.352860	174.000000
0.352880	177.000000
0.352900	173.000000
0.352920	164.000000
0.352940	155.000000
0.352960	150.000000
0.352980	148.000000
0.353000	148.000000
0.353020	149.000000
0.353040	147.000000
0.353060	140.000000
0.353080	130.000000
0.353100	119.000000
0.353120	112.000000
0.353140	112.000000
0.353160	118.000000
0.353180	130.000000
0.353200	143.000000
0.353220	154.000000
0.353240	165.000000
0.353260	175.000000
0.353280	183.000000
0.353300	189.000000
0.353320	193.000000
0.353340	193.000000
0.353360	189.000000
0.353380	180.000000
0.353400	163.000000
0.353420	143.000000
0.353440	121.000000
0.353460	103.000000
0.353480	90.000000
0.353500	84.000000
0.353520	85.000000
0.353540	94.000000
0.353560	108.000000
0.353580	127.000000
0.353600	149.000000
0.353620	169.000000
0.353640	187.000000
0.353660	201.000000
0.353680	207.000000
0.353700	206.000000
0.353720	197.000000
0.353740	183.000000
0.353760	166.000000
0.353780	148.000000
0.353800	131.000000
0.353820	116.000000
0.353840	106.000000
0.353860	101.000000
0.353880	103.000000
0.353900	109.000000
0.353920	118.000000
0.353940	130.000000
0.353960	144.000000
0.353980	158.000000
0.354000	170.000000
0.354020	178.000000
0.354040	181.000000
0.354060	179.000000
0.354080	175.000000
0.354100	168.000000
0.354120	160.000000
0.354140	152.000000
0.354160	144.000000
0.354180	137.000000
0.354200	131.000000
0.354220	128.000000
0.354240	127.000000
0.354260	130.000000
0.354280	134.000000
0.354300	140.000000
0.354320	145.000000
0.354340	150.000000
0.354360	154.000000
0.354380	157.000000
0.354400	158.000000
0.354420	159.000000
0.354440	158.000000
0.354460	156.000000
0.354480	154.000000
0.354500	151.000000
0.354520	148.000000
0.354540	145.000000
0.354560	143.000000
0.354580	142.000000
0.354600	142.000000
0.354620	143.000000
0.354640	143.000000
0.354660	144.000000
0.354680	145.000000
0.354700	147.000000
0.354720	149.000000
0.354740	151.000000
0.354760	152.000000
0.354780	153.000000
0.354800	153.000000
0.354820	152.000000
0.354840	152.000000
0.354860	151.000000
0.354880	151.000000
0.354900	150.000000
0.354920	149.000000
0.354940	147.000000
0.354960	145.000000
0.354980	144.000000
0.355000	144.000000
0.355020	145.000000
0.355040	145.000000
0.355060	145.000000
0.355080	145.000000
0.355100	145.000000
0.355120	147.000000
0.355140	149.000000
0.355160	150.000000
0.355180	151.000000
0.355200	150.000000
0.355220	150.000000
0.355240	150.000000
0.355260	151.000000
0.355280	150.000000
0.355300	149.000000
0.355320	147.000000
0.355340	146.000000
0.355360	145.000000
0.355380	145.000000
0.355400	146.000000
0.355420	146.000000
0.355440	147.000000
0.355460	147.000000
0.355480	148.000000
0.355500	147.000000
0.355520	146.000000
0.355540	145.000000
0.355560	144.000000
0.355580	145.000000
0.355600	147.000000
0.355620	149.000000
0.355640	151.000000
0.355660	153.000000
0.355680	155.000000
0.355700	156.000000
0.355720	156.000000
0.355740	154.000000
0.355760	150.000000
0.355780	146.000000
0.355800	143.000000
0.355820	141.000000
0.355840	142.000000
0.355860	143.000000
0.355880	144.000000
0.355900	143.000000
0.355920	141.000000
0.355940	138.000000
0.355960	138.000000
0.355980	141.000000
0.356000	149.000000
0.356020	158.000000
0.356040	165.000000
0.356060	168.000000
0.356080	167.000000
0.356100	162.000000
0.356120	156.000000
0.356140	152.000000
0.356160	150.000000
0.356180	151.000000
0.356200	150.000000
0.356220	148.000000
0.356240	142.000000
0.356260	135.000000
0.356280	128.000000
0.356300	123.000000
0.356320	123.000000
0.356340	126.000000
0.356360	132.000000
0.356380	139.000000
0.356400	145.000000
0.356420	151.000000
0.356440	157.000000
0.356460	164.000000
0.356480	171.000000
0.356500	178.000000
0.356520	181.000000
0.356540	181.000000
0.356560	175.000000
0.356580	166.000000
0.356600	153.000000
0.356620	140.000000
0.356640	127.000000
0.356660	115.000000
0.356680	108.000000
0.356700	105.000000
0.356720	107.000000
0.356740	114.000000
0.356760	125.000000
0.356780	138.000000
0.356800	152.000000
0.356820	166.000000
0.356840	178.000000
0.356860	186.000000
0.356880	189.000000
0.356900	187.000000
0.356920	181.000000
0.356940	171.000000
0.356960	160.000000
0.356980	147.000000
0.357000	135.000000
0.357020	125.000000
0.357040	118.000000
0.357060	115.000000
0.357080	117.000000
0.357100	121.000000
0.357120	129.000000
0.357140	137.000000
0.357160	147.000000
0.357180	155.000000
0.357200	162.000000
0.357220	168.000000
0.357240	171.000000
0.357260	172.000000
0.357280	169.000000
0.357300	164.000000
0.357320	157.000000
0.357340	150.000000
0.357360	143.000000
0.357380	137.000000
0.357400	132.000000
0.357420	130.000000
0.357440	130.000000
0.357460	133.000000
0.357480	136.000000
0.357500	140.000000
0.357520	144.000000
0.357540	148.000000
0.357560	152.000000
0.357580	156.000000
0.357600	159.000000
0.357620	159.000000
0.357640	157.000000
0.357660	155.000000
0.357680	154.000000
0.357700	152.000000
0.357720	150.000000
0.357740	147.000000
0.357760	144.000000
0.357780	142.000000
0.357800	141.000000
0.357820	140.000000
0.357840	140.000000
0.357860	141.000000
0.357880	142.000000
0.357900	144.000000
0.357920	147.000000
0.357940	150.000000
0.357960	152.000000
0.357980	154.000000
0.358000	155.000000
0.358020	155.000000
0.358040	155.000000
0.358060	154.000000
0.358080	153.000000
0.358100	151.000000
0.358120	149.000000
0.358140	147.000000
0.358160	145.000000
0.358180	143.000000
0.358200	142.000000
0.358220	141.000000
0.358240	141.000000
0.358260	142.000000
0.358280	143.000000
0.358300	144.000000
0.358320	146.000000
0.358340	148.000000
0.358360	151.000000
0.358380	152.000000
0.358400	153.000000
0.358420	153.000000
0.358440	153.000000
0.358460	153.000000
0.358480	153.000000
0.358500	152.000000
0.358520	150.000000
0.358540	148.000000
0.358560	146.000000
0.358580	145.000000
0.358600	144.000000
0.358620	144.000000
0.358640	145.000000
0.358660	145.000000
0.358680	146.000000
0.358700	146.000000
0.358720	147.000000
0.358740	147.000000
0.358760	148.000000
0.358780	149.000000
0.358800	150.000000
0.358820	150.000000
0.358840	151.000000
0.358860	152.000000
0.358880	153.000000
0.358900	153.000000
0.358920	151.000000
0.358940	149.000000
0.358960	147.000000
0.358980	145.000000
0.359000	143.000000
0.359020	143.000000
0.359040	143.000000
0.359060	144.000000
0.359080	144.000000
0.359100	143.000000
0.359120	141.000000
0.359140	140.000000
0.359160	141.000000
0.359180	145.000000
0.359200	151.000000
0.359220	155.000000
0.359240	156.000000
0.359260	155.000000
0.359280	153.000000
0.359300	152.000000
0.359320	152.000000
0.359340	152.000000
0.359360	153.000000
0.359380	153.000000
0.359400	151.000000
0.359420	147.000000
0.359440	142.000000
0.359460	137.000000
0.359480	134.000000
0.359500	134.000000
0.359520	136.000000
0.359540	139.000000
0.359560	142.000000
0.359580	146.000000
0.359600	148.000000
0.359620	151.000000
0.359640	155.000000
0.359660	159.000000
0.359680	163.000000
0.359700	167.000000
0.359720	168.000000
0.359740	166.000000
0.359760	161.000000
0.359780	154.000000
0.359800	147.000000
0.359820	140.000000
0.359840	134.000000
0.359860	128.000000
0.359880	125.000000
0.359900	125.000000
0.359920	127.000000
0.359940	131.000000
0.359960	138.000000
0.359980	146.000000
0.360000	154.000000
0.360020	161.000000
0.360040	166.000000
0.360060	170.000000
0.360080	171.000000
0.360100	171.000000
0.360120	167.000000
0.360140	161.000000
0.360160	153.000000
0.360180	145.000000
0.360200	137.000000
0.360220	132.000000
0.360240	130.000000
0.360260	128.000000
0.360280	129.000000
0.360300	131.000000
0.360320	135.000000
0.360340	141.000000
0.360360	148.000000
0.360380	155.000000
0.360400	160.000000
0.360420	163.000000
0.360440	164.000000
0.360460	163.000000
0.360480	160.000000
0.360500	156.000000
0.360520	152.000000
0.360540	147.000000
0.360560	142.000000
0.360580	138.000000
0.360600	135.000000
0.360620	134.000000
0.360640	134.000000
0.360660	136.000000
0.360680	139.000000
0.360700	142.000000
0.360720	145.000000
0.360740	149.000000
0.360760	152.000000
0.360780	154.000000
0.360800	156.000000
0.360820	157.000000
0.360840	157.000000
0.360860	155.000000
0.360880	153.000000
0.360900	150.000000
0.360920	146.000000
0.360940	144.000000
0.360960	142.000000
0.360980	141.000000
0.361000	141.000000
0.361020	140.000000
0.361040	141.000000
0.361060	142.000000
0.361080	144.000000
0.361100	147.000000
0.361120	149.000000
0.361140	151.000000
0.361160	153.000000
0.361180	154.000000
0.361200	155.000000
0.361220	156.000000
0.361240	156.000000
0.361260	155.000000
0.361280	153.000000
0.361300	152.000000
0.361320	150.000000
0.361340	147.000000
0.361360	145.000000
0.361380	142.000000
0.361400	140.000000
0.361420	140.000000
0.361440	140.000000
0.361460	142.000000
0.361480	144.000000
0.361500	146.000000
0.361520	149.000000
0.361540	152.000000
0.361560	153.000000
0.361580	155.000000
0.361600	155.000000
0.361620	156.000000
0.361640	155.000000
0.361660	155.000000
0.361680	153.000000
0.361700	151.000000
0.361720	149.000000
0.361740	146.000000
0.361760	144.000000
0.361780	142.000000
0.361800	141.000000
0.361820	141.000000
0.361840	142.000000
0.361860	143.000000
0.361880	144.000000
0.361900	145.000000
0.361920	145.000000
0.361940	146.000000
0.361960	147.000000
0.361980	149.000000
0.362000	151.000000
0.362020	152.000000
0.362040	152.000000
0.362060	151.000000
0.362080	151.000000
0.362100	150.000000
0.362120	149.000000
0.362140	147.000000
0.362160	145.000000
0.362180	144.000000
0.362200	145.000000
0.362220	146.000000
0.362240	147.000000
0.362260	146.000000
0.362280	145.000000
0.362300	143.000000
0.362320	143.000000
0.362340	144.000000
0.362360	147.000000
0.362380	151.000000
0.362400	153.000000
0.362420	154.000000
0.362440	153.000000
0.362460	151.000000
0.362480	149.000000
0.362500	149.000000
0.362520	151.000000
0.362540	154.000000
0.362560	154.000000
0.362580	153.000000
0.362600	149.000000
0.362620	144.000000
0.362640	140.000000
0.362660	138.000000
0.362680	138.000000
0.362700	141.000000
0.362720	144.000000
0.362740	146.000000
0.362760	148.000000
0.362780	148.000000
0.362800	149.000000
0.362820	150.000000
0.362840	152.000000
0.362860	153.000000
0.362880	155.000000
0.362900	156.000000
0.362920	157.000000
0.362940	155.000000
0.362960	153.000000
0.362980	149.000000
0.363000	146.000000
0.363020	144.000000
0.363040	142.000000
0.363060	141.000000
0.363080	141.000000
0.363100	141.000000
0.363120	142.000000
0.363140	144.000000
0.363160	146.000000
0.363180	147.000000
0.363200	150.000000
0.363220	153.000000
0.363240	156.000000
0.363260	157.000000
0.363280	156.000000
0.363300	155.000000
0.363320	152.000000
0.363340	150.000000
0.363360	148.000000
0.363380	145.000000
0.363400	142.000000
0.363420	140.000000
0.363440	139.000000
0.363460	139.000000
0.363480	140.000000
0.363500	141.000000
0.363520	144.000000
0.363540	148.000000
0.363560	152.000000
0.363580	155.000000
0.363600	157.000000
0.363620	158.000000
0.363640	157.000000
0.363660	156.000000
0.363680	154.000000
0.363700	150.000000
0.363720	147.000000
0.363740	144.000000
0.363760	141.000000
0.363780	140.000000
0.363800	140.000000
0.363820	140.000000
0.363840	141.000000
0.363860	142.000000
0.363880	145.000000
0.363900	148.000000
0.363920	151.000000
0.363940	153.000000
0.363960	154.000000
0.363980	155.000000
0.364000	154.000000
0.364020	153.000000
0.364040	151.000000
0.364060	149.000000
0.364080	148.000000
0.364100	147.000000
0.364120	147.000000
0.364140	146.000000
0.364160	144.000000
0.364180	142.000000
0.364200	140.000000
0.364220	141.000000
0.364240	143.000000
0.364260	145.000000
0.364280	146.000000
0.364300	147.000000
0.364320	148.000000
0.364340	150.000000
0.364360	152.000000
0.364380	153.000000
0.364400	153.000000
0.364420	153.000000
0.364440	152.000000
0.364460	152.000000
0.364480	151.000000
0.364500	149.000000
0.364520	147.000000
0.364540	145.000000
0.364560	143.000000
0.364580	141.000000
0.364600	139.000000
0.364620	139.000000
0.364640	139.000000
0.364660	140.000000
0.364680	142.000000
0.364700	145.000000
0.364720	148.000000
0.364740	150.000000
0.364760	152.000000
0.364780	154.000000
0.364800	154.000000
0.364820	154.000000
0.364840	153.000000
0.364860	152.000000
0.364880	151.000000
0.364900	150.000000
0.364920	148.000000
0.364940	146.000000
0.364960	143.000000
0.364980	141.000000
0.365000	141.000000
0.365020	142.000000
0.365040	143.000000
0.365060	144.000000
0.365080	145.000000
0.365100	147.000000
0.365120	149.000000
0.365140	150.000000
0.365160	152.000000
0.365180	152.000000
0.365200	153.000000
0.365220	153.000000
0.365240	153.000000
0.365260	153.000000
0.365280	152.000000
0.365300	149.000000
0.365320	147.000000
0.365340	145.000000
0.365360	145.000000
0.365380	146.000000
0.365400	147.000000
0.365420	147.000000
0.365440	147.000000
0.365460	146.000000
0.365480	145.000000
0.365500	145.000000
0.365520	147.000000
0.365540	149.000000
0.365560	151.000000
0.365580	153.000000
0.365600	153.000000
0.365620	152.000000
0.365640	149.000000
0.365660	147.000000
0.365680	147.000000
0.365700	148.000000
0.365720	149.000000
0.365740	150.000000
0.365760	149.000000
0.365780	147.000000
0.365800	145.000000
0.365820	144.000000
0.365840	143.000000
0.365860	144.000000
0.365880	146.000000
0.365900	148.000000
0.365920	150.000000
0.365940	150.000000
0.365960	150.000000
0.365980	150.000000
0.366000	150.000000
0.366020	151.000000
0.366040	151.000000
0.366060	151.000000
0.366080	151.000000
0.366100	150.000000
0.366120	148.000000
0.366140	146.000000
0.366160	145.000000
0.366180	144.000000
0.366200	144.000000
0.366220	146.000000
0.366240	147.000000
0.366260	148.000000
0.366280	149.000000
0.366300	149.000000
0.366320	150.000000
0.366340	151.000000
0.366360	151.000000
0.366380	151.000000
0.366400	151.000000
0.366420	152.000000
0.366440	152.000000
0.366460	151.000000
0.366480	149.000000
0.366500	147.000000
0.366520	145.000000
0.366540	144.000000
0.366560	144.000000
0.366580	143.000000
0.366600	143.000000
0.366620	143.000000
0.366640	145.000000
0.366660	147.000000
0.366680	148.000000
0.366700	148.000000
0.366720	148.000000
0.366740	148.000000
0.366760	149.000000
0.366780	149.000000
0.366800	150.000000
0.366820	149.000000
0.366840	149.000000
0.366860	149.000000
0.366880	149.000000
0.366900	149.000000
0.366920	147.000000
0.366940	145.000000
0.366960	144.000000
0.366980	143.000000
0.367000	144.000000
0.367020	145.000000
0.367040	145.000000
0.367060	146.000000
0.367080	146.000000
0.367100	147.000000
0.367120	148.000000
0.367140	150.000000
0.367160	151.000000
0.367180	152.000000
0.367200	152.000000
0.367220	151.000000
0.367240	149.000000
0.367260	147.000000
0.367280	146.000000
0.367300	145.000000
0.367320	145.000000
0.367340	146.000000
0.367360	147.000000
0.367380	146.000000
0.367400	146.000000
0.367420	145.000000
0.367440	146.000000
0.367460	147.000000
0.367480	148.000000
0.367500	149.000000
0.367520	150.000000
0.367540	150.000000
0.367560	150.000000
0.367580	150.000000
0.367600	150.000000
0.367620	150.000000
0.367640	151.000000
0.367660	151.000000
0.367680	151.000000
0.367700	149.000000
0.367720	147.000000
0.367740	145.000000
0.367760	143.000000
0.367780	142.000000
0.367800	141.000000
0.367820	140.000000
0.367840	142.000000
0.367860	144.000000
0.367880	146.000000
0.367900	147.000000
0.367920	149.000000
0.367940	150.000000
0.367960	152.000000
0.367980	154.000000
0.368000	155.000000
0.368020	155.000000
0.368040	155.000000
0.368060	154.000000
0.368080	152.000000
0.368100	149.000000
0.368120	146.000000
0.368140	143.000000
0.368160	142.000000
0.368180	142.000000
0.368200	142.000000
0.368220	142.000000
0.368240	142.000000
0.368260	142.000000
0.368280	144.000000
0.368300	145.000000
0.368320	147.000000
0.368340	149.000000
0.368360	151.000000
0.368380	152.000000
0.368400	153.000000
0.368420	153.000000
0.368440	152.000000
0.368460	150.000000
0.368480	148.000000
0.368500	147.000000
0.368520	145.000000
0.368540	144.000000
0.368560	143.000000
0.368580	143.000000
0.368600	144.000000
0.368620	145.000000
0.368640	146.000000
0.368660	146.000000
0.368680	146.000000
0.368700	147.000000
0.368720	149.000000
0.368740	152.000000
0.368760	153.000000
0.368780	153.000000
0.368800	152.000000
0.368820	149.000000
0.368840	148.000000
0.368860	147.000000
0.368880	148.000000
0.368900	149.000000
0.368920	149.000000
0.368940	148.000000
0.368960	147.000000
0.368980	145.000000
0.369000	145.000000
0.369020	145.000000
0.369040	146.000000
0.369060	147.000000
0.369080	149.000000
0.369100	150.000000
0.369120	151.000000
0.369140	152.000000
0.369160	152.000000
0.369180	151.000000
0.369200	151.000000
0.369220	150.000000
0.369240	148.000000
0.369260	146.000000
0.369280	145.000000
0.369300	144.000000
0.369320	143.000000
0.369340	142.000000
0.369360	142.000000
0.369380	144.000000
0.369400	146.000000
0.369420	149.000000
0.369440	152.000000
0.369460	154.000000
0.369480	155.000000
0.369500	155.000000
0.369520	156.000000
0.369540	155.000000
0.369560	153.000000
0.369580	150.000000
0.369600	147.000000
0.369620	144.000000
0.369640	142.000000
0.369660	142.000000
0.369680	142.000000
0.369700	142.000000
0.369720	142.000000
0.369740	143.000000
0.369760	144.000000
0.369780	146.000000
0.369800	147.000000
0.369820	148.000000
0.369840	150.000000
0.369860	151.000000
0.369880	152.000000
0.369900	152.000000
0.369920	152.000000
0.369940	151.000000
0.369960	150.000000
0.369980	149.000000
0.370000	147.000000
0.370020	146.000000
0.370040	146.000000
0.370060	145.000000
0.370080	145.000000
0.370100	144.000000
0.370120	144.000000
0.370140	144.000000
0.370160	144.000000
0.370180	145.000000
0.370200	146.000000
0.370220	146.000000
0.370240	146.000000
0.370260	147.000000
0.370280	148.000000
0.370300	149.000000
0.370320	151.000000
0.370340	152.000000
0.370360	152.000000
0.370380	151.000000
0.370400	150.000000
0.370420	149.000000
0.370440	147.000000
0.370460	145.000000
0.370480	144.000000
0.370500	144.000000
0.370520	144.000000
0.370540	145.000000
0.370560	146.000000
0.370580	147.000000
0.370600	147.000000
0.370620	147.000000
0.370640	147.000000
0.370660	147.000000
0.370680	149.000000
0.370700	150.000000
0.370720	150.000000
0.370740	149.000000
0.370760	148.000000
0.370780	148.000000
0.370800	149.000000
0.370820	150.000000
0.370840	151.000000
0.370860	151.000000
0.370880	150.000000
0.370900	149.000000
0.370920	147.000000
0.370940	145.000000
0.370960	144.000000
0.370980	144.000000
0.371000	144.000000
0.371020	145.000000
0.371040	145.000000
0.371060	145.000000
0.371080	146.000000
0.371100	148.000000
0.371120	151.000000
0.371140	153.000000
0.371160	154.000000
0.371180	155.000000
0.371200	155.000000
0.371220	155.000000
0.371240	154.000000
0.371260	153.000000
0.371280	151.000000
0.371300	149.000000
0.371320	146.000000
0.371340	144.000000
0.371360	142.000000
0.371380	140.000000
0.371400	140.000000
0.371420	142.000000
0.371440	144.000000
0.371460	145.000000
0.371480	146.000000
0.371500	148.000000
0.371520	149.000000
0.371540	152.000000
0.371560	153.000000
0.371580	154.000000
0.371600	154.000000
0.371620	153.000000
0.371640	152.000000
0.371660	150.000000
0.371680	148.000000
0.371700	146.000000
0.371720	144.000000
0.371740	144.000000
0.371760	144.000000
0.371780	145.000000
0.371800	146.000000
0.371820	146.000000
0.371840	147.000000
0.371860	148.000000
0.371880	148.000000
0.371900	149.000000
0.371920	150.000000
0.371940	151.000000
0.371960	152.000000
0.371980	152.000000
0.372000	151.000000
0.372020	148.000000
0.372040	146.000000
0.372060	145.000000
0.372080	145.000000
0.372100	145.000000
0.372120	145.000000
0.372140	145.000000
0.372160	145.000000
0.372180	145.000000
0.372200	145.000000
0.372220	145.000000
0.372240	146.000000
0.372260	148.000000
0.372280	149.000000
0.372300	151.000000
0.372320	152.000000
0.372340	153.000000
0.372360	152.000000
0.372380	150.000000
0.372400	148.000000
0.372420	146.000000
0.372440	144.000000
0.372460	143.000000
0.372480	141.000000
0.372500	140.000000
0.372520	140.000000
0.372540	140.000000
0.372560	142.000000
0.372580	144.000000
0.372600	147.000000
0.372620	149.000000
0.372640	152.000000
0.372660	155.000000
0.372680	157.000000
0.372700	158.000000
0.372720	157.000000
0.372740	155.000000
0.372760	152.000000
0.372780	149.000000
0.372800	146.000000
0.372820	143.000000
0.372840	141.000000
0.372860	139.000000
0.372880	139.000000
0.372900	139.000000
0.372920	140.000000
0.372940	142.000000
0.372960	145.000000
0.372980	148.000000
0.373000	151.000000
0.373020	153.000000
0.373040	154.000000
0.373060	155.000000
0.373080	156.000000
0.373100	156.000000
0.373120	154.000000
0.373140	152.000000
0.373160	150.000000
0.373180	148.000000
0.373200	146.000000
0.373220	144.000000
0.373240	142.000000
0.373260	141.000000
0.373280	141.000000
0.373300	141.000000
0.373320	142.000000
0.373340	143.000000
0.373360	144.000000
0.373380	146.000000
0.373400	148.000000
0.373420	150.000000
0.373440	151.000000
0.373460	151.000000
0.373480	151.000000
0.373500	151.000000
0.373520	151.000000
0.373540	151.000000
0.373560	151.000000
0.373580	151.000000
0.373600	149.000000
0.373620	148.000000
0.373640	146.000000
0.373660	145.000000
0.373680	145.000000
0.373700	145.000000
0.373720	145.000000
0.373740	144.000000
0.373760	144.000000
0.373780	145.000000
0.373800	146.000000
0.373820	147.000000
0.373840	148.000000
0.373860	150.000000
0.373880	151.000000
0.373900	151.000000
0.373920	150.000000
0.373940	150.000000
0.373960	150.000000
0.373980	151.000000
0.374000	151.000000
0.374020	150.000000
0.374040	149.000000
0.374060	148.000000
0.374080	147.000000
0.374100	148.000000
0.374120	148.000000
0.374140	147.000000
0.374160	146.000000
0.374180	144.000000
0.374200	144.000000
0.374220	145.000000
0.374240	146.000000
0.374260	147.000000
0.374280	147.000000
0.374300	147.000000
0.374320	148.000000
0.374340	149.000000
0.374360	151.000000
0.374380	153.000000
0.374400	153.000000
0.374420	152.000000
0.374440	151.000000
0.374460	150.000000
0.374480	149.000000
0.374500	148.000000
0.374520	147.000000
0.374540	145.000000
0.374560	143.000000
0.374580	143.000000
0.374600	143.000000
0.374620	143.000000
0.374640	143.000000
0.374660	144.000000
0.374680	146.000000
0.374700	148.000000
0.374720	150.000000
0.374740	152.000000
0.374760	153.000000
0.374780	154.000000
0.374800	154.000000
0.374820	153.000000
0.374840	151.000000
0.374860	148.000000
0.374880	145.000000
0.374900	144.000000
0.374920	143.000000
0.374940	142.000000
0.374960	143.000000
0.374980	143.000000
0.375000	145.000000
0.375020	146.000000
0.375040	147.000000
0.375060	148.000000
0.375080	148.000000
0.375100	149.000000
0.375120	150.000000
0.375140	150.000000
0.375160	150.000000
0.375180	149.000000
0.375200	147.000000
0.375220	145.000000
0.375240	143.000000
0.375260	143.000000
0.375280	143.000000
0.375300	144.000000
0.375320	145.000000
0.375340	145.000000
0.375360	145.000000
0.375380	146.000000
0.375400	147.000000
0.375420	149.000000
0.375440	150.000000
0.375460	152.000000
0.375480	152.000000
0.375500	153.000000
0.375520	152.000000
0.375540	151.000000
0.375560	150.000000
0.375580	149.000000
0.375600	148.000000
0.375620	146.000000
0.375640	144.000000
0.375660	141.000000
0.375680	140.000000
0.375700	139.000000
0.375720	139.000000
0.375740	141.000000
0.375760	143.000000
0.375780	146.000000
0.375800	150.000000
0.375820	153.000000
0.375840	155.000000
0.375860	156.000000
0.375880	156.000000
0.375900	157.000000
0.375920	157.000000
0.375940	156.000000
0.375960	153.000000
0.375980	149.000000
0.376000	145.000000
0.376020	142.000000
0.376040	140.000000
0.376060	138.000000
0.376080	138.000000
0.376100	138.000000
0.376120	140.000000
0.376140	143.000000
0.376160	146.000000
0.376180	149.000000
0.376200	152.000000
0.376220	154.000000
0.376240	156.000000
0.376260	157.000000
0.376280	157.000000
0.376300	156.000000
0.376320	154.000000
0.376340	151.000000
0.376360	148.000000
0.376380	145.000000
0.376400	143.000000
0.376420	142.000000
0.376440	141.000000
0.376460	141.000000
0.376480	141.000000
0.376500	142.000000
0.376520	144.000000
0.376540	146.000000
0.376560	148.000000
0.376580	149.000000
0.376600	151.000000
0.376620	152.000000
0.376640	152.000000
0.376660	152.000000
0.376680	151.000000
0.376700	150.000000
0.376720	149.000000
0.376740	148.000000
0.376760	146.000000
0.376780	146.000000
0.376800	146.000000
0.376820	146.000000
0.376840	146.000000
0.376860	146.000000
0.376880	147.000000
0.376900	148.000000
0.376920	149.000000
0.376940	149.000000
0.376960	149.000000
0.376980	148.000000
0.377000	147.000000
0.377020	147.000000
0.377040	146.000000
0.377060	146.000000
0.377080	147.000000
0.377100	148.000000
0.377120	149.000000
0.377140	150.000000
0.377160	149.000000
0.377180	149.000000
0.377200	149.000000
0.377220	150.000000
0.377240	151.000000
0.377260	150.000000
0.377280	147.000000
0.377300	145.000000
0.377320	145.000000
0.377340	146.000000
0.377360	146.000000
0.377380	146.000000
0.377400	144.000000
0.377420	143.000000
0.377440	143.000000
0.377460	144.000000
0.377480	146.000000
0.377500	148.000000
0.377520	150.000000
0.377540	151.000000
0.377560	151.000000
0.377580	152.000000
0.377600	153.000000
0.377620	153.000000
0.377640	152.000000
0.377660	150.000000
0.377680	148.000000
0.377700	146.000000
0.377720	145.000000
0.377740	144.000000
0.377760	144.000000
0.377780	143.000000
0.377800	143.000000
0.377820	143.000000
0.377840	144.000000
0.377860	145.000000
0.377880	147.000000
0.377900	149.000000
0.377920	151.000000
0.377940	152.000000
0.377960	152.000000
0.377980	152.000000
0.378000	152.000000
0.378020	152.000000
0.378040	151.000000
0.378060	150.000000
0.378080	148.000000
0.378100	146.000000
0.378120	145.000000
0.378140	145.000000
0.378160	145.000000
0.378180	145.000000
0.378200	145.000000
0.378220	145.000000
0.378240	146.000000
0.378260	148.000000
0.378280	150.000000
0.378300	151.000000
0.378320	152.000000
0.378340	152.000000
0.378360	152.000000
0.378380	150.000000
0.378400	148.000000
0.378420	146.000000
0.378440	144.000000
0.378460	143.000000
0.378480	143.000000
0.378500	143.000000
0.378520	143.000000
0.378540	143.000000
0.378560	143.000000
0.378580	143.000000
0.378600	145.000000
0.378620	147.000000
0.378640	150.000000
0.378660	152.000000
0.378680	153.000000
0.378700	154.000000
0.378720	153.000000
0.378740	153.000000
0.378760	151.000000
0.378780	149.000000
0.378800	147.000000
0.378820	145.000000
0.378840	144.000000
0.378860	142.000000
0.378880	141.000000
0.378900	141.000000
0.378920	141.000000
0.378940	141.000000
0.378960	143.000000
0.378980	145.000000
0.379000	148.000000
0.379020	152.000000
0.379040	154.000000
0.379060	156.000000
0.379080	156.000000
0.379100	157.000000
0.379120	156.000000
0.379140	153.000000
0.379160	149.000000
0.379180	145.000000
0.379200	142.000000
0.379220	140.000000
0.379240	140.000000
0.379260	139.000000
0.379280	138.000000
0.379300	139.000000
0.379320	141.000000
0.379340	144.000000
0.379360	148.000000
0.379380	151.000000
0.379400	153.000000
0.379420	154.000000
0.379440	155.000000
0.379460	156.000000
0.379480	155.000000
0.379500	154.000000
0.379520	152.000000
0.379540	150.000000
0.379560	147.000000
0.379580	145.000000
0.379600	144.000000
0.379620	143.000000
0.379640	143.000000
0.379660	143.000000
0.379680	143.000000
0.379700	144.000000
0.379720	146.000000
0.379740	148.000000
0.379760	150.000000
0.379780	151.000000
0.379800	151.000000
0.379820	150.000000
0.379840	150.000000
0.379860	149.000000
0.379880	148.000000
0.379900	148.000000
0.379920	148.000000
0.379940	148.000000
0.379960	147.000000
0.379980	146.000000
0.380000	145.000000
0.380020	145.000000
0.380040	146.000000
0.380060	147.000000
0.380080	148.000000
0.380100	149.000000
0.380120	149.000000
0.380140	149.000000
0.380160	149.000000
0.380180	149.000000
0.380200	148.000000
0.380220	147.000000
0.380240	147.000000
0.380260	147.000000
0.380280	146.000000
0.380300	147.000000
0.380320	148.000000
0.380340	149.000000
0.380360	150.000000
0.380380	150.000000
0.380400	150.000000
0.380420	150.000000
0.380440	150.000000
0.380460	149.000000
0.380480	147.000000
0.380500	146.000000
0.380520	145.000000
0.380540	144.000000
0.380560	144.000000
0.380580	144.000000
0.380600	144.000000
0.380620	145.000000
0.380640	145.000000
0.380660	146.000000
0.380680	147.000000
0.380700	148.000000
0.380720	149.000000
0.380740	150.000000
0.380760	150.000000
0.380780	150.000000
0.380800	151.000000
0.380820	152.000000
0.380840	152.000000
0.380860	151.000000
0.380880	149.000000
0.380900	146.000000
0.380920	145.000000
0.380940	144.000000
0.380960	143.000000
0.380980	142.000000
0.381000	143.000000
0.381020	144.000000
0.381040	145.000000
0.381060	145.000000
0.381080	146.000000
0.381100	147.000000
0.381120	150.000000
0.381140	152.000000
0.381160	153.000000
0.381180	152.000000
0.381200	153.000000
0.381220	153.000000
0.381240	152.000000
0.381260	150.000000
0.381280	146.000000
0.381300	143.000000
0.381320	143.000000
0.381340	144.000000
0.381360	143.000000
0.381380	143.000000
0.381400	144.000000
0.381420	149.000000
0.381440	152.000000
0.381460	149.000000
0.381480	136.000000
