0.275000	102.000000
0.275020	58.000000
0.275040	119.000000
0.275060	165.000000
0.275080	169.000000
0.275100	147.000000
0.275120	133.000000
0.275140	139.000000
0.275160	154.000000
0.275180	157.000000
0.275200	147.000000
0.275220	139.000000
0.275240	142.000000
0.275260	151.000000
0.275280	153.000000
0.275300	147.000000
0.275320	141.000000
0.275340	144.000000
0.275360	150.000000
0.275380	152.000000
0.275400	147.000000
0.275420	143.000000
0.275440	145.000000
0.275460	150.000000
0.275480	151.000000
0.275500	147.000000
0.275520	144.000000
0.275540	146.000000
0.275560	150.000000
0.275580	151.000000
0.275600	147.000000
0.275620	144.000000
0.275640	145.000000
0.275660	149.000000
0.275680	150.000000
0.275700	148.000000
0.275720	145.000000
0.275740	146.000000
0.275760	149.000000
0.275780	149.000000
0.275800	147.000000
0.275820	145.000000
0.275840	146.000000
0.275860	149.000000
0.275880	150.000000
0.275900	148.000000
0.275920	146.000000
0.275940	146.000000
0.275960	149.000000
0.275980	150.000000
0.276000	148.000000
0.276020	146.000000
0.276040	146.000000
0.276060	148.000000
0.276080	149.000000
0.276100	147.000000
0.276120	145.000000
0.276140	146.000000
0.276160	148.000000
0.276180	148.000000
0.276200	147.000000
0.276220	145.000000
0.276240	146.000000
0.276260	148.000000
0.276280	148.000000
0.276300	147.000000
0.276320	146.000000
0.276340	146.000000
0.276360	148.000000
0.276380	148.000000
0.276400	147.000000
0.276420	146.000000
0.276440	146.000000
0.276460	148.000000
0.276480	148.000000
0.276500	147.000000
0.276520	146.000000
0.276540	146.000000
0.276560	148.000000
0.276580	148.000000
0.276600	147.000000
0.276620	146.000000
0.276640	146.000000
0.276660	148.000000
0.276680	148.000000
0.276700	147.000000
0.276720	146.000000
0.276740	146.000000
0.276760	148.000000
0.276780	148.000000
0.276800	147.000000
0.276820	146.000000
0.276840	146.000000
0.276860	148.000000
0.276880	148.000000
0.276900	147.000000
0.276920	146.000000
0.276940	146.000000
0.276960	148.000000
0.276980	148.000000
0.277000	147.000000
0.277020	146.000000
0.277040	146.000000
0.277060	147.000000
0.277080	148.000000
0.277100	147.000000
0.277120	146.000000
0.277140	146.000000
0.277160	147.000000
0.277180	148.000000
0.277200	147.000000
0.277220	146.000000
0.277240	146.000000
0.277260	147.000000
0.277280	148.000000
0.277300	147.000000
0.277320	146.000000
0.277340	146.000000
0.277360	147.000000
0.277380	148.000000
0.277400	147.000000
0.277420	147.000000
0.277440	147.000000
0.277460	149.000000
0.277480	149.000000
0.277500	148.000000
0.277520	147.000000
0.277540	147.000000
0.277560	148.000000
0.277580	148.000000
0.277600	147.000000
0.277620	147.000000
0.277640	147.000000
0.277660	147.000000
0.277680	148.000000
0.277700	147.000000
0.277720	146.000000
0.277740	147.000000
0.277760	148.000000
0.277780	148.000000
0.277800	147.000000
0.277820	146.000000
0.277840	146.000000
0.277860	147.000000
0.277880	148.000000
0.277900	147.000000
0.277920	147.000000
0.277940	147.000000
0.277960	148.000000
0.277980	148.000000
0.278000	147.000000
0.278020	147.000000
0.278040	147.000000
0.278060	147.000000
0.278080	147.000000
0.278100	147.000000
0.278120	146.000000
0.278140	147.000000
0.278160	147.000000
0.278180	147.000000
0.278200	147.000000
0.278220	146.000000
0.278240	147.000000
0.278260	147.000000
0.278280	147.000000
0.278300	147.000000
0.278320	146.000000
0.278340	147.000000
0.278360	147.000000
0.278380	148.000000
0.278400	147.000000
0.278420	147.000000
0.278440	147.000000
0.278460	147.000000
0.278480	148.000000
0.278500	147.000000
0.278520	146.000000
0.278540	147.000000
0.278560	147.000000
0.278580	148.000000
0.278600	147.000000
0.278620	147.000000
0.278640	147.000000
0.278660	147.000000
0.278680	147.000000
0.278700	147.000000
0.278720	146.000000
0.278740	147.000000
0.278760	147.000000
0.278780	148.000000
0.278800	147.000000
0.278820	147.000000
0.278840	147.000000
0.278860	148.000000
0.278880	148.000000
0.278900	148.000000
0.278920	147.000000
0.278940	147.000000
0.278960	147.000000
0.278980	147.000000
0.279000	146.000000
0.279020	146.000000
0.279040	147.000000
0.279060	147.000000
0.279080	147.000000
0.279100	147.000000
0.279120	147.000000
0.279140	147.000000
0.279160	147.000000
0.279180	147.000000
0.279200	147.000000
0.279220	147.000000
0.279240	146.000000
0.279260	147.000000
0.279280	147.000000
0.279300	147.000000
0.279320	147.000000
0.279340	147.000000
0.279360	147.000000
0.279380	147.000000
0.279400	147.000000
0.279420	147.000000
0.279440	147.000000
0.279460	147.000000
0.279480	147.000000
0.279500	147.000000
0.279520	146.000000
0.279540	146.000000
0.279560	147.000000
0.279580	147.000000
0.279600	147.000000
0.279620	147.000000
0.279640	147.000000
0.279660	147.000000
0.279680	147.000000
0.279700	147.000000
0.279720	147.000000
0.279740	147.000000
0.279760	147.000000
0.279780	147.000000
0.279800	147.000000
0.279820	147.000000
0.279840	147.000000
0.279860	148.000000
0.279880	147.000000
0.279900	147.000000
0.279920	146.000000
0.279940	147.000000
0.279960	147.000000
0.279980	147.000000
0.280000	147.000000
0.280020	147.000000
0.280040	147.000000
0.280060	147.000000
0.280080	147.000000
0.280100	147.000000
0.280120	147.000000
0.280140	147.000000
0.280160	147.000000
0.280180	147.000000
0.280200	147.000000
0.280220	146.000000
0.280240	147.000000
0.280260	147.000000
0.280280	148.000000
0.280300	147.000000
0.280320	146.000000
0.280340	146.000000
0.280360	146.000000
0.280380	146.000000
0.280400	146.000000
0.280420	145.000000
0.280440	144.000000
0.280460	144.000000
0.280480	144.000000
0.280500	143.000000
0.280520	144.000000
0.280540	146.000000
0.280560	151.000000
0.280580	157.000000
0.280600	162.000000
0.280620	165.000000
0.280640	165.000000
0.280660	161.000000
0.280680	155.000000
0.280700	148.000000
0.280720	141.000000
0.280740	137.000000
0.280760	136.000000
0.280780	134.000000
0.280800	132.000000
0.280820	128.000000
0.280840	124.000000
0.280860	123.000000
0.280880	127.000000
0.280900	136.000000
0.280920	149.000000
0.280940	163.000000
0.280960	173.000000
0.280980	178.000000
0.281000	176.000000
0.281020	171.000000
0.281040	165.000000
0.281060	161.000000
0.281080	159.000000
0.281100	157.000000
0.281120	154.000000
0.281140	147.000000
0.281160	136.000000
0.281180	123.000000
0.281200	110.000000
0.281220	102.000000
0.281240	100.000000
0.281260	105.000000
0.281280	115.000000
0.281300	128.000000
0.281320	143.000000
0.281340	158.000000
0.281360	174.000000
0.281380	188.000000
0.281400	201.000000
0.281420	211.000000
0.281440	215.000000
0.281460	211.000000
0.281480	198.000000
0.281500	177.000000
0.281520	150.000000
0.281540	122.000000
0.281560	96.000000
0.281580	75.000000
0.281600	62.000000
0.281620	58.000000
0.281640	64.000000
0.281660	80.000000
0.281680	103.000000
0.281700	131.000000
0.281720	161.000000
0.281740	188.000000
0.281760	210.000000
0.281780	222.000000
0.281800	226.000000
0.281820	220.000000
0.281840	207.000000
0.281860	187.000000
0.281880	162.000000
0.281900	137.000000
0.281920	113.000000
0.281940	95.000000
0.281960	85.000000
0.281980	82.000000
0.282000	87.000000
0.282020	98.000000
0.282040	115.000000
0.282060	135.000000
0.282080	155.000000
0.282100	171.000000
0.282120	183.000000
0.282140	191.000000
0.282160	193.000000
0.282180	189.000000
0.282200	180.000000
0.282220	168.000000
0.282240	155.000000
0.282260	143.000000
0.282280	132.000000
0.282300	123.000000
0.282320	118.000000
0.282340	117.000000
0.282360	120.000000
0.282380	126.000000
0.282400	134.000000
0.282420	142.000000
0.282440	150.000000
0.282460	157.000000
0.282480	162.000000
0.282500	164.000000
0.282520	164.000000
0.282540	163.000000
0.282560	160.000000
0.282580	156.000000
0.282600	151.000000
0.282620	146.000000
0.282640	142.000000
0.282660	139.000000
0.282680	137.000000
0.282700	137.000000
0.282720	138.000000
0.282740	140.000000
0.282760	142.000000
0.282780	145.000000
0.282800	147.000000
0.282820	149.000000
0.282840	151.000000
0.282860	152.000000
0.282880	152.000000
0.282900	152.000000
0.282920	151.000000
0.282940	149.000000
0.282960	148.000000
0.282980	147.000000
0.283000	146.000000
0.283020	145.000000
0.283040	144.000000
0.283060	145.000000
0.283080	145.000000
0.283100	145.000000
0.283120	145.000000
0.283140	146.000000
0.283160	147.000000
0.283180	147.000000
0.283200	148.000000
0.283220	148.000000
0.283240	148.000000
0.283260	148.000000
0.283280	148.000000
0.283300	148.000000
0.283320	147.000000
0.283340	147.000000
0.283360	147.000000
0.283380	147.000000
0.283400	147.000000
0.283420	146.000000
0.283440	146.000000
0.283460	146.000000
0.283480	147.000000
0.283500	147.000000
0.283520	146.000000
0.283540	146.000000
0.283560	147.000000
0.283580	147.000000
0.283600	148.000000
0.283620	148.000000
0.283640	148.000000
0.283660	149.000000
0.283680	149.000000
0.283700	149.000000
0.283720	149.000000
0.283740	148.000000
0.283760	146.000000
0.283780	145.000000
0.283800	143.000000
0.283820	142.000000
0.283840	143.000000
0.283860	144.000000
0.283880	146.000000
0.283900	147.000000
0.283920	149.000000
0.283940	150.000000
0.283960	150.000000
0.283980	151.000000
0.284000	152.000000
0.284020	153.000000
0.284040	153.000000
0.284060	153.000000
0.284080	152.000000
0.284100	149.000000
0.284120	145.000000
0.284140	142.000000
0.284160	140.000000
0.284180	139.000000
0.284200	140.000000
0.284220	141.000000
0.284240	142.000000
0.284260	143.000000
0.284280	143.000000
0.284300	144.000000
0.284320	145.000000
0.284340	148.000000
0.284360	151.000000
0.284380	155.000000
0.284400	157.000000
0.284420	159.000000
0.284440	159.000000
0.284460	158.000000
0.284480	155.000000
0.284500	152.000000
0.284520	148.000000
0.284540	143.000000
0.284560	139.000000
0.284580	134.000000
0.284600	131.000000
0.284620	129.000000
0.284640	129.000000
0.284660	131.000000
0.284680	135.000000
0.284700	141.000000
0.284720	148.000000
0.284740	156.000000
0.284760	163.000000
0.284780	168.000000
0.284800	170.000000
0.284820	169.000000
0.284840	167.000000
0.284860	162.000000
0.284880	155.000000
0.284900	147.000000
0.284920	139.000000
0.284940	133.000000
0.284960	129.000000
0.284980	127.000000
0.285000	127.000000
0.285020	129.000000
0.285040	133.000000
0.285060	139.000000
0.285080	146.000000
0.285100	153.000000
0.285120	158.000000
0.285140	161.000000
0.285160	163.000000
0.285180	163.000000
0.285200	161.000000
0.285220	157.000000
0.285240	153.000000
0.285260	148.000000
0.285280	144.000000
0.285300	140.000000
0.285320	138.000000
0.285340	136.000000
0.285360	137.000000
0.285380	138.000000
0.285400	141.000000
0.285420	144.000000
0.285440	147.000000
0.285460	150.000000
0.285480	152.000000
0.285500	153.000000
0.285520	153.000000
0.285540	153.000000
0.285560	152.000000
0.285580	151.000000
0.285600	149.000000
0.285620	148.000000
0.285640	146.000000
0.285660	145.000000
0.285680	144.000000
0.285700	143.000000
0.285720	143.000000
0.285740	144.000000
0.285760	145.000000
0.285780	146.000000
0.285800	147.000000
0.285820	147.000000
0.285840	148.000000
0.285860	149.000000
0.285880	149.000000
0.285900	149.000000
0.285920	148.000000
0.285940	148.000000
0.285960	148.000000
0.285980	148.000000
0.286000	148.000000
0.286020	147.000000
0.286040	147.000000
0.286060	146.000000
0.286080	146.000000
0.286100	146.000000
0.286120	146.000000
0.286140	146.000000
0.286160	147.000000
0.286180	148.000000
0.286200	148.000000
0.286220	148.000000
0.286240	148.000000
0.286260	148.000000
0.286280	148.000000
0.286300	148.000000
0.286320	148.000000
0.286340	148.000000
0.286360	147.000000
0.286380	147.000000
0.286400	147.000000
0.286420	146.000000
0.286440	146.000000
0.286460	146.000000
0.286480	146.000000
0.286500	147.000000
0.286520	147.000000
0.286540	147.000000
0.286560	147.000000
0.286580	147.000000
0.286600	147.000000
0.286620	147.000000
0.286640	147.000000
0.286660	147.000000
0.286680	148.000000
0.286700	148.000000
0.286720	148.000000
0.286740	148.000000
0.286760	148.000000
0.286780	148.000000
0.286800	148.000000
0.286820	148.000000
0.286840	148.000000
0.286860	148.000000
0.286880	148.000000
0.286900	147.000000
0.286920	147.000000
0.286940	147.000000
0.286960	146.000000
0.286980	145.000000
0.287000	144.000000
0.287020	144.000000
0.287040	145.000000
0.287060	146.000000
0.287080	148.000000
0.287100	148.000000
0.287120	149.000000
0.287140	149.000000
0.287160	149.000000
0.287180	150.000000
0.287200	150.000000
0.287220	151.000000
0.287240	151.000000
0.287260	150.000000
0.287280	148.000000
0.287300	146.000000
0.287320	144.000000
0.287340	142.000000
0.287360	142.000000
0.287380	143.000000
0.287400	144.000000
0.287420	145.000000
0.287440	145.000000
0.287460	145.000000
0.287480	146.000000
0.287500	146.000000
0.287520	147.000000
0.287540	148.000000
0.287560	150.000000
0.287580	152.000000
0.287600	153.000000
0.287620	153.000000
0.287640	153.000000
0.287660	152.000000
0.287680	150.000000
0.287700	148.000000
0.287720	145.000000
0.287740	143.000000
0.287760	141.000000
0.287780	139.000000
0.287800	137.000000
0.287820	136.000000
0.287840	136.000000
0.287860	138.000000
0.287880	142.000000
0.287900	146.000000
0.287920	150.000000
0.287940	154.000000
0.287960	157.000000
0.287980	159.000000
0.288000	160.000000
0.288020	160.000000
0.288040	158.000000
0.288060	154.000000
0.288080	150.000000
0.288100	146.000000
0.288120	142.000000
0.288140	138.000000
0.288160	135.000000
0.288180	135.000000
0.288200	135.000000
0.288220	138.000000
0.288240	141.000000
0.288260	145.000000
0.288280	149.000000
0.288300	152.000000
0.288320	154.000000
0.288340	156.000000
0.288360	156.000000
0.288380	156.000000
0.288400	154.000000
0.288420	152.000000
0.288440	149.000000
0.288460	146.000000
0.288480	144.000000
0.288500	142.000000
0.288520	141.000000
0.288540	141.000000
0.288560	141.000000
0.288580	142.000000
0.288600	143.000000
0.288620	145.000000
0.288640	147.000000
0.288660	149.000000
0.288680	151.000000
0.288700	151.000000
0.288720	151.000000
0.288740	151.000000
0.288760	150.000000
0.288780	149.000000
0.288800	148.000000
0.288820	147.000000
0.288840	146.000000
0.288860	145.000000
0.288880	144.000000
0.288900	144.000000
0.288920	145.000000
0.288940	146.000000
0.288960	146.000000
0.288980	147.000000
0.289000	148.000000
0.289020	148.000000
0.289040	148.000000
0.289060	148.000000
0.289080	148.000000
0.289100	148.000000
0.289120	148.000000
0.289140	148.000000
0.289160	148.000000
0.289180	148.000000
0.289200	147.000000
0.289220	147.000000
0.289240	147.000000
0.289260	147.000000
0.289280	147.000000
0.289300	147.000000
0.289320	146.000000
0.289340	147.000000
0.289360	147.000000
0.289380	147.000000
0.289400	147.000000
0.289420	147.000000
0.289440	147.000000
0.289460	147.000000
0.289480	148.000000
0.289500	148.000000
0.289520	148.000000
0.289540	148.000000
0.289560	147.000000
0.289580	147.000000
0.289600	147.000000
0.289620	147.000000
0.289640	147.000000
0.289660	147.000000
0.289680	147.000000
0.289700	147.000000
0.289720	147.000000
0.289740	147.000000
0.289760	147.000000
0.289780	147.000000
0.289800	148.000000
0.289820	148.000000
0.289840	148.000000
0.289860	148.000000
0.289880	148.000000
0.289900	148.000000
0.289920	148.000000
0.289940	148.000000
0.289960	148.000000
0.289980	147.000000
0.290000	147.000000
0.290020	147.000000
0.290040	147.000000
0.290060	147.000000
0.290080	148.000000
0.290100	148.000000
0.290120	147.000000
0.290140	147.000000
0.290160	146.000000
0.290180	145.000000
0.290200	145.000000
0.290220	145.000000
0.290240	146.000000
0.290260	146.000000
0.290280	147.000000
0.290300	147.000000
0.290320	148.000000
0.290340	148.000000
0.290360	149.000000
0.290380	149.000000
0.290400	149.000000
0.290420	149.000000
0.290440	149.000000
0.290460	149.000000
0.290480	148.000000
0.290500	147.000000
0.290520	146.000000
0.290540	145.000000
0.290560	145.000000
0.290580	146.000000
0.290600	146.000000
0.290620	146.000000
0.290640	146.000000
0.290660	146.000000
0.290680	146.000000
0.290700	146.000000
0.290720	147.000000
0.290740	148.000000
0.290760	149.000000
0.290780	150.000000
0.290800	151.000000
0.290820	151.000000
0.290840	151.000000
0.290860	150.000000
0.290880	149.000000
0.290900	147.000000
0.290920	146.000000
0.290940	145.000000
0.290960	143.000000
0.290980	142.000000
0.291000	141.000000
0.291020	140.000000
0.291040	141.000000
0.291060	142.000000
0.291080	144.000000
0.291100	146.000000
0.291120	149.000000
0.291140	152.000000
0.291160	154.000000
0.291180	155.000000
0.291200	155.000000
0.291220	154.000000
0.291240	153.000000
0.291260	151.000000
0.291280	148.000000
0.291300	146.000000
0.291320	143.000000
0.291340	141.000000
0.291360	140.000000
0.291380	140.000000
0.291400	140.000000
0.291420	141.000000
0.291440	143.000000
0.291460	145.000000
0.291480	148.000000
0.291500	150.000000
0.291520	152.000000
0.291540	153.000000
0.291560	153.000000
0.291580	152.000000
0.291600	151.000000
0.291620	149.000000
0.291640	148.000000
0.291660	146.000000
0.291680	145.000000
0.291700	144.000000
0.291720	143.000000
0.291740	143.000000
0.291760	144.000000
0.291780	145.000000
0.291800	146.000000
0.291820	147.000000
0.291840	148.000000
0.291860	149.000000
0.291880	149.000000
0.291900	150.000000
0.291920	150.000000
0.291940	150.000000
0.291960	150.000000
0.291980	149.000000
0.292000	148.000000
0.292020	147.000000
0.292040	147.000000
0.292060	146.000000
0.292080	146.000000
0.292100	145.000000
0.292120	145.000000
0.292140	145.000000
0.292160	146.000000
0.292180	147.000000
0.292200	147.000000
0.292220	147.000000
0.292240	147.000000
0.292260	148.000000
0.292280	149.000000
0.292300	149.000000
0.292320	149.000000
0.292340	149.000000
0.292360	148.000000
0.292380	148.000000
0.292400	148.000000
0.292420	147.000000
0.292440	147.000000
0.292460	146.000000
0.292480	146.000000
0.292500	146.000000
0.292520	146.000000
0.292540	146.000000
0.292560	147.000000
0.292580	147.000000
0.292600	147.000000
0.292620	147.000000
0.292640	147.000000
0.292660	148.000000
0.292680	148.000000
0.292700	148.000000
0.292720	148.000000
0.292740	148.000000
0.292760	147.000000
0.292780	147.000000
0.292800	147.000000
0.292820	147.000000
0.292840	147.000000
0.292860	147.000000
0.292880	146.000000
0.292900	146.000000
0.292920	147.000000
0.292940	147.000000
0.292960	147.000000
0.292980	147.000000
0.293000	147.000000
0.293020	147.000000
0.293040	148.000000
0.293060	148.000000
0.293080	148.000000
0.293100	148.000000
0.293120	147.000000
0.293140	147.000000
0.293160	147.000000
0.293180	147.000000
0.293200	147.000000
0.293220	147.000000
0.293240	147.000000
0.293260	147.000000
0.293280	147.000000
0.293300	147.000000
0.293320	147.000000
0.293340	146.000000
0.293360	146.000000
0.293380	146.000000
0.293400	146.000000
0.293420	146.000000
0.293440	147.000000
0.293460	147.000000
0.293480	148.000000
0.293500	148.000000
0.293520	148.000000
0.293540	147.000000
0.293560	147.000000
0.293580	147.000000
0.293600	148.000000
0.293620	148.000000
0.293640	148.000000
0.293660	148.000000
0.293680	148.000000
0.293700	147.000000
0.293720	146.000000
0.293740	146.000000
0.293760	146.000000
0.293780	146.000000
0.293800	146.000000
0.293820	146.000000
0.293840	146.000000
0.293860	147.000000
0.293880	147.000000
0.293900	147.000000
0.293920	148.000000
0.293940	148.000000
0.293960	149.000000
0.293980	150.000000
0.294000	150.000000
0.294020	150.000000
0.294040	150.000000
0.294060	149.000000
0.294080	148.000000
0.294100	147.000000
0.294120	147.000000
0.294140	146.000000
0.294160	145.000000
0.294180	144.000000
0.294200	143.000000
0.294220	143.000000
0.294240	143.000000
0.294260	144.000000
0.294280	145.000000
0.294300	147.000000
0.294320	149.000000
0.294340	150.000000
0.294360	152.000000
0.294380	152.000000
0.294400	152.000000
0.294420	152.000000
0.294440	151.000000
0.294460	149.000000
0.294480	148.000000
0.294500	147.000000
0.294520	145.000000
0.294540	143.000000
0.294560	142.000000
0.294580	142.000000
0.294600	143.000000
0.294620	144.000000
0.294640	145.000000
0.294660	146.000000
0.294680	147.000000
0.294700	149.000000
0.294720	150.000000
0.294740	150.000000
0.294760	151.000000
0.294780	151.000000
0.294800	150.000000
0.294820	149.000000
0.294840	148.000000
0.294860	147.000000
0.294880	146.000000
0.294900	145.000000
0.294920	144.000000
0.294940	144.000000
0.294960	144.000000
0.294980	145.000000
0.295000	146.000000
0.295020	147.000000
0.295040	148.000000
0.295060	148.000000
0.295080	149.000000
0.295100	149.000000
0.295120	149.000000
0.295140	148.000000
0.295160	148.000000
0.295180	148.000000
0.295200	148.000000
0.295220	147.000000
0.295240	146.000000
0.295260	146.000000
0.295280	146.000000
0.295300	146.000000
0.295320	146.000000
0.295340	146.000000
0.295360	146.000000
0.295380	147.000000
0.295400	147.000000
0.295420	147.000000
0.295440	148.000000
0.295460	148.000000
0.295480	148.000000
0.295500	148.000000
0.295520	148.000000
0.295540	147.000000
0.295560	147.000000
0.295580	147.000000
0.295600	147.000000
0.295620	147.000000
0.295640	147.000000
0.295660	147.000000
0.295680	147.000000
0.295700	147.000000
0.295720	147.000000
0.295740	147.000000
0.295760	146.000000
0.295780	146.000000
0.295800	146.000000
0.295820	147.000000
0.295840	148.000000
0.295860	148.000000
0.295880	148.000000
0.295900	148.000000
0.295920	148.000000
0.295940	148.000000
0.295960	148.000000
0.295980	148.000000
0.296000	148.000000
0.296020	147.000000
0.296040	147.000000
0.296060	147.000000
0.296080	146.000000
0.296100	146.000000
0.296120	146.000000
0.296140	147.000000
0.296160	147.000000
0.296180	147.000000
0.296200	148.000000
0.296220	148.000000
0.296240	148.000000
0.296260	148.000000
0.296280	148.000000
0.296300	148.000000
0.296320	147.000000
0.296340	148.000000
0.296360	148.000000
0.296380	148.000000
0.296400	148.000000
0.296420	147.000000
0.296440	147.000000
0.296460	147.000000
0.296480	147.000000
0.296500	147.000000
0.296520	147.000000
0.296540	147.000000
0.296560	146.000000
0.296580	146.000000
0.296600	146.000000
0.296620	147.000000
0.296640	147.000000
0.296660	147.000000
0.296680	147.000000
0.296700	147.000000
0.296720	147.000000
0.296740	147.000000
0.296760	147.000000
0.296780	147.000000
0.296800	147.000000
0.296820	147.000000
0.296840	147.000000
0.296860	147.000000
0.296880	147.000000
0.296900	146.000000
0.296920	146.000000
0.296940	146.000000
0.296960	146.000000
0.296980	147.000000
0.297000	147.000000
0.297020	146.000000
0.297040	146.000000
0.297060	147.000000
0.297080	147.000000
0.297100	147.000000
0.297120	147.000000
0.297140	148.000000
0.297160	148.000000
0.297180	149.000000
0.297200	149.000000
0.297220	149.000000
0.297240	149.000000
0.297260	149.000000
0.297280	148.000000
0.297300	148.000000
0.297320	147.000000
0.297340	146.000000
0.297360	146.000000
0.297380	145.000000
0.297400	145.000000
0.297420	145.000000
0.297440	145.000000
0.297460	145.000000
0.297480	146.000000
0.297500	147.000000
0.297520	148.000000
0.297540	149.000000
0.297560	150.000000
0.297580	150.000000
0.297600	150.000000
0.297620	149.000000
0.297640	149.000000
0.297660	148.000000
0.297680	147.000000
0.297700	146.000000
0.297720	146.000000
0.297740	145.000000
0.297760	144.000000
0.297780	144.000000
0.297800	145.000000
0.297820	145.000000
0.297840	146.000000
0.297860	147.000000
0.297880	147.000000
0.297900	148.000000
0.297920	148.000000
0.297940	149.000000
0.297960	149.000000
0.297980	148.000000
0.298000	148.000000
0.298020	148.000000
0.298040	148.000000
0.298060	147.000000
0.298080	146.000000
0.298100	145.000000
0.298120	145.000000
0.298140	145.000000
0.298160	145.000000
0.298180	146.000000
0.298200	146.000000
0.298220	147.000000
0.298240	148.000000
0.298260	148.000000
0.298280	148.000000
0.298300	148.000000
0.298320	148.000000
0.298340	148.000000
0.298360	148.000000
0.298380	147.000000
0.298400	146.000000
0.298420	146.000000
0.298440	146.000000
0.298460	146.000000
0.298480	146.000000
0.298500	146.000000
0.298520	146.000000
0.298540	146.000000
0.298560	147.000000
0.298580	147.000000
0.298600	147.000000
0.298620	147.000000
0.298640	147.000000
0.298660	147.000000
0.298680	148.000000
0.298700	148.000000
0.298720	148.000000
0.298740	147.000000
0.298760	147.000000
0.298780	147.000000
0.298800	147.000000
0.298820	147.000000
0.298840	147.000000
0.298860	147.000000
0.298880	147.000000
0.298900	147.000000
0.298920	147.000000
0.298940	147.000000
0.298960	147.000000
0.298980	147.000000
0.299000	147.000000
0.299020	147.000000
0.299040	147.000000
0.299060	148.000000
0.299080	148.000000
0.299100	148.000000
0.299120	148.000000
0.299140	148.000000
0.299160	148.000000
0.299180	147.000000
0.299200	147.000000
0.299220	146.000000
0.299240	146.000000
0.299260	146.000000
0.299280	147.000000
0.299300	147.000000
0.299320	147.000000
0.299340	147.000000
0.299360	147.000000
0.299380	147.000000
0.299400	147.000000
0.299420	147.000000
0.299440	147.000000
0.299460	147.000000
0.299480	148.000000
0.299500	148.000000
0.299520	148.000000
0.299540	148.000000
0.299560	148.000000
0.299580	148.000000
0.299600	147.000000
0.299620	147.000000
0.299640	147.000000
0.299660	147.000000
0.299680	147.000000
0.299700	147.000000
0.299720	147.000000
0.299740	147.000000
0.299760	147.000000
0.299780	147.000000
0.299800	147.000000
0.299820	147.000000
0.299840	147.000000
0.299860	147.000000
0.299880	147.000000
0.299900	147.000000
0.299920	147.000000
0.299940	147.000000
0.299960	147.000000
0.299980	147.000000
0.300000	147.000000
0.300020	147.000000
0.300040	148.000000
0.300060	147.000000
0.300080	147.000000
0.300100	147.000000
0.300120	147.000000
0.300140	147.000000
0.300160	147.000000
0.300180	147.000000
0.300200	147.000000
0.300220	147.000000
0.300240	147.000000
0.300260	147.000000
0.300280	147.000000
0.300300	147.000000
0.300320	147.000000
0.300340	147.000000
0.300360	147.000000
0.300380	148.000000
0.300400	148.000000
0.300420	148.000000
0.300440	148.000000
0.300460	148.000000
0.300480	148.000000
0.300500	148.000000
0.300520	147.000000
0.300540	146.000000
0.300560	146.000000
0.300580	146.000000
0.300600	145.000000
0.300620	146.000000
0.300640	146.000000
0.300660	147.000000
0.300680	147.000000
0.300700	147.000000
0.300720	148.000000
0.300740	148.000000
0.300760	149.000000
0.300780	149.000000
0.300800	149.000000
0.300820	148.000000
0.300840	148.000000
0.300860	148.000000
0.300880	147.000000
0.300900	147.000000
0.300920	147.000000
0.300940	146.000000
0.300960	146.000000
0.300980	146.000000
0.301000	146.000000
0.301020	146.000000
0.301040	146.000000
0.301060	147.000000
0.301080	148.000000
0.301100	148.000000
0.301120	148.000000
0.301140	148.000000
0.301160	148.000000
0.301180	148.000000
0.301200	148.000000
0.301220	148.000000
0.301240	148.000000
0.301260	147.000000
0.301280	147.000000
0.301300	146.000000
0.301320	146.000000
0.301340	147.000000
0.301360	147.000000
0.301380	147.000000
0.301400	147.000000
0.301420	147.000000
0.301440	147.000000
0.301460	147.000000
0.301480	147.000000
0.301500	148.000000
0.301520	148.000000
0.301540	148.000000
0.301560	148.000000
0.301580	147.000000
0.301600	147.000000
0.301620	147.000000
0.301640	147.000000
0.301660	147.000000
0.301680	147.000000
0.301700	147.000000
0.301720	147.000000
0.301740	147.000000
0.301760	148.000000
0.301780	148.000000
0.301800	148.000000
0.301820	147.000000
0.301840	147.000000
0.301860	147.000000
0.301880	148.000000
0.301900	148.000000
0.301920	148.000000
0.301940	148.000000
0.301960	147.000000
0.301980	147.000000
0.302000	147.000000
0.302020	147.000000
0.302040	147.000000
0.302060	146.000000
0.302080	146.000000
0.302100	146.000000
0.302120	146.000000
0.302140	146.000000
0.302160	146.000000
0.302180	146.000000
0.302200	146.000000
0.302220	147.000000
0.302240	147.000000
0.302260	148.000000
0.302280	148.000000
0.302300	148.000000
0.302320	148.000000
0.302340	147.000000
0.302360	147.000000
0.302380	147.000000
0.302400	147.000000
0.302420	147.000000
0.302440	147.000000
0.302460	146.000000
0.302480	146.000000
0.302500	146.000000
0.302520	146.000000
0.302540	147.000000
0.302560	147.000000
0.302580	147.000000
0.302600	147.000000
0.302620	148.000000
0.302640	148.000000
0.302660	148.000000
0.302680	148.000000
0.302700	148.000000
0.302720	148.000000
0.302740	148.000000
0.302760	148.000000
0.302780	148.000000
0.302800	148.000000
0.302820	147.000000
0.302840	147.000000
0.302860	147.000000
0.302880	147.000000
0.302900	147.000000
0.302920	148.000000
0.302940	147.000000
0.302960	147.000000
0.302980	147.000000
0.303000	147.000000
0.303020	147.000000
0.303040	147.000000
0.303060	147.000000
0.303080	147.000000
0.303100	147.000000
0.303120	148.000000
0.303140	147.000000
0.303160	147.000000
0.303180	147.000000
0.303200	147.000000
0.303220	147.000000
0.303240	147.000000
0.303260	147.000000
0.303280	147.000000
0.303300	147.000000
0.303320	146.000000
0.303340	146.000000
0.303360	146.000000
0.303380	147.000000
0.303400	147.000000
0.303420	147.000000
0.303440	147.000000
0.303460	147.000000
0.303480	147.000000
0.303500	147.000000
0.303520	147.000000
0.303540	147.000000
0.303560	147.000000
0.303580	147.000000
0.303600	148.000000
0.303620	148.000000
0.303640	148.000000
0.303660	148.000000
0.303680	148.000000
0.303700	148.000000
0.303720	147.000000
0.303740	147.000000
0.303760	147.000000
0.303780	146.000000
0.303800	146.000000
0.303820	146.000000
0.303840	146.000000
0.303860	146.000000
0.303880	146.000000
0.303900	147.000000
0.303920	147.000000
0.303940	147.000000
0.303960	148.000000
0.303980	148.000000
0.304000	148.000000
0.304020	148.000000
0.304040	148.000000
0.304060	147.000000
0.304080	147.000000
0.304100	147.000000
0.304120	147.000000
0.304140	147.000000
0.304160	147.000000
0.304180	147.000000
0.304200	147.000000
0.304220	147.000000
0.304240	147.000000
0.304260	147.000000
0.304280	147.000000
0.304300	147.000000
0.304320	147.000000
0.304340	148.000000
0.304360	148.000000
0.304380	148.000000
0.304400	148.000000
0.304420	148.000000
0.304440	147.000000
0.304460	147.000000
0.304480	147.000000
0.304500	147.000000
0.304520	147.000000
0.304540	147.000000
0.304560	147.000000
0.304580	147.000000
0.304600	147.000000
0.304620	147.000000
0.304640	147.000000
0.304660	147.000000
0.304680	147.000000
0.304700	147.000000
0.304720	147.000000
0.304740	147.000000
0.304760	147.000000
0.304780	147.000000
0.304800	147.000000
0.304820	147.000000
0.304840	147.000000
0.304860	147.000000
0.304880	147.000000
0.304900	147.000000
0.304920	147.000000
0.304940	147.000000
0.304960	147.000000
0.304980	147.000000
0.305000	147.000000
0.305020	147.000000
0.305040	147.000000
0.305060	147.000000
0.305080	147.000000
0.305100	147.000000
0.305120	147.000000
0.305140	147.000000
0.305160	148.000000
0.305180	148.000000
0.305200	148.000000
0.305220	147.000000
0.305240	147.000000
0.305260	147.000000
0.305280	147.000000
0.305300	147.000000
0.305320	146.000000
0.305340	146.000000
0.305360	146.000000
0.305380	147.000000
0.305400	148.000000
0.305420	148.000000
0.305440	148.000000
0.305460	148.000000
0.305480	148.000000
0.305500	148.000000
0.305520	148.000000
0.305540	148.000000
0.305560	147.000000
0.305580	147.000000
0.305600	147.000000
0.305620	147.000000
0.305640	147.000000
0.305660	147.000000
0.305680	147.000000
0.305700	147.000000
0.305720	147.000000
0.305740	147.000000
0.305760	147.000000
0.305780	147.000000
0.305800	147.000000
0.305820	148.000000
0.305840	148.000000
0.305860	148.000000
0.305880	148.000000
0.305900	147.000000
0.305920	147.000000
0.305940	147.000000
0.305960	147.000000
0.305980	147.000000
0.306000	147.000000
0.306020	147.000000
0.306040	147.000000
0.306060	147.000000
0.306080	147.000000
0.306100	147.000000
0.306120	147.000000
0.306140	147.000000
0.306160	147.000000
0.306180	147.000000
0.306200	147.000000
0.306220	147.000000
0.306240	147.000000
0.306260	147.000000
0.306280	147.000000
0.306300	147.000000
0.306320	147.000000
0.306340	147.000000
0.306360	147.000000
0.306380	147.000000
0.306400	147.000000
0.306420	147.000000
0.306440	147.000000
0.306460	147.000000
0.306480	147.000000
0.306500	147.000000
0.306520	147.000000
0.306540	147.000000
0.306560	147.000000
0.306580	147.000000
0.306600	147.000000
0.306620	147.000000
0.306640	147.000000
0.306660	148.000000
0.306680	147.000000
0.306700	147.000000
0.306720	147.000000
0.306740	147.000000
0.306760	147.000000
0.306780	148.000000
0.306800	148.000000
0.306820	148.000000
0.306840	148.000000
0.306860	147.000000
0.306880	147.000000
0.306900	147.000000
0.306920	147.000000
0.306940	147.000000
0.306960	147.000000
0.306980	147.000000
0.307000	147.000000
0.307020	147.000000
0.307040	147.000000
0.307060	147.000000
0.307080	147.000000
0.307100	147.000000
0.307120	147.000000
0.307140	147.000000
0.307160	147.000000
0.307180	148.000000
0.307200	148.000000
0.307220	148.000000
0.307240	148.000000
0.307260	148.000000
0.307280	148.000000
0.307300	148.000000
0.307320	147.000000
0.307340	147.000000
0.307360	146.000000
0.307380	146.000000
0.307400	146.000000
0.307420	147.000000
0.307440	147.000000
0.307460	147.000000
0.307480	147.000000
0.307500	147.000000
0.307520	147.000000
0.307540	147.000000
0.307560	147.000000
0.307580	147.000000
0.307600	146.000000
0.307620	146.000000
0.307640	147.000000
0.307660	147.000000
0.307680	147.000000
0.307700	147.000000
0.307720	147.000000
0.307740	147.000000
0.307760	146.000000
0.307780	147.000000
0.307800	147.000000
0.307820	148.000000
0.307840	148.000000
0.307860	148.000000
0.307880	148.000000
0.307900	147.000000
0.307920	147.000000
0.307940	147.000000
0.307960	147.000000
0.307980	147.000000
0.308000	146.000000
0.308020	146.000000
0.308040	146.000000
0.308060	147.000000
0.308080	147.000000
0.308100	147.000000
0.308120	147.000000
0.308140	147.000000
0.308160	147.000000
0.308180	147.000000
0.308200	147.000000
0.308220	147.000000
0.308240	147.000000
0.308260	147.000000
0.308280	147.000000
0.308300	147.000000
0.308320	147.000000
0.308340	147.000000
0.308360	148.000000
0.308380	148.000000
0.308400	148.000000
0.308420	147.000000
0.308440	147.000000
0.308460	146.000000
0.308480	147.000000
0.308500	147.000000
0.308520	147.000000
0.308540	147.000000
0.308560	146.000000
0.308580	147.000000
0.308600	147.000000
0.308620	148.000000
0.308640	148.000000
0.308660	148.000000
0.308680	148.000000
0.308700	148.000000
0.308720	148.000000
0.308740	148.000000
0.308760	148.000000
0.308780	147.000000
0.308800	147.000000
0.308820	147.000000
0.308840	147.000000
0.308860	146.000000
0.308880	146.000000
0.308900	146.000000
0.308920	146.000000
0.308940	146.000000
0.308960	147.000000
0.308980	147.000000
0.309000	147.000000
0.309020	148.000000
0.309040	148.000000
0.309060	148.000000
0.309080	148.000000
0.309100	148.000000
0.309120	148.000000
0.309140	148.000000
0.309160	147.000000
0.309180	147.000000
0.309200	146.000000
0.309220	146.000000
0.309240	146.000000
0.309260	146.000000
0.309280	146.000000
0.309300	146.000000
0.309320	147.000000
0.309340	147.000000
0.309360	147.000000
0.309380	147.000000
0.309400	147.000000
0.309420	147.000000
0.309440	147.000000
0.309460	147.000000
0.309480	147.000000
0.309500	147.000000
0.309520	147.000000
0.309540	147.000000
0.309560	147.000000
0.309580	147.000000
0.309600	147.000000
0.309620	147.000000
0.309640	147.000000
0.309660	148.000000
0.309680	148.000000
0.309700	148.000000
0.309720	147.000000
0.309740	147.000000
0.309760	147.000000
0.309780	147.000000
0.309800	147.000000
0.309820	147.000000
0.309840	147.000000
0.309860	147.000000
0.309880	146.000000
0.309900	147.000000
0.309920	147.000000
0.309940	148.000000
0.309960	148.000000
0.309980	148.000000
0.310000	148.000000
0.310020	147.000000
0.310040	147.000000
0.310060	147.000000
0.310080	147.000000
0.310100	147.000000
0.310120	147.000000
0.310140	147.000000
0.310160	147.000000
0.310180	147.000000
0.310200	147.000000
0.310220	147.000000
0.310240	147.000000
0.310260	146.000000
0.310280	147.000000
0.310300	147.000000
0.310320	147.000000
0.310340	147.000000
0.310360	147.000000
0.310380	147.000000
0.310400	147.000000
0.310420	147.000000
0.310440	148.000000
0.310460	148.000000
0.310480	148.000000
0.310500	148.000000
0.310520	147.000000
0.310540	147.000000
0.310560	146.000000
0.310580	146.000000
0.310600	146.000000
0.310620	146.000000
0.310640	146.000000
0.310660	146.000000
0.310680	147.000000
0.310700	147.000000
0.310720	148.000000
0.310740	148.000000
0.310760	147.000000
0.310780	147.000000
0.310800	147.000000
0.310820	147.000000
0.310840	147.000000
0.310860	147.000000
0.310880	147.000000
0.310900	147.000000
0.310920	147.000000
0.310940	147.000000
0.310960	147.000000
0.310980	147.000000
0.311000	147.000000
0.311020	147.000000
0.311040	147.000000
0.311060	147.000000
0.311080	147.000000
0.311100	147.000000
0.311120	148.000000
0.311140	148.000000
0.311160	148.000000
0.311180	147.000000
0.311200	147.000000
0.311220	147.000000
0.311240	147.000000
0.311260	147.000000
0.311280	147.000000
0.311300	147.000000
0.311320	147.000000
0.311340	148.000000
0.311360	148.000000
0.311380	148.000000
0.311400	148.000000
0.311420	148.000000
0.311440	147.000000
0.311460	147.000000
0.311480	147.000000
0.311500	147.000000
0.311520	147.000000
0.311540	147.000000
0.311560	147.000000
0.311580	147.000000
0.311600	147.000000
0.311620	147.000000
0.311640	147.000000
0.311660	147.000000
0.311680	147.000000
0.311700	147.000000
0.311720	146.000000
0.311740	146.000000
0.311760	146.000000
0.311780	146.000000
0.311800	147.000000
0.311820	147.000000
0.311840	147.000000
0.311860	147.000000
0.311880	148.000000
0.311900	148.000000
0.311920	148.000000
0.311940	148.000000
0.311960	148.000000
0.311980	148.000000
0.312000	148.000000
0.312020	147.000000
0.312040	147.000000
0.312060	146.000000
0.312080	146.000000
0.312100	146.000000
0.312120	146.000000
0.312140	146.000000
0.312160	146.000000
0.312180	147.000000
0.312200	148.000000
0.312220	148.000000
0.312240	148.000000
0.312260	148.000000
0.312280	148.000000
0.312300	148.000000
0.312320	148.000000
0.312340	148.000000
0.312360	147.000000
0.312380	147.000000
0.312400	147.000000
0.312420	147.000000
0.312440	147.000000
0.312460	147.000000
0.312480	147.000000
0.312500	147.000000
0.312520	147.000000
0.312540	147.000000
0.312560	147.000000
0.312580	148.000000
0.312600	148.000000
0.312620	147.000000
0.312640	147.000000
0.312660	147.000000
0.312680	147.000000
0.312700	147.000000
0.312720	147.000000
0.312740	147.000000
0.312760	147.000000
0.312780	147.000000
0.312800	147.000000
0.312820	147.000000
0.312840	147.000000
0.312860	147.000000
0.312880	147.000000
0.312900	147.000000
0.312920	147.000000
0.312940	147.000000
0.312960	147.000000
0.312980	146.000000
0.313000	146.000000
0.313020	147.000000
0.313040	147.000000
0.313060	147.000000
0.313080	147.000000
0.313100	147.000000
0.313120	147.000000
0.313140	147.000000
0.313160	147.000000
0.313180	147.000000
0.313200	147.000000
0.313220	148.000000
0.313240	148.000000
0.313260	148.000000
0.313280	147.000000
0.313300	147.000000
0.313320	147.000000
0.313340	147.000000
0.313360	147.000000
0.313380	147.000000
0.313400	147.000000
0.313420	147.000000
0.313440	147.000000
0.313460	146.000000
0.313480	146.000000
0.313500	146.000000
0.313520	146.000000
0.313540	146.000000
0.313560	146.000000
0.313580	146.000000
0.313600	147.000000
0.313620	148.000000
0.313640	148.000000
0.313660	148.000000
0.313680	148.000000
0.313700	147.000000
0.313720	147.000000
0.313740	147.000000
0.313760	147.000000
0.313780	147.000000
0.313800	147.000000
0.313820	147.000000
0.313840	147.000000
0.313860	147.000000
0.313880	147.000000
0.313900	147.000000
0.313920	147.000000
0.313940	148.000000
0.313960	148.000000
0.313980	148.000000
0.314000	148.000000
0.314020	148.000000
0.314040	147.000000
0.314060	147.000000
0.314080	146.000000
0.314100	147.000000
0.314120	147.000000
0.314140	147.000000
0.314160	147.000000
0.314180	147.000000
0.314200	147.000000
0.314220	148.000000
0.314240	148.000000
0.314260	148.000000
0.314280	148.000000
0.314300	148.000000
0.314320	148.000000
0.314340	148.000000
0.314360	147.000000
0.314380	147.000000
0.314400	146.000000
0.314420	147.000000
0.314440	148.000000
0.314460	147.000000
0.314480	147.000000
0.314500	146.000000
0.314520	147.000000
0.314540	148.000000
0.314560	147.000000
0.314580	147.000000
0.314600	147.000000
0.314620	148.000000
0.314640	148.000000
0.314660	147.000000
0.314680	146.000000
0.314700	146.000000
0.314720	147.000000
0.314740	148.000000
0.314760	148.000000
0.314780	146.000000
0.314800	147.000000
0.314820	148.000000
0.314840	149.000000
0.314860	147.000000
0.314880	145.000000
0.314900	145.000000
0.314920	147.000000
0.314940	150.000000
0.314960	147.000000
0.314980	135.000000
