0.343700	102.000000
0.343720	57.000000
0.343740	121.000000
0.343760	170.000000
0.343780	175.000000
0.343800	153.000000
0.343820	138.000000
0.343840	145.000000
0.343860	160.000000
0.343880	163.000000
0.343900	153.000000
0.343920	144.000000
0.343940	148.000000
0.343960	156.000000
0.343980	157.000000
0.344000	149.000000
0.344020	141.000000
0.344040	141.000000
0.344060	146.000000
0.344080	147.000000
0.344100	143.000000
0.344120	140.000000
0.344140	144.000000
0.344160	151.000000
0.344180	153.000000
0.344200	150.000000
0.344220	148.000000
0.344240	150.000000
0.344260	156.000000
0.344280	158.000000
0.344300	154.000000
0.344320	150.000000
0.344340	149.000000
0.344360	151.000000
0.344380	151.000000
0.344400	148.000000
0.344420	146.000000
0.344440	147.000000
0.344460	150.000000
0.344480	150.000000
0.344500	149.000000
0.344520	147.000000
0.344540	149.000000
0.344560	152.000000
0.344580	152.000000
0.344600	149.000000
0.344620	146.000000
0.344640	147.000000
0.344660	150.000000
0.344680	151.000000
0.344700	149.000000
0.344720	147.000000
0.344740	148.000000
0.344760	151.000000
0.344780	152.000000
0.344800	150.000000
0.344820	148.000000
0.344840	148.000000
0.344860	149.000000
0.344880	150.000000
0.344900	147.000000
0.344920	144.000000
0.344940	143.000000
0.344960	144.000000
0.344980	145.000000
0.345000	144.000000
0.345020	144.000000
0.345040	145.000000
0.345060	148.000000
0.345080	149.000000
0.345100	148.000000
0.345120	146.000000
0.345140	146.000000
0.345160	149.000000
0.345180	152.000000
0.345200	154.000000
0.345220	154.000000
0.345240	154.000000
0.345260	154.000000
0.345280	153.000000
0.345300	151.000000
0.345320	148.000000
0.345340	148.000000
0.345360	148.000000
0.345380	148.000000
0.345400	146.000000
0.345420	144.000000
0.345440	142.000000
0.345460	143.000000
0.345480	143.000000
0.345500	143.000000
0.345520	143.000000
0.345540	143.000000
0.345560	146.000000
0.345580	148.000000
0.345600	150.000000
0.345620	151.000000
0.345640	152.000000
0.345660	154.000000
0.345680	154.000000
0.345700	154.000000
0.345720	154.000000
0.345740	154.000000
0.345760	152.000000
0.345780	150.000000
0.345800	148.000000
0.345820	146.000000
0.345840	146.000000
0.345860	146.000000
0.345880	146.000000
0.345900	145.000000
0.345920	144.000000
0.345940	144.000000
0.345960	146.000000
0.345980	147.000000
0.346000	148.000000
0.346020	150.000000
0.346040	153.000000
0.346060	155.000000
0.346080	156.000000
0.346100	155.000000
0.346120	153.000000
0.346140	152.000000
0.346160	151.000000
0.346180	150.000000
0.346200	149.000000
0.346220	148.000000
0.346240	147.000000
0.346260	148.000000
0.346280	149.000000
0.346300	148.000000
0.346320	148.000000
0.346340	149.000000
0.346360	149.000000
0.346380	150.000000
0.346400	150.000000
0.346420	149.000000
0.346440	150.000000
0.346460	150.000000
0.346480	150.000000
0.346500	149.000000
0.346520	148.000000
0.346540	149.000000
0.346560	149.000000
0.346580	150.000000
0.346600	151.000000
0.346620	153.000000
0.346640	154.000000
0.346660	155.000000
0.346680	154.000000
0.346700	152.000000
0.346720	150.000000
0.346740	149.000000
0.346760	148.000000
0.346780	148.000000
0.346800	147.000000
0.346820	147.000000
0.346840	146.000000
0.346860	146.000000
0.346880	146.000000
0.346900	145.000000
0.346920	146.000000
0.346940	147.000000
0.346960	147.000000
0.346980	147.000000
0.347000	148.000000
0.347020	149.000000
0.347040	152.000000
0.347060	153.000000
0.347080	153.000000
0.347100	152.000000
0.347120	151.000000
0.347140	152.000000
0.347160	152.000000
0.347180	150.000000
0.347200	147.000000
0.347220	146.000000
0.347240	146.000000
0.347260	147.000000
0.347280	147.000000
0.347300	146.000000
0.347320	146.000000
0.347340	147.000000
0.347360	148.000000
0.347380	149.000000
0.347400	148.000000
0.347420	148.000000
0.347440	150.000000
0.347460	152.000000
0.347480	154.000000
0.347500	154.000000
0.347520	152.000000
0.347540	151.000000
0.347560	150.000000
0.347580	149.000000
0.347600	148.000000
0.347620	147.000000
0.347640	147.000000
0.347660	146.000000
0.347680	145.000000
0.347700	144.000000
0.347720	145.000000
0.347740	147.000000
0.347760	149.000000
0.347780	150.000000
0.347800	150.000000
0.347820	150.000000
0.347840	150.000000
0.347860	150.000000
0.347880	149.000000
0.347900	149.000000
0.347920	150.000000
0.347940	150.000000
0.347960	151.000000
0.347980	150.000000
0.348000	149.000000
0.348020	150.000000
0.348040	152.000000
0.348060	154.000000
0.348080	153.000000
0.348100	151.000000
0.348120	149.000000
0.348140	149.000000
0.348160	149.000000
0.348180	148.000000
0.348200	146.000000
0.348220	143.000000
0.348240	143.000000
0.348260	145.000000
0.348280	147.000000
0.348300	147.000000
0.348320	148.000000
0.348340	149.000000
0.348360	150.000000
0.348380	152.000000
0.348400	152.000000
0.348420	152.000000
0.348440	153.000000
0.348460	153.000000
0.348480	152.000000
0.348500	150.000000
0.348520	149.000000
0.348540	148.000000
0.348560	148.000000
0.348580	148.000000
0.348600	147.000000
0.348620	146.000000
0.348640	145.000000
0.348660	145.000000
0.348680	145.000000
0.348700	145.000000
0.348720	146.000000
0.348740	147.000000
0.348760	149.000000
0.348780	149.000000
0.348800	148.000000
0.348820	147.000000
0.348840	148.000000
0.348860	151.000000
0.348880	153.000000
0.348900	153.000000
0.348920	151.000000
0.348940	150.000000
0.348960	149.000000
0.348980	149.000000
0.349000	149.000000
0.349020	148.000000
0.349040	146.000000
0.349060	145.000000
0.349080	145.000000
0.349100	145.000000
0.349120	145.000000
0.349140	148.000000
0.349160	151.000000
0.349180	155.000000
0.349200	159.000000
0.349220	161.000000
0.349240	161.000000
0.349260	157.000000
0.349280	150.000000
0.349300	143.000000
0.349320	137.000000
0.349340	137.000000
0.349360	139.000000
0.349380	140.000000
0.349400	139.000000
0.349420	136.000000
0.349440	133.000000
0.349460	132.000000
0.349480	136.000000
0.349500	144.000000
0.349520	156.000000
0.349540	167.000000
0.349560	175.000000
0.349580	177.000000
0.349600	171.000000
0.349620	162.000000
0.349640	154.000000
0.349660	150.000000
0.349680	150.000000
0.349700	151.000000
0.349720	151.000000
0.349740	147.000000
0.349760	139.000000
0.349780	129.000000
0.349800	120.000000
0.349820	114.000000
0.349840	116.000000
0.349860	123.000000
0.349880	135.000000
0.349900	149.000000
0.349920	161.000000
0.349940	172.000000
0.349960	181.000000
0.349980	188.000000
0.350000	192.000000
0.350020	193.000000
0.350040	191.000000
0.350060	183.000000
0.350080	168.000000
0.350100	147.000000
0.350120	124.000000
0.350140	104.000000
0.350160	89.000000
0.350180	81.000000
0.350200	81.000000
0.350220	88.000000
0.350240	104.000000
0.350260	127.000000
0.350280	152.000000
0.350300	176.000000
0.350320	196.000000
0.350340	210.000000
0.350360	217.000000
0.350380	216.000000
0.350400	206.000000
0.350420	188.000000
0.350440	165.000000
0.350460	141.000000
0.350480	118.000000
0.350500	100.000000
0.350520	89.000000
0.350540	86.000000
0.350560	92.000000
0.350580	104.000000
0.350600	121.000000
0.350620	140.000000
0.350640	161.000000
0.350660	180.000000
0.350680	195.000000
0.350700	202.000000
0.350720	202.000000
0.350740	194.000000
0.350760	182.000000
0.350780	167.000000
0.350800	151.000000
0.350820	136.000000
0.350840	123.000000
0.350860	113.000000
0.350880	109.000000
0.350900	111.000000
0.350920	117.000000
0.350940	126.000000
0.350960	138.000000
0.350980	150.000000
0.351000	160.000000
0.351020	168.000000
0.351040	172.000000
0.351060	173.000000
0.351080	172.000000
0.351100	168.000000
0.351120	161.000000
0.351140	154.000000
0.351160	146.000000
0.351180	139.000000
0.351200	134.000000
0.351220	132.000000
0.351240	132.000000
0.351260	134.000000
0.351280	139.000000
0.351300	143.000000
0.351320	148.000000
0.351340	152.000000
0.351360	154.000000
0.351380	156.000000
0.351400	157.000000
0.351420	157.000000
0.351440	156.000000
0.351460	154.000000
0.351480	152.000000
0.351500	149.000000
0.351520	146.000000
0.351540	144.000000
0.351560	144.000000
0.351580	144.000000
0.351600	146.000000
0.351620	148.000000
0.351640	150.000000
0.351660	151.000000
0.351680	152.000000
0.351700	152.000000
0.351720	152.000000
0.351740	151.000000
0.351760	150.000000
0.351780	149.000000
0.351800	149.000000
0.351820	150.000000
0.351840	150.000000
0.351860	149.000000
0.351880	147.000000
0.351900	146.000000
0.351920	146.000000
0.351940	147.000000
0.351960	148.000000
0.351980	148.000000
0.352000	147.000000
0.352020	148.000000
0.352040	149.000000
0.352060	151.000000
0.352080	151.000000
0.352100	149.000000
0.352120	149.000000
0.352140	150.000000
0.352160	151.000000
0.352180	151.000000
0.352200	149.000000
0.352220	146.000000
0.352240	143.000000
0.352260	141.000000
0.352280	141.000000
0.352300	142.000000
0.352320	144.000000
0.352340	148.000000
0.352360	153.000000
0.352380	158.000000
0.352400	160.000000
0.352420	161.000000
0.352440	159.000000
0.352460	154.000000
0.352480	148.000000
0.352500	142.000000
0.352520	137.000000
0.352540	135.000000
0.352560	137.000000
0.352580	140.000000
0.352600	140.000000
0.352620	138.000000
0.352640	135.000000
0.352660	136.000000
0.352680	142.000000
0.352700	153.000000
0.352720	164.000000
0.352740	173.000000
0.352760	176.000000
0.352780	173.000000
0.352800	166.000000
0.352820	157.000000
0.352840	152.000000
0.352860	150.000000
0.352880	152.000000
0.352900	152.000000
0.352920	149.000000
0.352940	142.000000
0.352960	131.000000
0.352980	122.000000
0.353000	117.000000
0.353020	116.000000
0.353040	119.000000
0.353060	127.000000
0.353080	138.000000
0.353100	151.000000
0.353120	164.000000
0.353140	175.000000
0.353160	184.000000
0.353180	191.000000
0.353200	197.000000
0.353220	199.000000
0.353240	195.000000
0.353260	182.000000
0.353280	162.000000
0.353300	139.000000
0.353320	116.000000
0.353340	97.000000
0.353360	82.000000
0.353380	75.000000
0.353400	76.000000
0.353420	88.000000
0.353440	109.000000
0.353460	135.000000
0.353480	162.000000
0.353500	186.000000
0.353520	204.000000
0.353540	215.000000
0.353560	219.000000
0.353580	213.000000
0.353600	200.000000
0.353620	181.000000
0.353640	159.000000
0.353660	135.000000
0.353680	114.000000
0.353700	98.000000
0.353720	90.000000
0.353740	90.000000
0.353760	98.000000
0.353780	111.000000
0.353800	129.000000
0.353820	148.000000
0.353840	166.000000
0.353860	181.000000
0.353880	190.000000
0.353900	193.000000
0.353920	191.000000
0.353940	184.000000
0.353960	172.000000
0.353980	158.000000
0.354000	144.000000
0.354020	132.000000
0.354040	123.000000
0.354060	118.000000
0.354080	116.000000
0.354100	118.000000
0.354120	124.000000
0.354140	135.000000
0.354160	145.000000
0.354180	154.000000
0.354200	161.000000
0.354220	165.000000
0.354240	168.000000
0.354260	169.000000
0.354280	167.000000
0.354300	161.000000
0.354320	155.000000
0.354340	148.000000
0.354360	143.000000
0.354380	139.000000
0.354400	135.000000
0.354420	134.000000
0.354440	135.000000
0.354460	139.000000
0.354480	144.000000
0.354500	148.000000
0.354520	151.000000
0.354540	153.000000
0.354560	154.000000
0.354580	155.000000
0.354600	154.000000
0.354620	153.000000
0.354640	152.000000
0.354660	151.000000
0.354680	150.000000
0.354700	149.000000
0.354720	146.000000
0.354740	144.000000
0.354760	143.000000
0.354780	143.000000
0.354800	145.000000
0.354820	148.000000
0.354840	151.000000
0.354860	153.000000
0.354880	154.000000
0.354900	153.000000
0.354920	152.000000
0.354940	151.000000
0.354960	150.000000
0.354980	150.000000
0.355000	150.000000
0.355020	150.000000
0.355040	150.000000
0.355060	149.000000
0.355080	147.000000
0.355100	146.000000
0.355120	146.000000
0.355140	145.000000
0.355160	144.000000
0.355180	142.000000
0.355200	142.000000
0.355220	143.000000
0.355240	147.000000
0.355260	150.000000
0.355280	151.000000
0.355300	150.000000
0.355320	150.000000
0.355340	151.000000
0.355360	152.000000
0.355380	153.000000
0.355400	151.000000
0.355420	149.000000
0.355440	147.000000
0.355460	146.000000
0.355480	145.000000
0.355500	146.000000
0.355520	147.000000
0.355540	151.000000
0.355560	155.000000
0.355580	158.000000
0.355600	159.000000
0.355620	156.000000
0.355640	153.000000
0.355660	149.000000
0.355680	146.000000
0.355700	143.000000
0.355720	142.000000
0.355740	143.000000
0.355760	144.000000
0.355780	143.000000
0.355800	140.000000
0.355820	136.000000
0.355840	135.000000
0.355860	139.000000
0.355880	147.000000
0.355900	156.000000
0.355920	162.000000
0.355940	164.000000
0.355960	163.000000
0.355980	159.000000
0.356000	155.000000
0.356020	153.000000
0.356040	152.000000
0.356060	152.000000
0.356080	153.000000
0.356100	152.000000
0.356120	147.000000
0.356140	140.000000
0.356160	132.000000
0.356180	125.000000
0.356200	122.000000
0.356220	124.000000
0.356240	131.000000
0.356260	140.000000
0.356280	148.000000
0.356300	155.000000
0.356320	161.000000
0.356340	169.000000
0.356360	176.000000
0.356380	181.000000
0.356400	183.000000
0.356420	181.000000
0.356440	176.000000
0.356460	167.000000
0.356480	153.000000
0.356500	137.000000
0.356520	119.000000
0.356540	106.000000
0.356560	99.000000
0.356580	99.000000
0.356600	106.000000
0.356620	116.000000
0.356640	131.000000
0.356660	147.000000
0.356680	164.000000
0.356700	178.000000
0.356720	189.000000
0.356740	194.000000
0.356760	193.000000
0.356780	187.000000
0.356800	176.000000
0.356820	161.000000
0.356840	145.000000
0.356860	132.000000
0.356880	122.000000
0.356900	116.000000
0.356920	114.000000
0.356940	115.000000
0.356960	120.000000
0.356980	129.000000
0.357000	142.000000
0.357020	155.000000
0.357040	166.000000
0.357060	174.000000
0.357080	178.000000
0.357100	178.000000
0.357120	175.000000
0.357140	168.000000
0.357160	160.000000
0.357180	150.000000
0.357200	141.000000
0.357220	133.000000
0.357240	127.000000
0.357260	123.000000
0.357280	123.000000
0.357300	127.000000
0.357320	134.000000
0.357340	141.000000
0.357360	147.000000
0.357380	153.000000
0.357400	158.000000
0.357420	162.000000
0.357440	166.000000
0.357460	166.000000
0.357480	164.000000
0.357500	160.000000
0.357520	155.000000
0.357540	150.000000
0.357560	146.000000
0.357580	143.000000
0.357600	141.000000
0.357620	141.000000
0.357640	143.000000
0.357660	145.000000
0.357680	147.000000
0.357700	148.000000
0.357720	149.000000
0.357740	150.000000
0.357760	151.000000
0.357780	150.000000
0.357800	149.000000
0.357820	148.000000
0.357840	149.000000
0.357860	149.000000
0.357880	150.000000
0.357900	149.000000
0.357920	148.000000
0.357940	148.000000
0.357960	148.000000
0.357980	148.000000
0.358000	148.000000
0.358020	148.000000
0.358040	148.000000
0.358060	149.000000
0.358080	148.000000
0.358100	147.000000
0.358120	147.000000
0.358140	147.000000
0.358160	150.000000
0.358180	152.000000
0.358200	153.000000
0.358220	153.000000
0.358240	151.000000
0.358260	150.000000
0.358280	149.000000
0.358300	149.000000
0.358320	149.000000
0.358340	149.000000
0.358360	148.000000
0.358380	147.000000
0.358400	147.000000
0.358420	147.000000
0.358440	148.000000
0.358460	149.000000
0.358480	150.000000
0.358500	149.000000
0.358520	148.000000
0.358540	148.000000
0.358560	148.000000
0.358580	149.000000
0.358600	148.000000
0.358620	146.000000
0.358640	145.000000
0.358660	145.000000
0.358680	146.000000
0.358700	148.000000
0.358720	150.000000
0.358740	152.000000
0.358760	153.000000
0.358780	154.000000
0.358800	154.000000
0.358820	153.000000
0.358840	150.000000
0.358860	147.000000
0.358880	144.000000
0.358900	143.000000
0.358920	144.000000
0.358940	145.000000
0.358960	145.000000
0.358980	144.000000
0.359000	142.000000
0.359020	141.000000
0.359040	143.000000
0.359060	146.000000
0.359080	151.000000
0.359100	156.000000
0.359120	158.000000
0.359140	158.000000
0.359160	156.000000
0.359180	153.000000
0.359200	150.000000
0.359220	150.000000
0.359240	152.000000
0.359260	153.000000
0.359280	153.000000
0.359300	150.000000
0.359320	146.000000
0.359340	142.000000
0.359360	139.000000
0.359380	138.000000
0.359400	138.000000
0.359420	139.000000
0.359440	143.000000
0.359460	147.000000
0.359480	151.000000
0.359500	155.000000
0.359520	158.000000
0.359540	161.000000
0.359560	164.000000
0.359580	166.000000
0.359600	166.000000
0.359620	164.000000
0.359640	159.000000
0.359660	152.000000
0.359680	144.000000
0.359700	136.000000
0.359720	130.000000
0.359740	126.000000
0.359760	125.000000
0.359780	127.000000
0.359800	131.000000
0.359820	137.000000
0.359840	145.000000
0.359860	155.000000
0.359880	163.000000
0.359900	170.000000
0.359920	173.000000
0.359940	173.000000
0.359960	170.000000
0.359980	164.000000
0.360000	157.000000
0.360020	150.000000
0.360040	142.000000
0.360060	137.000000
0.360080	133.000000
0.360100	131.000000
0.360120	131.000000
0.360140	133.000000
0.360160	137.000000
0.360180	142.000000
0.360200	149.000000
0.360220	156.000000
0.360240	163.000000
0.360260	167.000000
0.360280	168.000000
0.360300	165.000000
0.360320	160.000000
0.360340	154.000000
0.360360	148.000000
0.360380	143.000000
0.360400	138.000000
0.360420	134.000000
0.360440	132.000000
0.360460	133.000000
0.360480	136.000000
0.360500	140.000000
0.360520	144.000000
0.360540	148.000000
0.360560	152.000000
0.360580	155.000000
0.360600	156.000000
0.360620	157.000000
0.360640	156.000000
0.360660	156.000000
0.360680	156.000000
0.360700	154.000000
0.360720	152.000000
0.360740	148.000000
0.360760	145.000000
0.360780	143.000000
0.360800	142.000000
0.360820	142.000000
0.360840	143.000000
0.360860	144.000000
0.360880	145.000000
0.360900	146.000000
0.360920	146.000000
0.360940	146.000000
0.360960	148.000000
0.360980	149.000000
0.361000	150.000000
0.361020	151.000000
0.361040	152.000000
0.361060	153.000000
0.361080	154.000000
0.361100	153.000000
0.361120	151.000000
0.361140	149.000000
0.361160	148.000000
0.361180	147.000000
0.361200	148.000000
0.361220	148.000000
0.361240	148.000000
0.361260	148.000000
0.361280	148.000000
0.361300	148.000000
0.361320	149.000000
0.361340	148.000000
0.361360	148.000000
0.361380	149.000000
0.361400	151.000000
0.361420	154.000000
0.361440	155.000000
0.361460	155.000000
0.361480	153.000000
0.361500	150.000000
0.361520	147.000000
0.361540	146.000000
0.361560	145.000000
0.361580	145.000000
0.361600	145.000000
0.361620	145.000000
0.361640	144.000000
0.361660	143.000000
0.361680	143.000000
0.361700	144.000000
0.361720	146.000000
0.361740	149.000000
0.361760	151.000000
0.361780	153.000000
0.361800	155.000000
0.361820	154.000000
0.361840	153.000000
0.361860	151.000000
0.361880	149.000000
0.361900	148.000000
0.361920	148.000000
0.361940	148.000000
0.361960	147.000000
0.361980	145.000000
0.362000	143.000000
0.362020	142.000000
0.362040	142.000000
0.362060	143.000000
0.362080	144.000000
0.362100	146.000000
0.362120	149.000000
0.362140	150.000000
0.362160	149.000000
0.362180	148.000000
0.362200	146.000000
0.362220	146.000000
0.362240	148.000000
0.362260	151.000000
0.362280	153.000000
0.362300	154.000000
0.362320	152.000000
0.362340	149.000000
0.362360	145.000000
0.362380	143.000000
0.362400	143.000000
0.362420	146.000000
0.362440	149.000000
0.362460	152.000000
0.362480	152.000000
0.362500	149.000000
0.362520	146.000000
0.362540	143.000000
0.362560	142.000000
0.362580	141.000000
0.362600	142.000000
0.362620	144.000000
0.362640	147.000000
0.362660	150.000000
0.362680	151.000000
0.362700	151.000000
0.362720	150.000000
0.362740	151.000000
0.362760	152.000000
0.362780	155.000000
0.362800	156.000000
0.362820	156.000000
0.362840	153.000000
0.362860	149.000000
0.362880	146.000000
0.362900	144.000000
0.362920	144.000000
0.362940	144.000000
0.362960	144.000000
0.362980	145.000000
0.363000	147.000000
0.363020	149.000000
0.363040	150.000000
0.363060	151.000000
0.363080	151.000000
0.363100	151.000000
0.363120	152.000000
0.363140	153.000000
0.363160	152.000000
0.363180	150.000000
0.363200	147.000000
0.363220	145.000000
0.363240	145.000000
0.363260	145.000000
0.363280	145.000000
0.363300	146.000000
0.363320	147.000000
0.363340	149.000000
0.363360	152.000000
0.363380	154.000000
0.363400	156.000000
0.363420	157.000000
0.363440	158.000000
0.363460	157.000000
0.363480	154.000000
0.363500	151.000000
0.363520	147.000000
0.363540	145.000000
0.363560	144.000000
0.363580	144.000000
0.363600	143.000000
0.363620	142.000000
0.363640	142.000000
0.363660	143.000000
0.363680	146.000000
0.363700	149.000000
0.363720	151.000000
0.363740	152.000000
0.363760	153.000000
0.363780	153.000000
0.363800	153.000000
0.363820	152.000000
0.363840	151.000000
0.363860	149.000000
0.363880	148.000000
0.363900	148.000000
0.363920	147.000000
0.363940	146.000000
0.363960	145.000000
0.363980	144.000000
0.364000	144.000000
0.364020	145.000000
0.364040	147.000000
0.364060	148.000000
0.364080	149.000000
0.364100	150.000000
0.364120	150.000000
0.364140	150.000000
0.364160	150.000000
0.364180	150.000000
0.364200	149.000000
0.364220	149.000000
0.364240	148.000000
0.364260	148.000000
0.364280	149.000000
0.364300	150.000000
0.364320	150.000000
0.364340	149.000000
0.364360	146.000000
0.364380	145.000000
0.364400	145.000000
0.364420	146.000000
0.364440	147.000000
0.364460	147.000000
0.364480	146.000000
0.364500	145.000000
0.364520	145.000000
0.364540	147.000000
0.364560	150.000000
0.364580	151.000000
0.364600	152.000000
0.364620	152.000000
0.364640	151.000000
0.364660	150.000000
0.364680	149.000000
0.364700	148.000000
0.364720	146.000000
0.364740	145.000000
0.364760	144.000000
0.364780	143.000000
0.364800	142.000000
0.364820	143.000000
0.364840	145.000000
0.364860	147.000000
0.364880	149.000000
0.364900	151.000000
0.364920	154.000000
0.364940	156.000000
0.364960	158.000000
0.364980	159.000000
0.365000	158.000000
0.365020	155.000000
0.365040	151.000000
0.365060	149.000000
0.365080	147.000000
0.365100	146.000000
0.365120	146.000000
0.365140	146.000000
0.365160	145.000000
0.365180	145.000000
0.365200	144.000000
0.365220	144.000000
0.365240	144.000000
0.365260	145.000000
0.365280	148.000000
0.365300	151.000000
0.365320	154.000000
0.365340	156.000000
0.365360	155.000000
0.365380	153.000000
0.365400	150.000000
0.365420	150.000000
0.365440	151.000000
0.365460	153.000000
0.365480	153.000000
0.365500	151.000000
0.365520	146.000000
0.365540	142.000000
0.365560	140.000000
0.365580	140.000000
0.365600	142.000000
0.365620	146.000000
0.365640	150.000000
0.365660	151.000000
0.365680	151.000000
0.365700	150.000000
0.365720	149.000000
0.365740	149.000000
0.365760	149.000000
0.365780	151.000000
0.365800	152.000000
0.365820	151.000000
0.365840	150.000000
0.365860	147.000000
0.365880	145.000000
0.365900	143.000000
0.365920	143.000000
0.365940	144.000000
0.365960	146.000000
0.365980	146.000000
0.366000	147.000000
0.366020	147.000000
0.366040	147.000000
0.366060	148.000000
0.366080	148.000000
0.366100	149.000000
0.366120	151.000000
0.366140	152.000000
0.366160	153.000000
0.366180	154.000000
0.366200	154.000000
0.366220	154.000000
0.366240	152.000000
0.366260	150.000000
0.366280	147.000000
0.366300	144.000000
0.366320	143.000000
0.366340	143.000000
0.366360	142.000000
0.366380	142.000000
0.366400	142.000000
0.366420	144.000000
0.366440	146.000000
0.366460	149.000000
0.366480	152.000000
0.366500	154.000000
0.366520	155.000000
0.366540	155.000000
0.366560	155.000000
0.366580	154.000000
0.366600	153.000000
0.366620	151.000000
0.366640	149.000000
0.366660	146.000000
0.366680	143.000000
0.366700	142.000000
0.366720	142.000000
0.366740	143.000000
0.366760	144.000000
0.366780	144.000000
0.366800	144.000000
0.366820	146.000000
0.366840	149.000000
0.366860	151.000000
0.366880	151.000000
0.366900	151.000000
0.366920	152.000000
0.366940	153.000000
0.366960	153.000000
0.366980	152.000000
0.367000	149.000000
0.367020	146.000000
0.367040	146.000000
0.367060	146.000000
0.367080	146.000000
0.367100	145.000000
0.367120	144.000000
0.367140	145.000000
0.367160	147.000000
0.367180	149.000000
0.367200	149.000000
0.367220	149.000000
0.367240	149.000000
0.367260	150.000000
0.367280	150.000000
0.367300	150.000000
0.367320	150.000000
0.367340	149.000000
0.367360	150.000000
0.367380	150.000000
0.367400	150.000000
0.367420	150.000000
0.367440	151.000000
0.367460	152.000000
0.367480	152.000000
0.367500	151.000000
0.367520	149.000000
0.367540	148.000000
0.367560	147.000000
0.367580	147.000000
0.367600	146.000000
0.367620	144.000000
0.367640	143.000000
0.367660	143.000000
0.367680	144.000000
0.367700	146.000000
0.367720	148.000000
0.367740	151.000000
0.367760	153.000000
0.367780	153.000000
0.367800	153.000000
0.367820	153.000000
0.367840	154.000000
0.367860	154.000000
0.367880	153.000000
0.367900	149.000000
0.367920	146.000000
0.367940	142.000000
0.367960	141.000000
0.367980	141.000000
0.368000	142.000000
0.368020	144.000000
0.368040	147.000000
0.368060	150.000000
0.368080	152.000000
0.368100	153.000000
0.368120	154.000000
0.368140	155.000000
0.368160	156.000000
0.368180	155.000000
0.368200	152.000000
0.368220	148.000000
0.368240	144.000000
0.368260	143.000000
0.368280	143.000000
0.368300	143.000000
0.368320	142.000000
0.368340	140.000000
0.368360	140.000000
0.368380	140.000000
0.368400	141.000000
0.368420	144.000000
0.368440	147.000000
0.368460	151.000000
0.368480	154.000000
0.368500	155.000000
0.368520	156.000000
0.368540	155.000000
0.368560	153.000000
0.368580	151.000000
0.368600	149.000000
0.368620	148.000000
0.368640	147.000000
0.368660	146.000000
0.368680	146.000000
0.368700	144.000000
0.368720	140.000000
0.368740	136.000000
0.368760	135.000000
0.368780	138.000000
0.368800	144.000000
0.368820	151.000000
0.368840	156.000000
0.368860	156.000000
0.368880	154.000000
0.368900	151.000000
0.368920	150.000000
0.368940	150.000000
0.368960	153.000000
0.368980	155.000000
0.369000	156.000000
0.369020	154.000000
0.369040	150.000000
0.369060	147.000000
0.369080	144.000000
0.369100	143.000000
0.369120	143.000000
0.369140	144.000000
0.369160	145.000000
0.369180	145.000000
0.369200	145.000000
0.369220	144.000000
0.369240	144.000000
0.369260	144.000000
0.369280	146.000000
0.369300	150.000000
0.369320	154.000000
0.369340	157.000000
0.369360	159.000000
0.369380	159.000000
0.369400	158.000000
0.369420	157.000000
0.369440	155.000000
0.369460	152.000000
0.369480	149.000000
0.369500	145.000000
0.369520	141.000000
0.369540	140.000000
0.369560	140.000000
0.369580	140.000000
0.369600	142.000000
0.369620	144.000000
0.369640	148.000000
0.369660	151.000000
0.369680	154.000000
0.369700	154.000000
0.369720	153.000000
0.369740	153.000000
0.369760	153.000000
0.369780	153.000000
0.369800	152.000000
0.369820	149.000000
0.369840	147.000000
0.369860	145.000000
0.369880	143.000000
0.369900	142.000000
0.369920	141.000000
0.369940	140.000000
0.369960	142.000000
0.369980	144.000000
0.370000	147.000000
0.370020	150.000000
0.370040	153.000000
0.370060	154.000000
0.370080	155.000000
0.370100	156.000000
0.370120	155.000000
0.370140	153.000000
0.370160	151.000000
0.370180	148.000000
0.370200	147.000000
0.370220	146.000000
0.370240	147.000000
0.370260	148.000000
0.370280	148.000000
0.370300	148.000000
0.370320	147.000000
0.370340	147.000000
0.370360	147.000000
0.370380	148.000000
0.370400	149.000000
0.370420	150.000000
0.370440	151.000000
0.370460	151.000000
0.370480	149.000000
0.370500	147.000000
0.370520	145.000000
0.370540	145.000000
0.370560	146.000000
0.370580	147.000000
0.370600	148.000000
0.370620	148.000000
0.370640	147.000000
0.370660	147.000000
0.370680	147.000000
0.370700	149.000000
0.370720	150.000000
0.370740	150.000000
0.370760	150.000000
0.370780	150.000000
0.370800	150.000000
0.370820	149.000000
0.370840	148.000000
0.370860	146.000000
0.370880	145.000000
0.370900	145.000000
0.370920	146.000000
0.370940	148.000000
0.370960	151.000000
0.370980	153.000000
0.371000	153.000000
0.371020	152.000000
0.371040	149.000000
0.371060	147.000000
0.371080	145.000000
0.371100	144.000000
0.371120	143.000000
0.371140	142.000000
0.371160	141.000000
0.371180	141.000000
0.371200	142.000000
0.371220	144.000000
0.371240	147.000000
0.371260	150.000000
0.371280	152.000000
0.371300	154.000000
0.371320	155.000000
0.371340	156.000000
0.371360	156.000000
0.371380	155.000000
0.371400	152.000000
0.371420	149.000000
0.371440	146.000000
0.371460	144.000000
0.371480	143.000000
0.371500	142.000000
0.371520	141.000000
0.371540	141.000000
0.371560	142.000000
0.371580	143.000000
0.371600	144.000000
0.371620	145.000000
0.371640	146.000000
0.371660	148.000000
0.371680	149.000000
0.371700	150.000000
0.371720	150.000000
0.371740	149.000000
0.371760	148.000000
0.371780	148.000000
0.371800	149.000000
0.371820	150.000000
0.371840	150.000000
0.371860	148.000000
0.371880	146.000000
0.371900	143.000000
0.371920	142.000000
0.371940	142.000000
0.371960	144.000000
0.371980	147.000000
0.372000	151.000000
0.372020	153.000000
0.372040	154.000000
0.372060	154.000000
0.372080	152.000000
0.372100	149.000000
0.372120	147.000000
0.372140	148.000000
0.372160	150.000000
0.372180	152.000000
0.372200	153.000000
0.372220	152.000000
0.372240	151.000000
0.372260	149.000000
0.372280	147.000000
0.372300	146.000000
0.372320	145.000000
0.372340	145.000000
0.372360	145.000000
0.372380	144.000000
0.372400	143.000000
0.372420	142.000000
0.372440	143.000000
0.372460	146.000000
0.372480	150.000000
0.372500	154.000000
0.372520	157.000000
0.372540	159.000000
0.372560	161.000000
0.372580	161.000000
0.372600	160.000000
0.372620	156.000000
0.372640	152.000000
0.372660	147.000000
0.372680	143.000000
0.372700	140.000000
0.372720	138.000000
0.372740	136.000000
0.372760	135.000000
0.372780	136.000000
0.372800	138.000000
0.372820	142.000000
0.372840	146.000000
0.372860	150.000000
0.372880	153.000000
0.372900	156.000000
0.372920	158.000000
0.372940	159.000000
0.372960	158.000000
0.372980	156.000000
0.373000	153.000000
0.373020	151.000000
0.373040	149.000000
0.373060	148.000000
0.373080	146.000000
0.373100	144.000000
0.373120	143.000000
0.373140	142.000000
0.373160	142.000000
0.373180	143.000000
0.373200	144.000000
0.373220	146.000000
0.373240	148.000000
0.373260	151.000000
0.373280	152.000000
0.373300	152.000000
0.373320	151.000000
0.373340	150.000000
0.373360	149.000000
0.373380	148.000000
0.373400	148.000000
0.373420	147.000000
0.373440	147.000000
0.373460	145.000000
0.373480	144.000000
0.373500	143.000000
0.373520	143.000000
0.373540	145.000000
0.373560	146.000000
0.373580	148.000000
0.373600	148.000000
0.373620	147.000000
0.373640	147.000000
0.373660	148.000000
0.373680	148.000000
0.373700	148.000000
0.373720	148.000000
0.373740	149.000000
0.373760	151.000000
0.373780	152.000000
0.373800	152.000000
0.373820	151.000000
0.373840	150.000000
0.373860	150.000000
0.373880	150.000000
0.373900	149.000000
0.373920	149.000000
0.373940	149.000000
0.373960	149.000000
0.373980	148.000000
0.374000	147.000000
0.374020	147.000000
0.374040	147.000000
0.374060	149.000000
0.374080	150.000000
0.374100	150.000000
0.374120	151.000000
0.374140	152.000000
0.374160	153.000000
0.374180	154.000000
0.374200	154.000000
0.374220	153.000000
0.374240	151.000000
0.374260	149.000000
0.374280	147.000000
0.374300	146.000000
0.374320	143.000000
0.374340	142.000000
0.374360	141.000000
0.374380	141.000000
0.374400	143.000000
0.374420	144.000000
0.374440	147.000000
0.374460	149.000000
0.374480	151.000000
0.374500	152.000000
0.374520	153.000000
0.374540	153.000000
0.374560	153.000000
0.374580	152.000000
0.374600	150.000000
0.374620	149.000000
0.374640	147.000000
0.374660	147.000000
0.374680	147.000000
0.374700	146.000000
0.374720	145.000000
0.374740	144.000000
0.374760	144.000000
0.374780	144.000000
0.374800	145.000000
0.374820	145.000000
0.374840	147.000000
0.374860	149.000000
0.374880	151.000000
0.374900	152.000000
0.374920	152.000000
0.374940	152.000000
0.374960	152.000000
0.374980	152.000000
0.375000	152.000000
0.375020	151.000000
0.375040	149.000000
0.375060	147.000000
0.375080	146.000000
0.375100	145.000000
0.375120	143.000000
0.375140	142.000000
0.375160	143.000000
0.375180	145.000000
0.375200	148.000000
0.375220	149.000000
0.375240	150.000000
0.375260	150.000000
0.375280	150.000000
0.375300	151.000000
0.375320	151.000000
0.375340	151.000000
0.375360	151.000000
0.375380	152.000000
0.375400	153.000000
0.375420	153.000000
0.375440	152.000000
0.375460	150.000000
0.375480	147.000000
0.375500	145.000000
0.375520	142.000000
0.375540	141.000000
0.375560	141.000000
0.375580	142.000000
0.375600	142.000000
0.375620	141.000000
0.375640	141.000000
0.375660	142.000000
0.375680	146.000000
0.375700	152.000000
0.375720	157.000000
0.375740	161.000000
0.375760	163.000000
0.375780	163.000000
0.375800	162.000000
0.375820	158.000000
0.375840	154.000000
0.375860	149.000000
0.375880	144.000000
0.375900	140.000000
0.375920	137.000000
0.375940	135.000000
0.375960	135.000000
0.375980	137.000000
0.376000	140.000000
0.376020	143.000000
0.376040	146.000000
0.376060	149.000000
0.376080	152.000000
0.376100	155.000000
0.376120	157.000000
0.376140	158.000000
0.376160	158.000000
0.376180	156.000000
0.376200	154.000000
0.376220	150.000000
0.376240	147.000000
0.376260	143.000000
0.376280	141.000000
0.376300	140.000000
0.376320	140.000000
0.376340	141.000000
0.376360	142.000000
0.376380	144.000000
0.376400	146.000000
0.376420	147.000000
0.376440	148.000000
0.376460	149.000000
0.376480	150.000000
0.376500	151.000000
0.376520	151.000000
0.376540	151.000000
0.376560	150.000000
0.376580	149.000000
0.376600	147.000000
0.376620	147.000000
0.376640	147.000000
0.376660	147.000000
0.376680	147.000000
0.376700	146.000000
0.376720	145.000000
0.376740	144.000000
0.376760	145.000000
0.376780	147.000000
0.376800	149.000000
0.376820	150.000000
0.376840	151.000000
0.376860	152.000000
0.376880	153.000000
0.376900	152.000000
0.376920	151.000000
0.376940	150.000000
0.376960	150.000000
0.376980	152.000000
0.377000	153.000000
0.377020	152.000000
0.377040	150.000000
0.377060	148.000000
0.377080	146.000000
0.377100	145.000000
0.377120	145.000000
0.377140	144.000000
0.377160	144.000000
0.377180	145.000000
0.377200	145.000000
0.377220	145.000000
0.377240	146.000000
0.377260	147.000000
0.377280	149.000000
0.377300	150.000000
0.377320	151.000000
0.377340	152.000000
0.377360	154.000000
0.377380	155.000000
0.377400	155.000000
0.377420	153.000000
0.377440	151.000000
0.377460	148.000000
0.377480	147.000000
0.377500	146.000000
0.377520	144.000000
0.377540	142.000000
0.377560	141.000000
0.377580	142.000000
0.377600	145.000000
0.377620	148.000000
0.377640	150.000000
0.377660	151.000000
0.377680	153.000000
0.377700	155.000000
0.377720	156.000000
0.377740	154.000000
0.377760	151.000000
0.377780	148.000000
0.377800	146.000000
0.377820	146.000000
0.377840	146.000000
0.377860	145.000000
0.377880	144.000000
0.377900	143.000000
0.377920	143.000000
0.377940	143.000000
0.377960	144.000000
0.377980	146.000000
0.378000	147.000000
0.378020	148.000000
0.378040	149.000000
0.378060	150.000000
0.378080	153.000000
0.378100	155.000000
0.378120	155.000000
0.378140	154.000000
0.378160	151.000000
0.378180	149.000000
0.378200	148.000000
0.378220	148.000000
0.378240	148.000000
0.378260	147.000000
0.378280	145.000000
0.378300	143.000000
0.378320	142.000000
0.378340	142.000000
0.378360	144.000000
0.378380	146.000000
0.378400	148.000000
0.378420	148.000000
0.378440	148.000000
0.378460	148.000000
0.378480	147.000000
0.378500	148.000000
0.378520	149.000000
0.378540	151.000000
0.378560	152.000000
0.378580	154.000000
0.378600	154.000000
0.378620	154.000000
0.378640	153.000000
0.378660	152.000000
0.378680	150.000000
0.378700	148.000000
0.378720	145.000000
0.378740	143.000000
0.378760	142.000000
0.378780	141.000000
0.378800	142.000000
0.378820	143.000000
0.378840	144.000000
0.378860	146.000000
0.378880	150.000000
0.378900	153.000000
0.378920	156.000000
0.378940	158.000000
0.378960	160.000000
0.378980	161.000000
0.379000	160.000000
0.379020	157.000000
0.379040	153.000000
0.379060	148.000000
0.379080	144.000000
0.379100	141.000000
0.379120	139.000000
0.379140	138.000000
0.379160	137.000000
0.379180	137.000000
0.379200	139.000000
0.379220	141.000000
0.379240	145.000000
0.379260	148.000000
0.379280	152.000000
0.379300	155.000000
0.379320	157.000000
0.379340	158.000000
0.379360	157.000000
0.379380	155.000000
0.379400	153.000000
0.379420	150.000000
0.379440	148.000000
0.379460	147.000000
0.379480	145.000000
0.379500	144.000000
0.379520	142.000000
0.379540	140.000000
0.379560	140.000000
0.379580	141.000000
0.379600	144.000000
0.379620	146.000000
0.379640	149.000000
0.379660	150.000000
0.379680	152.000000
0.379700	152.000000
0.379720	151.000000
0.379740	150.000000
0.379760	149.000000
0.379780	149.000000
0.379800	149.000000
0.379820	148.000000
0.379840	147.000000
0.379860	146.000000
0.379880	145.000000
0.379900	145.000000
0.379920	144.000000
0.379940	145.000000
0.379960	147.000000
0.379980	150.000000
0.380000	152.000000
0.380020	153.000000
0.380040	151.000000
0.380060	149.000000
0.380080	149.000000
0.380100	150.000000
0.380120	150.000000
0.380140	149.000000
0.380160	147.000000
0.380180	146.000000
0.380200	146.000000
0.380220	147.000000
0.380240	147.000000
0.380260	147.000000
0.380280	146.000000
0.380300	147.000000
0.380320	147.000000
0.380340	147.000000
0.380360	147.000000
0.380380	148.000000
0.380400	149.000000
0.380420	149.000000
0.380440	149.000000
0.380460	148.000000
0.380480	149.000000
0.380500	151.000000
0.380520	153.000000
0.380540	154.000000
0.380560	154.000000
0.380580	153.000000
0.380600	153.000000
0.380620	152.000000
0.380640	149.000000
0.380660	146.000000
0.380680	142.000000
0.380700	140.000000
0.380720	140.000000
0.380740	140.000000
0.380760	141.000000
0.380780	143.000000
0.380800	146.000000
0.380820	148.000000
0.380840	150.000000
0.380860	152.000000
0.380880	154.000000
0.380900	155.000000
0.380920	155.000000
0.380940	152.000000
0.380960	150.000000
0.380980	147.000000
0.381000	146.000000
0.381020	145.000000
0.381040	144.000000
0.381060	142.000000
0.381080	141.000000
0.381100	142.000000
0.381120	143.000000
0.381140	143.000000
0.381160	143.000000
0.381180	144.000000
0.381200	147.000000
0.381220	151.000000
0.381240	154.000000
0.381260	155.000000
0.381280	154.000000
0.381300	153.000000
0.381320	152.000000
0.381340	151.000000
0.381360	151.000000
0.381380	150.000000
0.381400	150.000000
0.381420	149.000000
0.381440	148.000000
0.381460	146.000000
0.381480	145.000000
0.381500	145.000000
0.381520	145.000000
0.381540	145.000000
0.381560	144.000000
0.381580	145.000000
0.381600	147.000000
0.381620	149.000000
0.381640	149.000000
0.381660	148.000000
0.381680	148.000000
0.381700	149.000000
0.381720	151.000000
0.381740	152.000000
0.381760	151.000000
0.381780	149.000000
0.381800	149.000000
0.381820	149.000000
0.381840	150.000000
0.381860	148.000000
0.381880	145.000000
0.381900	143.000000
0.381920	143.000000
0.381940	144.000000
0.381960	144.000000
0.381980	144.000000
0.382000	144.000000
0.382020	145.000000
0.382040	146.000000
0.382060	147.000000
0.382080	148.000000
0.382100	150.000000
0.382120	153.000000
0.382140	155.000000
0.382160	156.000000
0.382180	155.000000
0.382200	152.000000
0.382220	150.000000
0.382240	147.000000
0.382260	145.000000
0.382280	143.000000
0.382300	141.000000
0.382320	141.000000
0.382340	141.000000
0.382360	142.000000
0.382380	143.000000
0.382400	146.000000
0.382420	148.000000
0.382440	149.000000
0.382460	149.000000
0.382480	150.000000
0.382500	152.000000
0.382520	153.000000
0.382540	154.000000
0.382560	152.000000
0.382580	150.000000
0.382600	148.000000
0.382620	147.000000
0.382640	146.000000
0.382660	144.000000
0.382680	143.000000
0.382700	142.000000
0.382720	144.000000
0.382740	145.000000
0.382760	145.000000
0.382780	145.000000
0.382800	147.000000
0.382820	149.000000
0.382840	150.000000
0.382860	150.000000
0.382880	149.000000
0.382900	148.000000
0.382920	148.000000
0.382940	149.000000
0.382960	149.000000
0.382980	149.000000
0.383000	150.000000
0.383020	151.000000
0.383040	151.000000
0.383060	150.000000
0.383080	147.000000
0.383100	145.000000
0.383120	144.000000
0.383140	145.000000
0.383160	146.000000
0.383180	147.000000
0.383200	148.000000
0.383220	151.000000
0.383240	152.000000
0.383260	150.000000
0.383280	148.000000
0.383300	147.000000
0.383320	147.000000
0.383340	147.000000
0.383360	146.000000
0.383380	145.000000
0.383400	146.000000
0.383420	147.000000
0.383440	149.000000
0.383460	148.000000
0.383480	146.000000
0.383500	146.000000
0.383520	147.000000
0.383540	148.000000
0.383560	147.000000
0.383580	145.000000
0.383600	145.000000
0.383620	150.000000
0.383640	155.000000
0.383660	151.000000
0.383680	138.000000
