0.275000	102.000000
0.275020	58.000000
0.275040	119.000000
0.275060	165.000000
0.275080	170.000000
0.275100	148.000000
0.275120	133.000000
0.275140	140.000000
0.275160	154.000000
0.275180	156.000000
0.275200	147.000000
0.275220	139.000000
0.275240	142.000000
0.275260	151.000000
0.275280	153.000000
0.275300	147.000000
0.275320	141.000000
0.275340	144.000000
0.275360	150.000000
0.275380	152.000000
0.275400	147.000000
0.275420	143.000000
0.275440	145.000000
0.275460	150.000000
0.275480	151.000000
0.275500	147.000000
0.275520	143.000000
0.275540	144.000000
0.275560	149.000000
0.275580	150.000000
0.275600	147.000000
0.275620	144.000000
0.275640	145.000000
0.275660	149.000000
0.275680	150.000000
0.275700	147.000000
0.275720	145.000000
0.275740	145.000000
0.275760	148.000000
0.275780	149.000000
0.275800	147.000000
0.275820	145.000000
0.275840	146.000000
0.275860	148.000000
0.275880	149.000000
0.275900	147.000000
0.275920	145.000000
0.275940	146.000000
0.275960	148.000000
0.275980	149.000000
0.276000	147.000000
0.276020	145.000000
0.276040	146.000000
0.276060	148.000000
0.276080	149.000000
0.276100	147.000000
0.276120	145.000000
0.276140	146.000000
0.276160	148.000000
0.276180	148.000000
0.276200	147.000000
0.276220	146.000000
0.276240	147.000000
0.276260	149.000000
0.276280	150.000000
0.276300	148.000000
0.276320	146.000000
0.276340	145.000000
0.276360	147.000000
0.276380	147.000000
0.276400	147.000000
0.276420	146.000000
0.276440	146.000000
0.276460	148.000000
0.276480	148.000000
0.276500	147.000000
0.276520	146.000000
0.276540	146.000000
0.276560	148.000000
0.276580	148.000000
0.276600	147.000000
0.276620	146.000000
0.276640	146.000000
0.276660	148.000000
0.276680	148.000000
0.276700	147.000000
0.276720	146.000000
0.276740	146.000000
0.276760	148.000000
0.276780	148.000000
0.276800	147.000000
0.276820	146.000000
0.276840	146.000000
0.276860	147.000000
0.276880	148.000000
0.276900	147.000000
0.276920	146.000000
0.276940	146.000000
0.276960	148.000000
0.276980	148.000000
0.277000	147.000000
0.277020	146.000000
0.277040	147.000000
0.277060	148.000000
0.277080	148.000000
0.277100	147.000000
0.277120	146.000000
0.277140	146.000000
0.277160	147.000000
0.277180	148.000000
0.277200	147.000000
0.277220	146.000000
0.277240	146.000000
0.277260	147.000000
0.277280	148.000000
0.277300	147.000000
0.277320	146.000000
0.277340	146.000000
0.277360	147.000000
0.277380	148.000000
0.277400	147.000000
0.277420	147.000000
0.277440	147.000000
0.277460	148.000000
0.277480	148.000000
0.277500	148.000000
0.277520	147.000000
0.277540	147.000000
0.277560	148.000000
0.277580	148.000000
0.277600	147.000000
0.277620	146.000000
0.277640	146.000000
0.277660	147.000000
0.277680	148.000000
0.277700	147.000000
0.277720	146.000000
0.277740	147.000000
0.277760	147.000000
0.277780	148.000000
0.277800	147.000000
0.277820	146.000000
0.277840	147.000000
0.277860	147.000000
0.277880	148.000000
0.277900	147.000000
0.277920	146.000000
0.277940	147.000000
0.277960	147.000000
0.277980	148.000000
0.278000	147.000000
0.278020	146.000000
0.278040	147.000000
0.278060	147.000000
0.278080	148.000000
0.278100	147.000000
0.278120	146.000000
0.278140	147.000000
0.278160	148.000000
0.278180	148.000000
0.278200	148.000000
0.278220	146.000000
0.278240	146.000000
0.278260	147.000000
0.278280	148.000000
0.278300	148.000000
0.278320	148.000000
0.278340	147.000000
0.278360	148.000000
0.278380	148.000000
0.278400	147.000000
0.278420	146.000000
0.278440	147.000000
0.278460	147.000000
0.278480	148.000000
0.278500	147.000000
0.278520	147.000000
0.278540	147.000000
0.278560	147.000000
0.278580	147.000000
0.278600	147.000000
0.278620	147.000000
0.278640	147.000000
0.278660	148.000000
0.278680	148.000000
0.278700	148.000000
0.278720	147.000000
0.278740	147.000000
0.278760	147.000000
0.278780	147.000000
0.278800	147.000000
0.278820	147.000000
0.278840	147.000000
0.278860	148.000000
0.278880	148.000000
0.278900	147.000000
0.278920	146.000000
0.278940	147.000000
0.278960	147.000000
0.278980	147.000000
0.279000	147.000000
0.279020	147.000000
0.279040	147.000000
0.279060	147.000000
0.279080	147.000000
0.279100	147.000000
0.279120	146.000000
0.279140	146.000000
0.279160	147.000000
0.279180	148.000000
0.279200	148.000000
0.279220	147.000000
0.279240	146.000000
0.279260	147.000000
0.279280	147.000000
0.279300	147.000000
0.279320	147.000000
0.279340	147.000000
0.279360	147.000000
0.279380	147.000000
0.279400	146.000000
0.279420	144.000000
0.279440	142.000000
0.279460	141.000000
0.279480	141.000000
0.279500	142.000000
0.279520	145.000000
0.279540	151.000000
0.279560	159.000000
0.279580	166.000000
0.279600	170.000000
0.279620	169.000000
0.279640	164.000000
0.279660	155.000000
0.279680	145.000000
0.279700	138.000000
0.279720	134.000000
0.279740	133.000000
0.279760	133.000000
0.279780	130.000000
0.279800	124.000000
0.279820	116.000000
0.279840	113.000000
0.279860	119.000000
0.279880	134.000000
0.279900	154.000000
0.279920	173.000000
0.279940	185.000000
0.279960	188.000000
0.279980	182.000000
0.280000	172.000000
0.280020	163.000000
0.280040	159.000000
0.280060	160.000000
0.280080	161.000000
0.280100	159.000000
0.280120	150.000000
0.280140	135.000000
0.280160	117.000000
0.280180	100.000000
0.280200	90.000000
0.280220	88.000000
0.280240	95.000000
0.280260	107.000000
0.280280	122.000000
0.280300	138.000000
0.280320	155.000000
0.280340	172.000000
0.280360	191.000000
0.280380	209.000000
0.280400	223.000000
0.280420	230.000000
0.280440	227.000000
0.280460	214.000000
0.280480	190.000000
0.280500	157.000000
0.280520	121.000000
0.280540	87.000000
0.280560	60.000000
0.280580	43.000000
0.280600	36.000000
0.280620	41.000000
0.280640	59.000000
0.280660	88.000000
0.280680	124.000000
0.280700	161.000000
0.280720	195.000000
0.280740	220.000000
0.280760	234.000000
0.280780	238.000000
0.280800	232.000000
0.280820	218.000000
0.280840	196.000000
0.280860	168.000000
0.280880	136.000000
0.280900	106.000000
0.280920	83.000000
0.280940	69.000000
0.280960	66.000000
0.280980	71.000000
0.281000	85.000000
0.281020	106.000000
0.281040	130.000000
0.281060	155.000000
0.281080	176.000000
0.281100	192.000000
0.281120	200.000000
0.281140	203.000000
0.281160	198.000000
0.281180	188.000000
0.281200	173.000000
0.281220	157.000000
0.281240	141.000000
0.281260	128.000000
0.281280	117.000000
0.281300	111.000000
0.281320	110.000000
0.281340	114.000000
0.281360	121.000000
0.281380	131.000000
0.281400	140.000000
0.281420	150.000000
0.281440	158.000000
0.281460	165.000000
0.281480	168.000000
0.281500	169.000000
0.281520	166.000000
0.281540	162.000000
0.281560	156.000000
0.281580	151.000000
0.281600	145.000000
0.281620	140.000000
0.281640	137.000000
0.281660	136.000000
0.281680	136.000000
0.281700	137.000000
0.281720	139.000000
0.281740	142.000000
0.281760	145.000000
0.281780	148.000000
0.281800	151.000000
0.281820	153.000000
0.281840	154.000000
0.281860	154.000000
0.281880	154.000000
0.281900	152.000000
0.281920	150.000000
0.281940	148.000000
0.281960	146.000000
0.281980	145.000000
0.282000	144.000000
0.282020	143.000000
0.282040	143.000000
0.282060	143.000000
0.282080	144.000000
0.282100	145.000000
0.282120	146.000000
0.282140	147.000000
0.282160	148.000000
0.282180	149.000000
0.282200	149.000000
0.282220	149.000000
0.282240	149.000000
0.282260	149.000000
0.282280	149.000000
0.282300	148.000000
0.282320	147.000000
0.282340	147.000000
0.282360	147.000000
0.282380	147.000000
0.282400	147.000000
0.282420	147.000000
0.282440	146.000000
0.282460	146.000000
0.282480	146.000000
0.282500	146.000000
0.282520	147.000000
0.282540	147.000000
0.282560	147.000000
0.282580	148.000000
0.282600	148.000000
0.282620	149.000000
0.282640	150.000000
0.282660	150.000000
0.282680	149.000000
0.282700	148.000000
0.282720	147.000000
0.282740	145.000000
0.282760	143.000000
0.282780	142.000000
0.282800	141.000000
0.282820	142.000000
0.282840	144.000000
0.282860	147.000000
0.282880	150.000000
0.282900	151.000000
0.282920	151.000000
0.282940	151.000000
0.282960	151.000000
0.282980	153.000000
0.283000	155.000000
0.283020	156.000000
0.283040	156.000000
0.283060	153.000000
0.283080	148.000000
0.283100	143.000000
0.283120	139.000000
0.283140	137.000000
0.283160	137.000000
0.283180	139.000000
0.283200	142.000000
0.283220	144.000000
0.283240	144.000000
0.283260	143.000000
0.283280	142.000000
0.283300	143.000000
0.283320	146.000000
0.283340	151.000000
0.283360	156.000000
0.283380	161.000000
0.283400	163.000000
0.283420	162.000000
0.283440	160.000000
0.283460	157.000000
0.283480	153.000000
0.283500	148.000000
0.283520	143.000000
0.283540	138.000000
0.283560	132.000000
0.283580	127.000000
0.283600	124.000000
0.283620	122.000000
0.283640	125.000000
0.283660	130.000000
0.283680	138.000000
0.283700	148.000000
0.283720	157.000000
0.283740	166.000000
0.283760	172.000000
0.283780	176.000000
0.283800	176.000000
0.283820	173.000000
0.283840	166.000000
0.283860	158.000000
0.283880	148.000000
0.283900	138.000000
0.283920	129.000000
0.283940	123.000000
0.283960	120.000000
0.283980	120.000000
0.284000	124.000000
0.284020	130.000000
0.284040	138.000000
0.284060	147.000000
0.284080	155.000000
0.284100	161.000000
0.284120	166.000000
0.284140	168.000000
0.284160	168.000000
0.284180	165.000000
0.284200	160.000000
0.284220	154.000000
0.284240	148.000000
0.284260	142.000000
0.284280	137.000000
0.284300	134.000000
0.284320	133.000000
0.284340	133.000000
0.284360	135.000000
0.284380	138.000000
0.284400	142.000000
0.284420	147.000000
0.284440	151.000000
0.284460	154.000000
0.284480	156.000000
0.284500	156.000000
0.284520	156.000000
0.284540	155.000000
0.284560	153.000000
0.284580	150.000000
0.284600	147.000000
0.284620	145.000000
0.284640	143.000000
0.284660	142.000000
0.284680	142.000000
0.284700	142.000000
0.284720	142.000000
0.284740	144.000000
0.284760	146.000000
0.284780	147.000000
0.284800	148.000000
0.284820	149.000000
0.284840	150.000000
0.284860	151.000000
0.284880	151.000000
0.284900	150.000000
0.284920	149.000000
0.284940	148.000000
0.284960	147.000000
0.284980	146.000000
0.285000	146.000000
0.285020	145.000000
0.285040	145.000000
0.285060	145.000000
0.285080	145.000000
0.285100	145.000000
0.285120	146.000000
0.285140	146.000000
0.285160	147.000000
0.285180	147.000000
0.285200	147.000000
0.285220	148.000000
0.285240	149.000000
0.285260	149.000000
0.285280	149.000000
0.285300	148.000000
0.285320	147.000000
0.285340	147.000000
0.285360	147.000000
0.285380	147.000000
0.285400	147.000000
0.285420	146.000000
0.285440	146.000000
0.285460	147.000000
0.285480	147.000000
0.285500	147.000000
0.285520	147.000000
0.285540	146.000000
0.285560	146.000000
0.285580	146.000000
0.285600	147.000000
0.285620	147.000000
0.285640	147.000000
0.285660	148.000000
0.285680	148.000000
0.285700	148.000000
0.285720	148.000000
0.285740	148.000000
0.285760	148.000000
0.285780	147.000000
0.285800	147.000000
0.285820	147.000000
0.285840	147.000000
0.285860	148.000000
0.285880	149.000000
0.285900	148.000000
0.285920	146.000000
0.285940	145.000000
0.285960	144.000000
0.285980	144.000000
0.286000	144.000000
0.286020	145.000000
0.286040	146.000000
0.286060	148.000000
0.286080	150.000000
0.286100	150.000000
0.286120	149.000000
0.286140	149.000000
0.286160	149.000000
0.286180	150.000000
0.286200	151.000000
0.286220	152.000000
0.286240	151.000000
0.286260	149.000000
0.286280	146.000000
0.286300	143.000000
0.286320	141.000000
0.286340	140.000000
0.286360	142.000000
0.286380	144.000000
0.286400	146.000000
0.286420	146.000000
0.286440	145.000000
0.286460	145.000000
0.286480	145.000000
0.286500	146.000000
0.286520	148.000000
0.286540	151.000000
0.286560	154.000000
0.286580	156.000000
0.286600	156.000000
0.286620	156.000000
0.286640	154.000000
0.286660	152.000000
0.286680	149.000000
0.286700	146.000000
0.286720	143.000000
0.286740	140.000000
0.286760	138.000000
0.286780	135.000000
0.286800	134.000000
0.286820	134.000000
0.286840	136.000000
0.286860	140.000000
0.286880	145.000000
0.286900	151.000000
0.286920	156.000000
0.286940	160.000000
0.286960	163.000000
0.286980	164.000000
0.287000	163.000000
0.287020	160.000000
0.287040	156.000000
0.287060	150.000000
0.287080	144.000000
0.287100	139.000000
0.287120	134.000000
0.287140	132.000000
0.287160	131.000000
0.287180	132.000000
0.287200	135.000000
0.287220	139.000000
0.287240	144.000000
0.287260	149.000000
0.287280	153.000000
0.287300	156.000000
0.287320	158.000000
0.287340	159.000000
0.287360	158.000000
0.287380	156.000000
0.287400	153.000000
0.287420	149.000000
0.287440	145.000000
0.287460	142.000000
0.287480	140.000000
0.287500	139.000000
0.287520	139.000000
0.287540	139.000000
0.287560	141.000000
0.287580	143.000000
0.287600	146.000000
0.287620	148.000000
0.287640	150.000000
0.287660	152.000000
0.287680	152.000000
0.287700	152.000000
0.287720	152.000000
0.287740	151.000000
0.287760	150.000000
0.287780	148.000000
0.287800	146.000000
0.287820	145.000000
0.287840	144.000000
0.287860	144.000000
0.287880	145.000000
0.287900	145.000000
0.287920	145.000000
0.287940	145.000000
0.287960	146.000000
0.287980	147.000000
0.288000	148.000000
0.288020	148.000000
0.288040	149.000000
0.288060	149.000000
0.288080	149.000000
0.288100	148.000000
0.288120	148.000000
0.288140	148.000000
0.288160	148.000000
0.288180	148.000000
0.288200	147.000000
0.288220	147.000000
0.288240	146.000000
0.288260	147.000000
0.288280	147.000000
0.288300	147.000000
0.288320	146.000000
0.288340	146.000000
0.288360	147.000000
0.288380	147.000000
0.288400	147.000000
0.288420	148.000000
0.288440	148.000000
0.288460	148.000000
0.288480	148.000000
0.288500	148.000000
0.288520	148.000000
0.288540	148.000000
0.288560	147.000000
0.288580	147.000000
0.288600	147.000000
0.288620	147.000000
0.288640	146.000000
0.288660	146.000000
0.288680	146.000000
0.288700	146.000000
0.288720	147.000000
0.288740	147.000000
0.288760	147.000000
0.288780	147.000000
0.288800	147.000000
0.288820	147.000000
0.288840	147.000000
0.288860	148.000000
0.288880	148.000000
0.288900	148.000000
0.288920	148.000000
0.288940	147.000000
0.288960	147.000000
0.288980	147.000000
0.289000	147.000000
0.289020	147.000000
0.289040	147.000000
0.289060	147.000000
0.289080	147.000000
0.289100	147.000000
0.289120	146.000000
0.289140	146.000000
0.289160	146.000000
0.289180	145.000000
0.289200	145.000000
0.289220	146.000000
0.289240	147.000000
0.289260	148.000000
0.289280	149.000000
0.289300	149.000000
0.289320	148.000000
0.289340	148.000000
0.289360	149.000000
0.289380	150.000000
0.289400	150.000000
0.289420	150.000000
0.289440	149.000000
0.289460	148.000000
0.289480	146.000000
0.289500	144.000000
0.289520	143.000000
0.289540	143.000000
0.289560	144.000000
0.289580	145.000000
0.289600	146.000000
0.289620	146.000000
0.289640	146.000000
0.289660	145.000000
0.289680	145.000000
0.289700	146.000000
0.289720	148.000000
0.289740	150.000000
0.289760	152.000000
0.289780	153.000000
0.289800	153.000000
0.289820	152.000000
0.289840	151.000000
0.289860	150.000000
0.289880	148.000000
0.289900	146.000000
0.289920	144.000000
0.289940	142.000000
0.289960	140.000000
0.289980	139.000000
0.290000	138.000000
0.290020	138.000000
0.290040	140.000000
0.290060	143.000000
0.290080	146.000000
0.290100	150.000000
0.290120	153.000000
0.290140	156.000000
0.290160	158.000000
0.290180	158.000000
0.290200	157.000000
0.290220	155.000000
0.290240	152.000000
0.290260	149.000000
0.290280	145.000000
0.290300	142.000000
0.290320	139.000000
0.290340	138.000000
0.290360	138.000000
0.290380	139.000000
0.290400	141.000000
0.290420	143.000000
0.290440	146.000000
0.290460	149.000000
0.290480	152.000000
0.290500	154.000000
0.290520	155.000000
0.290540	155.000000
0.290560	154.000000
0.290580	152.000000
0.290600	150.000000
0.290620	148.000000
0.290640	146.000000
0.290660	144.000000
0.290680	143.000000
0.290700	142.000000
0.290720	142.000000
0.290740	143.000000
0.290760	144.000000
0.290780	145.000000
0.290800	147.000000
0.290820	148.000000
0.290840	149.000000
0.290860	150.000000
0.290880	150.000000
0.290900	150.000000
0.290920	150.000000
0.290940	149.000000
0.290960	149.000000
0.290980	148.000000
0.291000	147.000000
0.291020	146.000000
0.291040	145.000000
0.291060	145.000000
0.291080	144.000000
0.291100	145.000000
0.291120	145.000000
0.291140	146.000000
0.291160	147.000000
0.291180	148.000000
0.291200	148.000000
0.291220	149.000000
0.291240	149.000000
0.291260	149.000000
0.291280	148.000000
0.291300	148.000000
0.291320	148.000000
0.291340	148.000000
0.291360	147.000000
0.291380	147.000000
0.291400	146.000000
0.291420	146.000000
0.291440	146.000000
0.291460	146.000000
0.291480	146.000000
0.291500	146.000000
0.291520	146.000000
0.291540	147.000000
0.291560	147.000000
0.291580	147.000000
0.291600	148.000000
0.291620	148.000000
0.291640	148.000000
0.291660	148.000000
0.291680	148.000000
0.291700	148.000000
0.291720	148.000000
0.291740	148.000000
0.291760	148.000000
0.291780	147.000000
0.291800	146.000000
0.291820	146.000000
0.291840	146.000000
0.291860	146.000000
0.291880	146.000000
0.291900	146.000000
0.291920	146.000000
0.291940	146.000000
0.291960	147.000000
0.291980	147.000000
0.292000	147.000000
0.292020	147.000000
0.292040	148.000000
0.292060	148.000000
0.292080	148.000000
0.292100	147.000000
0.292120	147.000000
0.292140	146.000000
0.292160	147.000000
0.292180	147.000000
0.292200	147.000000
0.292220	147.000000
0.292240	147.000000
0.292260	147.000000
0.292280	147.000000
0.292300	148.000000
0.292320	147.000000
0.292340	147.000000
0.292360	146.000000
0.292380	146.000000
0.292400	147.000000
0.292420	147.000000
0.292440	148.000000
0.292460	148.000000
0.292480	148.000000
0.292500	148.000000
0.292520	148.000000
0.292540	148.000000
0.292560	148.000000
0.292580	148.000000
0.292600	149.000000
0.292620	149.000000
0.292640	148.000000
0.292660	147.000000
0.292680	146.000000
0.292700	145.000000
0.292720	145.000000
0.292740	145.000000
0.292760	146.000000
0.292780	146.000000
0.292800	146.000000
0.292820	146.000000
0.292840	146.000000
0.292860	146.000000
0.292880	146.000000
0.292900	147.000000
0.292920	148.000000
0.292940	149.000000
0.292960	150.000000
0.292980	151.000000
0.293000	150.000000
0.293020	150.000000
0.293040	149.000000
0.293060	149.000000
0.293080	148.000000
0.293100	146.000000
0.293120	145.000000
0.293140	144.000000
0.293160	143.000000
0.293180	142.000000
0.293200	142.000000
0.293220	142.000000
0.293240	143.000000
0.293260	145.000000
0.293280	148.000000
0.293300	150.000000
0.293320	152.000000
0.293340	153.000000
0.293360	154.000000
0.293380	154.000000
0.293400	153.000000
0.293420	152.000000
0.293440	150.000000
0.293460	148.000000
0.293480	145.000000
0.293500	143.000000
0.293520	142.000000
0.293540	141.000000
0.293560	142.000000
0.293580	143.000000
0.293600	144.000000
0.293620	145.000000
0.293640	146.000000
0.293660	148.000000
0.293680	150.000000
0.293700	151.000000
0.293720	152.000000
0.293740	152.000000
0.293760	151.000000
0.293780	150.000000
0.293800	148.000000
0.293820	147.000000
0.293840	146.000000
0.293860	145.000000
0.293880	144.000000
0.293900	144.000000
0.293920	144.000000
0.293940	144.000000
0.293960	145.000000
0.293980	146.000000
0.294000	147.000000
0.294020	148.000000
0.294040	149.000000
0.294060	149.000000
0.294080	150.000000
0.294100	149.000000
0.294120	149.000000
0.294140	148.000000
0.294160	148.000000
0.294180	147.000000
0.294200	147.000000
0.294220	146.000000
0.294240	146.000000
0.294260	145.000000
0.294280	145.000000
0.294300	146.000000
0.294320	146.000000
0.294340	147.000000
0.294360	147.000000
0.294380	148.000000
0.294400	148.000000
0.294420	148.000000
0.294440	148.000000
0.294460	148.000000
0.294480	148.000000
0.294500	148.000000
0.294520	147.000000
0.294540	147.000000
0.294560	147.000000
0.294580	147.000000
0.294600	147.000000
0.294620	146.000000
0.294640	146.000000
0.294660	146.000000
0.294680	147.000000
0.294700	147.000000
0.294720	147.000000
0.294740	146.000000
0.294760	147.000000
0.294780	147.000000
0.294800	148.000000
0.294820	148.000000
0.294840	148.000000
0.294860	148.000000
0.294880	148.000000
0.294900	148.000000
0.294920	148.000000
0.294940	148.000000
0.294960	147.000000
0.294980	147.000000
0.295000	146.000000
0.295020	146.000000
0.295040	146.000000
0.295060	146.000000
0.295080	146.000000
0.295100	146.000000
0.295120	146.000000
0.295140	147.000000
0.295160	147.000000
0.295180	148.000000
0.295200	148.000000
0.295220	148.000000
0.295240	148.000000
0.295260	149.000000
0.295280	148.000000
0.295300	148.000000
0.295320	147.000000
0.295340	147.000000
0.295360	147.000000
0.295380	147.000000
0.295400	147.000000
0.295420	147.000000
0.295440	147.000000
0.295460	147.000000
0.295480	147.000000
0.295500	147.000000
0.295520	147.000000
0.295540	147.000000
0.295560	146.000000
0.295580	147.000000
0.295600	147.000000
0.295620	148.000000
0.295640	148.000000
0.295660	148.000000
0.295680	148.000000
0.295700	148.000000
0.295720	148.000000
0.295740	148.000000
0.295760	148.000000
0.295780	148.000000
0.295800	148.000000
0.295820	148.000000
0.295840	148.000000
0.295860	147.000000
0.295880	146.000000
0.295900	146.000000
0.295920	146.000000
0.295940	147.000000
0.295960	147.000000
0.295980	147.000000
0.296000	146.000000
0.296020	146.000000
0.296040	146.000000
0.296060	146.000000
0.296080	146.000000
0.296100	147.000000
0.296120	148.000000
0.296140	148.000000
0.296160	149.000000
0.296180	149.000000
0.296200	148.000000
0.296220	148.000000
0.296240	148.000000
0.296260	148.000000
0.296280	147.000000
0.296300	147.000000
0.296320	146.000000
0.296340	146.000000
0.296360	145.000000
0.296380	144.000000
0.296400	144.000000
0.296420	145.000000
0.296440	146.000000
0.296460	146.000000
0.296480	147.000000
0.296500	148.000000
0.296520	149.000000
0.296540	150.000000
0.296560	151.000000
0.296580	151.000000
0.296600	150.000000
0.296620	149.000000
0.296640	148.000000
0.296660	147.000000
0.296680	146.000000
0.296700	145.000000
0.296720	144.000000
0.296740	144.000000
0.296760	144.000000
0.296780	145.000000
0.296800	146.000000
0.296820	146.000000
0.296840	147.000000
0.296860	148.000000
0.296880	149.000000
0.296900	149.000000
0.296920	149.000000
0.296940	150.000000
0.296960	150.000000
0.296980	149.000000
0.297000	148.000000
0.297020	148.000000
0.297040	147.000000
0.297060	147.000000
0.297080	146.000000
0.297100	146.000000
0.297120	145.000000
0.297140	145.000000
0.297160	146.000000
0.297180	147.000000
0.297200	148.000000
0.297220	148.000000
0.297240	148.000000
0.297260	148.000000
0.297280	148.000000
0.297300	148.000000
0.297320	147.000000
0.297340	147.000000
0.297360	147.000000
0.297380	147.000000
0.297400	147.000000
0.297420	147.000000
0.297440	146.000000
0.297460	146.000000
0.297480	146.000000
0.297500	146.000000
0.297520	146.000000
0.297540	147.000000
0.297560	147.000000
0.297580	148.000000
0.297600	148.000000
0.297620	148.000000
0.297640	148.000000
0.297660	148.000000
0.297680	148.000000
0.297700	148.000000
0.297720	148.000000
0.297740	148.000000
0.297760	148.000000
0.297780	147.000000
0.297800	147.000000
0.297820	147.000000
0.297840	147.000000
0.297860	147.000000
0.297880	147.000000
0.297900	147.000000
0.297920	147.000000
0.297940	147.000000
0.297960	147.000000
0.297980	148.000000
0.298000	148.000000
0.298020	148.000000
0.298040	148.000000
0.298060	148.000000
0.298080	148.000000
0.298100	148.000000
0.298120	148.000000
0.298140	148.000000
0.298160	147.000000
0.298180	147.000000
0.298200	146.000000
0.298220	146.000000
0.298240	146.000000
0.298260	146.000000
0.298280	146.000000
0.298300	146.000000
0.298320	146.000000
0.298340	147.000000
0.298360	147.000000
0.298380	148.000000
0.298400	148.000000
0.298420	148.000000
0.298440	148.000000
0.298460	148.000000
0.298480	148.000000
0.298500	147.000000
0.298520	147.000000
0.298540	147.000000
0.298560	147.000000
0.298580	147.000000
0.298600	147.000000
0.298620	147.000000
0.298640	147.000000
0.298660	147.000000
0.298680	147.000000
0.298700	147.000000
0.298720	147.000000
0.298740	147.000000
0.298760	147.000000
0.298780	147.000000
0.298800	147.000000
0.298820	147.000000
0.298840	147.000000
0.298860	147.000000
0.298880	147.000000
0.298900	147.000000
0.298920	147.000000
0.298940	147.000000
0.298960	147.000000
0.298980	147.000000
0.299000	147.000000
0.299020	147.000000
0.299040	146.000000
0.299060	146.000000
0.299080	146.000000
0.299100	146.000000
0.299120	146.000000
0.299140	146.000000
0.299160	146.000000
0.299180	147.000000
0.299200	147.000000
0.299220	147.000000
0.299240	146.000000
0.299260	146.000000
0.299280	147.000000
0.299300	148.000000
0.299320	148.000000
0.299340	149.000000
0.299360	149.000000
0.299380	148.000000
0.299400	148.000000
0.299420	148.000000
0.299440	148.000000
0.299460	148.000000
0.299480	148.000000
0.299500	147.000000
0.299520	146.000000
0.299540	146.000000
0.299560	145.000000
0.299580	145.000000
0.299600	145.000000
0.299620	145.000000
0.299640	146.000000
0.299660	146.000000
0.299680	147.000000
0.299700	148.000000
0.299720	148.000000
0.299740	149.000000
0.299760	150.000000
0.299780	150.000000
0.299800	150.000000
0.299820	149.000000
0.299840	148.000000
0.299860	147.000000
0.299880	146.000000
0.299900	146.000000
0.299920	145.000000
0.299940	144.000000
0.299960	144.000000
0.299980	145.000000
0.300000	146.000000
0.300020	147.000000
0.300040	148.000000
0.300060	148.000000
0.300080	149.000000
0.300100	149.000000
0.300120	149.000000
0.300140	148.000000
0.300160	147.000000
0.300180	147.000000
0.300200	147.000000
0.300220	147.000000
0.300240	147.000000
0.300260	147.000000
0.300280	146.000000
0.300300	146.000000
0.300320	146.000000
0.300340	146.000000
0.300360	146.000000
0.300380	147.000000
0.300400	147.000000
0.300420	148.000000
0.300440	148.000000
0.300460	148.000000
0.300480	148.000000
0.300500	148.000000
0.300520	148.000000
0.300540	148.000000
0.300560	147.000000
0.300580	147.000000
0.300600	146.000000
0.300620	146.000000
0.300640	147.000000
0.300660	147.000000
0.300680	147.000000
0.300700	147.000000
0.300720	147.000000
0.300740	147.000000
0.300760	148.000000
0.300780	148.000000
0.300800	148.000000
0.300820	148.000000
0.300840	148.000000
0.300860	148.000000
0.300880	148.000000
0.300900	148.000000
0.300920	147.000000
0.300940	147.000000
0.300960	147.000000
0.300980	147.000000
0.301000	147.000000
0.301020	146.000000
0.301040	146.000000
0.301060	146.000000
0.301080	146.000000
0.301100	146.000000
0.301120	146.000000
0.301140	146.000000
0.301160	146.000000
0.301180	147.000000
0.301200	147.000000
0.301220	147.000000
0.301240	148.000000
0.301260	148.000000
0.301280	148.000000
0.301300	148.000000
0.301320	148.000000
0.301340	148.000000
0.301360	147.000000
0.301380	147.000000
0.301400	147.000000
0.301420	147.000000
0.301440	146.000000
0.301460	146.000000
0.301480	146.000000
0.301500	146.000000
0.301520	146.000000
0.301540	147.000000
0.301560	147.000000
0.301580	147.000000
0.301600	148.000000
0.301620	148.000000
0.301640	148.000000
0.301660	148.000000
0.301680	148.000000
0.301700	148.000000
0.301720	148.000000
0.301740	147.000000
0.301760	147.000000
0.301780	146.000000
0.301800	147.000000
0.301820	147.000000
0.301840	147.000000
0.301860	147.000000
0.301880	146.000000
0.301900	147.000000
0.301920	147.000000
0.301940	147.000000
0.301960	147.000000
0.301980	147.000000
0.302000	147.000000
0.302020	147.000000
0.302040	148.000000
0.302060	148.000000
0.302080	148.000000
0.302100	148.000000
0.302120	148.000000
0.302140	148.000000
0.302160	148.000000
0.302180	148.000000
0.302200	148.000000
0.302220	147.000000
0.302240	147.000000
0.302260	147.000000
0.302280	147.000000
0.302300	147.000000
0.302320	147.000000
0.302340	147.000000
0.302360	147.000000
0.302380	147.000000
0.302400	146.000000
0.302420	146.000000
0.302440	146.000000
0.302460	146.000000
0.302480	147.000000
0.302500	147.000000
0.302520	147.000000
0.302540	148.000000
0.302560	148.000000
0.302580	148.000000
0.302600	148.000000
0.302620	148.000000
0.302640	148.000000
0.302660	148.000000
0.302680	147.000000
0.302700	147.000000
0.302720	147.000000
0.302740	146.000000
0.302760	146.000000
0.302780	146.000000
0.302800	146.000000
0.302820	146.000000
0.302840	146.000000
0.302860	146.000000
0.302880	147.000000
0.302900	147.000000
0.302920	148.000000
0.302940	149.000000
0.302960	149.000000
0.302980	149.000000
0.303000	148.000000
0.303020	148.000000
0.303040	148.000000
0.303060	148.000000
0.303080	147.000000
0.303100	146.000000
0.303120	146.000000
0.303140	146.000000
0.303160	146.000000
0.303180	146.000000
0.303200	146.000000
0.303220	146.000000
0.303240	147.000000
0.303260	147.000000
0.303280	147.000000
0.303300	147.000000
0.303320	147.000000
0.303340	147.000000
0.303360	147.000000
0.303380	147.000000
0.303400	147.000000
0.303420	147.000000
0.303440	147.000000
0.303460	147.000000
0.303480	147.000000
0.303500	147.000000
0.303520	147.000000
0.303540	147.000000
0.303560	147.000000
0.303580	147.000000
0.303600	147.000000
0.303620	147.000000
0.303640	147.000000
0.303660	147.000000
0.303680	147.000000
0.303700	147.000000
0.303720	147.000000
0.303740	147.000000
0.303760	147.000000
0.303780	147.000000
0.303800	147.000000
0.303820	147.000000
0.303840	147.000000
0.303860	147.000000
0.303880	147.000000
0.303900	147.000000
0.303920	147.000000
0.303940	147.000000
0.303960	147.000000
0.303980	147.000000
0.304000	147.000000
0.304020	147.000000
0.304040	148.000000
0.304060	148.000000
0.304080	148.000000
0.304100	148.000000
0.304120	148.000000
0.304140	147.000000
0.304160	147.000000
0.304180	147.000000
0.304200	147.000000
0.304220	147.000000
0.304240	147.000000
0.304260	147.000000
0.304280	146.000000
0.304300	146.000000
0.304320	146.000000
0.304340	146.000000
0.304360	147.000000
0.304380	147.000000
0.304400	148.000000
0.304420	148.000000
0.304440	148.000000
0.304460	148.000000
0.304480	148.000000
0.304500	147.000000
0.304520	147.000000
0.304540	147.000000
0.304560	147.000000
0.304580	147.000000
0.304600	147.000000
0.304620	147.000000
0.304640	146.000000
0.304660	146.000000
0.304680	146.000000
0.304700	146.000000
0.304720	146.000000
0.304740	147.000000
0.304760	147.000000
0.304780	147.000000
0.304800	147.000000
0.304820	148.000000
0.304840	148.000000
0.304860	148.000000
0.304880	147.000000
0.304900	147.000000
0.304920	147.000000
0.304940	147.000000
0.304960	146.000000
0.304980	146.000000
0.305000	146.000000
0.305020	146.000000
0.305040	146.000000
0.305060	147.000000
0.305080	147.000000
0.305100	147.000000
0.305120	147.000000
0.305140	147.000000
0.305160	147.000000
0.305180	147.000000
0.305200	147.000000
0.305220	148.000000
0.305240	148.000000
0.305260	147.000000
0.305280	147.000000
0.305300	147.000000
0.305320	146.000000
0.305340	147.000000
0.305360	147.000000
0.305380	147.000000
0.305400	147.000000
0.305420	147.000000
0.305440	147.000000
0.305460	147.000000
0.305480	147.000000
0.305500	147.000000
0.305520	148.000000
0.305540	148.000000
0.305560	148.000000
0.305580	147.000000
0.305600	147.000000
0.305620	147.000000
0.305640	147.000000
0.305660	147.000000
0.305680	147.000000
0.305700	148.000000
0.305720	148.000000
0.305740	148.000000
0.305760	148.000000
0.305780	147.000000
0.305800	147.000000
0.305820	147.000000
0.305840	147.000000
0.305860	147.000000
0.305880	147.000000
0.305900	147.000000
0.305920	147.000000
0.305940	147.000000
0.305960	147.000000
0.305980	146.000000
0.306000	146.000000
0.306020	146.000000
0.306040	146.000000
0.306060	147.000000
0.306080	147.000000
0.306100	147.000000
0.306120	147.000000
0.306140	147.000000
0.306160	148.000000
0.306180	148.000000
0.306200	148.000000
0.306220	148.000000
0.306240	147.000000
0.306260	147.000000
0.306280	146.000000
0.306300	146.000000
0.306320	147.000000
0.306340	147.000000
0.306360	147.000000
0.306380	147.000000
0.306400	146.000000
0.306420	146.000000
0.306440	146.000000
0.306460	146.000000
0.306480	146.000000
0.306500	147.000000
0.306520	147.000000
0.306540	147.000000
0.306560	147.000000
0.306580	147.000000
0.306600	147.000000
0.306620	147.000000
0.306640	147.000000
0.306660	147.000000
0.306680	147.000000
0.306700	146.000000
0.306720	146.000000
0.306740	147.000000
0.306760	147.000000
0.306780	147.000000
0.306800	147.000000
0.306820	147.000000
0.306840	147.000000
0.306860	147.000000
0.306880	147.000000
0.306900	147.000000
0.306920	147.000000
0.306940	147.000000
0.306960	147.000000
0.306980	147.000000
0.307000	147.000000
0.307020	146.000000
0.307040	146.000000
0.307060	146.000000
0.307080	147.000000
0.307100	147.000000
0.307120	146.000000
0.307140	146.000000
0.307160	146.000000
0.307180	146.000000
0.307200	147.000000
0.307220	147.000000
0.307240	148.000000
0.307260	148.000000
0.307280	148.000000
0.307300	148.000000
0.307320	148.000000
0.307340	147.000000
0.307360	147.000000
0.307380	147.000000
0.307400	147.000000
0.307420	147.000000
0.307440	147.000000
0.307460	147.000000
0.307480	147.000000
0.307500	147.000000
0.307520	147.000000
0.307540	146.000000
0.307560	147.000000
0.307580	147.000000
0.307600	148.000000
0.307620	148.000000
0.307640	148.000000
0.307660	148.000000
0.307680	148.000000
0.307700	148.000000
0.307720	147.000000
0.307740	147.000000
0.307760	147.000000
0.307780	147.000000
0.307800	146.000000
0.307820	146.000000
0.307840	146.000000
0.307860	146.000000
0.307880	146.000000
0.307900	147.000000
0.307920	147.000000
0.307940	147.000000
0.307960	148.000000
0.307980	148.000000
0.308000	149.000000
0.308020	149.000000
0.308040	148.000000
0.308060	148.000000
0.308080	148.000000
0.308100	147.000000
0.308120	147.000000
0.308140	147.000000
0.308160	147.000000
0.308180	147.000000
0.308200	146.000000
0.308220	146.000000
0.308240	146.000000
0.308260	146.000000
0.308280	147.000000
0.308300	147.000000
0.308320	147.000000
0.308340	147.000000
0.308360	147.000000
0.308380	147.000000
0.308400	147.000000
0.308420	147.000000
0.308440	147.000000
0.308460	147.000000
0.308480	147.000000
0.308500	147.000000
0.308520	147.000000
0.308540	147.000000
0.308560	147.000000
0.308580	147.000000
0.308600	148.000000
0.308620	148.000000
0.308640	148.000000
0.308660	148.000000
0.308680	147.000000
0.308700	147.000000
0.308720	148.000000
0.308740	148.000000
0.308760	148.000000
0.308780	148.000000
0.308800	147.000000
0.308820	147.000000
0.308840	147.000000
0.308860	147.000000
0.308880	147.000000
0.308900	147.000000
0.308920	147.000000
0.308940	148.000000
0.308960	148.000000
0.308980	148.000000
0.309000	147.000000
0.309020	147.000000
0.309040	147.000000
0.309060	148.000000
0.309080	148.000000
0.309100	148.000000
0.309120	147.000000
0.309140	147.000000
0.309160	146.000000
0.309180	146.000000
0.309200	146.000000
0.309220	146.000000
0.309240	147.000000
0.309260	147.000000
0.309280	147.000000
0.309300	147.000000
0.309320	147.000000
0.309340	147.000000
0.309360	148.000000
0.309380	148.000000
0.309400	148.000000
0.309420	148.000000
0.309440	148.000000
0.309460	148.000000
0.309480	147.000000
0.309500	147.000000
0.309520	147.000000
0.309540	147.000000
0.309560	147.000000
0.309580	147.000000
0.309600	147.000000
0.309620	147.000000
0.309640	147.000000
0.309660	147.000000
0.309680	147.000000
0.309700	147.000000
0.309720	148.000000
0.309740	148.000000
0.309760	148.000000
0.309780	148.000000
0.309800	148.000000
0.309820	148.000000
0.309840	148.000000
0.309860	147.000000
0.309880	147.000000
0.309900	147.000000
0.309920	147.000000
0.309940	147.000000
0.309960	147.000000
0.309980	147.000000
0.310000	147.000000
0.310020	147.000000
0.310040	147.000000
0.310060	147.000000
0.310080	148.000000
0.310100	148.000000
0.310120	148.000000
0.310140	148.000000
0.310160	148.000000
0.310180	148.000000
0.310200	147.000000
0.310220	147.000000
0.310240	147.000000
0.310260	147.000000
0.310280	147.000000
0.310300	147.000000
0.310320	147.000000
0.310340	147.000000
0.310360	147.000000
0.310380	147.000000
0.310400	147.000000
0.310420	146.000000
0.310440	146.000000
0.310460	147.000000
0.310480	147.000000
0.310500	147.000000
0.310520	147.000000
0.310540	147.000000
0.310560	147.000000
0.310580	147.000000
0.310600	147.000000
0.310620	147.000000
0.310640	147.000000
0.310660	146.000000
0.310680	146.000000
0.310700	146.000000
0.310720	146.000000
0.310740	147.000000
0.310760	147.000000
0.310780	147.000000
0.310800	148.000000
0.310820	148.000000
0.310840	148.000000
0.310860	148.000000
0.310880	148.000000
0.310900	148.000000
0.310920	148.000000
0.310940	148.000000
0.310960	147.000000
0.310980	147.000000
0.311000	147.000000
0.311020	147.000000
0.311040	147.000000
0.311060	147.000000
0.311080	147.000000
0.311100	147.000000
0.311120	147.000000
0.311140	147.000000
0.311160	147.000000
0.311180	147.000000
0.311200	148.000000
0.311220	148.000000
0.311240	148.000000
0.311260	147.000000
0.311280	147.000000
0.311300	147.000000
0.311320	147.000000
0.311340	147.000000
0.311360	147.000000
0.311380	147.000000
0.311400	147.000000
0.311420	147.000000
0.311440	147.000000
0.311460	147.000000
0.311480	147.000000
0.311500	146.000000
0.311520	147.000000
0.311540	147.000000
0.311560	147.000000
0.311580	147.000000
0.311600	147.000000
0.311620	148.000000
0.311640	148.000000
0.311660	147.000000
0.311680	147.000000
0.311700	146.000000
0.311720	146.000000
0.311740	147.000000
0.311760	147.000000
0.311780	147.000000
0.311800	147.000000
0.311820	147.000000
0.311840	147.000000
0.311860	147.000000
0.311880	147.000000
0.311900	147.000000
0.311920	147.000000
0.311940	147.000000
0.311960	147.000000
0.311980	147.000000
0.312000	147.000000
0.312020	147.000000
0.312040	147.000000
0.312060	147.000000
0.312080	147.000000
0.312100	147.000000
0.312120	147.000000
0.312140	147.000000
0.312160	147.000000
0.312180	147.000000
0.312200	147.000000
0.312220	147.000000
0.312240	148.000000
0.312260	148.000000
0.312280	147.000000
0.312300	147.000000
0.312320	147.000000
0.312340	147.000000
0.312360	147.000000
0.312380	146.000000
0.312400	146.000000
0.312420	146.000000
0.312440	146.000000
0.312460	146.000000
0.312480	146.000000
0.312500	147.000000
0.312520	147.000000
0.312540	147.000000
0.312560	147.000000
0.312580	147.000000
0.312600	147.000000
0.312620	148.000000
0.312640	148.000000
0.312660	148.000000
0.312680	147.000000
0.312700	146.000000
0.312720	146.000000
0.312740	146.000000
0.312760	146.000000
0.312780	147.000000
0.312800	147.000000
0.312820	147.000000
0.312840	147.000000
0.312860	147.000000
0.312880	147.000000
0.312900	147.000000
0.312920	147.000000
0.312940	147.000000
0.312960	147.000000
0.312980	147.000000
0.313000	148.000000
0.313020	148.000000
0.313040	148.000000
0.313060	147.000000
0.313080	147.000000
0.313100	147.000000
0.313120	147.000000
0.313140	147.000000
0.313160	147.000000
0.313180	147.000000
0.313200	147.000000
0.313220	147.000000
0.313240	147.000000
0.313260	147.000000
0.313280	147.000000
0.313300	148.000000
0.313320	148.000000
0.313340	148.000000
0.313360	148.000000
0.313380	148.000000
0.313400	148.000000
0.313420	147.000000
0.313440	147.000000
0.313460	147.000000
0.313480	147.000000
0.313500	147.000000
0.313520	147.000000
0.313540	147.000000
0.313560	147.000000
0.313580	146.000000
0.313600	146.000000
0.313620	146.000000
0.313640	147.000000
0.313660	147.000000
0.313680	147.000000
0.313700	147.000000
0.313720	147.000000
0.313740	147.000000
0.313760	147.000000
0.313780	147.000000
0.313800	147.000000
0.313820	147.000000
0.313840	147.000000
0.313860	147.000000
0.313880	147.000000
0.313900	147.000000
0.313920	147.000000
0.313940	147.000000
0.313960	147.000000
0.313980	147.000000
0.314000	148.000000
0.314020	148.000000
0.314040	148.000000
0.314060	148.000000
0.314080	148.000000
0.314100	148.000000
0.314120	148.000000
0.314140	148.000000
0.314160	147.000000
0.314180	146.000000
0.314200	146.000000
0.314220	146.000000
0.314240	147.000000
0.314260	147.000000
0.314280	147.000000
0.314300	147.000000
0.314320	147.000000
0.314340	147.000000
0.314360	147.000000
0.314380	147.000000
0.314400	147.000000
0.314420	147.000000
0.314440	147.000000
0.314460	147.000000
0.314480	147.000000
0.314500	147.000000
0.314520	148.000000
0.314540	148.000000
0.314560	147.000000
0.314580	146.000000
0.314600	146.000000
0.314620	147.000000
0.314640	147.000000
0.314660	146.000000
0.314680	146.000000
0.314700	146.000000
0.314720	148.000000
0.314740	148.000000
0.314760	147.000000
0.314780	146.000000
0.314800	146.000000
0.314820	148.000000
0.314840	148.000000
0.314860	147.000000
0.314880	145.000000
0.314900	146.000000
0.314920	149.000000
0.314940	151.000000
0.314960	147.000000
0.314980	135.000000
