0.343700	102.000000
0.343720	58.000000
0.343740	120.000000
0.343760	166.000000
0.343780	171.000000
0.343800	148.000000
0.343820	134.000000
0.343840	141.000000
0.343860	156.000000
0.343880	159.000000
0.343900	149.000000
0.343920	141.000000
0.343940	144.000000
0.343960	152.000000
0.343980	154.000000
0.344000	148.000000
0.344020	141.000000
0.344040	143.000000
0.344060	150.000000
0.344080	152.000000
0.344100	148.000000
0.344120	144.000000
0.344140	145.000000
0.344160	151.000000
0.344180	153.000000
0.344200	151.000000
0.344220	148.000000
0.344240	149.000000
0.344260	152.000000
0.344280	153.000000
0.344300	150.000000
0.344320	147.000000
0.344340	148.000000
0.344360	150.000000
0.344380	150.000000
0.344400	146.000000
0.344420	142.000000
0.344440	143.000000
0.344460	146.000000
0.344480	147.000000
0.344500	146.000000
0.344520	145.000000
0.344540	147.000000
0.344560	150.000000
0.344580	151.000000
0.344600	149.000000
0.344620	147.000000
0.344640	148.000000
0.344660	151.000000
0.344680	152.000000
0.344700	149.000000
0.344720	147.000000
0.344740	147.000000
0.344760	149.000000
0.344780	150.000000
0.344800	149.000000
0.344820	147.000000
0.344840	147.000000
0.344860	148.000000
0.344880	148.000000
0.344900	146.000000
0.344920	146.000000
0.344940	148.000000
0.344960	150.000000
0.344980	151.000000
0.345000	149.000000
0.345020	147.000000
0.345040	147.000000
0.345060	149.000000
0.345080	149.000000
0.345100	148.000000
0.345120	147.000000
0.345140	147.000000
0.345160	148.000000
0.345180	149.000000
0.345200	147.000000
0.345220	146.000000
0.345240	147.000000
0.345260	149.000000
0.345280	150.000000
0.345300	150.000000
0.345320	149.000000
0.345340	149.000000
0.345360	149.000000
0.345380	149.000000
0.345400	147.000000
0.345420	146.000000
0.345440	146.000000
0.345460	148.000000
0.345480	148.000000
0.345500	148.000000
0.345520	147.000000
0.345540	148.000000
0.345560	150.000000
0.345580	151.000000
0.345600	150.000000
0.345620	149.000000
0.345640	149.000000
0.345660	150.000000
0.345680	150.000000
0.345700	149.000000
0.345720	149.000000
0.345740	150.000000
0.345760	151.000000
0.345780	150.000000
0.345800	148.000000
0.345820	147.000000
0.345840	148.000000
0.345860	149.000000
0.345880	148.000000
0.345900	147.000000
0.345920	146.000000
0.345940	147.000000
0.345960	149.000000
0.345980	150.000000
0.346000	149.000000
0.346020	148.000000
0.346040	149.000000
0.346060	149.000000
0.346080	150.000000
0.346100	149.000000
0.346120	149.000000
0.346140	149.000000
0.346160	149.000000
0.346180	148.000000
0.346200	147.000000
0.346220	146.000000
0.346240	147.000000
0.346260	149.000000
0.346280	148.000000
0.346300	146.000000
0.346320	145.000000
0.346340	146.000000
0.346360	148.000000
0.346380	149.000000
0.346400	149.000000
0.346420	148.000000
0.346440	148.000000
0.346460	149.000000
0.346480	150.000000
0.346500	149.000000
0.346520	148.000000
0.346540	148.000000
0.346560	149.000000
0.346580	149.000000
0.346600	148.000000
0.346620	147.000000
0.346640	147.000000
0.346660	147.000000
0.346680	148.000000
0.346700	148.000000
0.346720	148.000000
0.346740	148.000000
0.346760	149.000000
0.346780	149.000000
0.346800	149.000000
0.346820	148.000000
0.346840	149.000000
0.346860	150.000000
0.346880	150.000000
0.346900	150.000000
0.346920	149.000000
0.346940	148.000000
0.346960	148.000000
0.346980	148.000000
0.347000	148.000000
0.347020	147.000000
0.347040	148.000000
0.347060	149.000000
0.347080	150.000000
0.347100	150.000000
0.347120	149.000000
0.347140	148.000000
0.347160	147.000000
0.347180	147.000000
0.347200	147.000000
0.347220	147.000000
0.347240	147.000000
0.347260	147.000000
0.347280	148.000000
0.347300	148.000000
0.347320	148.000000
0.347340	147.000000
0.347360	147.000000
0.347380	148.000000
0.347400	148.000000
0.347420	149.000000
0.347440	150.000000
0.347460	151.000000
0.347480	151.000000
0.347500	150.000000
0.347520	150.000000
0.347540	151.000000
0.347560	151.000000
0.347580	151.000000
0.347600	149.000000
0.347620	147.000000
0.347640	147.000000
0.347660	147.000000
0.347680	148.000000
0.347700	147.000000
0.347720	147.000000
0.347740	146.000000
0.347760	147.000000
0.347780	147.000000
0.347800	147.000000
0.347820	148.000000
0.347840	150.000000
0.347860	151.000000
0.347880	152.000000
0.347900	151.000000
0.347920	150.000000
0.347940	149.000000
0.347960	149.000000
0.347980	149.000000
0.348000	147.000000
0.348020	146.000000
0.348040	146.000000
0.348060	146.000000
0.348080	147.000000
0.348100	147.000000
0.348120	146.000000
0.348140	146.000000
0.348160	146.000000
0.348180	146.000000
0.348200	147.000000
0.348220	147.000000
0.348240	148.000000
0.348260	148.000000
0.348280	147.000000
0.348300	146.000000
0.348320	146.000000
0.348340	147.000000
0.348360	148.000000
0.348380	149.000000
0.348400	148.000000
0.348420	148.000000
0.348440	148.000000
0.348460	148.000000
0.348480	148.000000
0.348500	148.000000
0.348520	148.000000
0.348540	148.000000
0.348560	148.000000
0.348580	148.000000
0.348600	148.000000
0.348620	148.000000
0.348640	149.000000
0.348660	149.000000
0.348680	148.000000
0.348700	147.000000
0.348720	147.000000
0.348740	148.000000
0.348760	149.000000
0.348780	149.000000
0.348800	149.000000
0.348820	148.000000
0.348840	149.000000
0.348860	149.000000
0.348880	149.000000
0.348900	148.000000
0.348920	147.000000
0.348940	148.000000
0.348960	149.000000
0.348980	149.000000
0.349000	148.000000
0.349020	146.000000
0.349040	146.000000
0.349060	147.000000
0.349080	148.000000
0.349100	147.000000
0.349120	147.000000
0.349140	148.000000
0.349160	149.000000
0.349180	150.000000
0.349200	151.000000
0.349220	150.000000
0.349240	150.000000
0.349260	149.000000
0.349280	149.000000
0.349300	149.000000
0.349320	148.000000
0.349340	148.000000
0.349360	148.000000
0.349380	148.000000
0.349400	148.000000
0.349420	147.000000
0.349440	147.000000
0.349460	147.000000
0.349480	146.000000
0.349500	146.000000
0.349520	146.000000
0.349540	147.000000
0.349560	149.000000
0.349580	150.000000
0.349600	149.000000
0.349620	148.000000
0.349640	147.000000
0.349660	146.000000
0.349680	146.000000
0.349700	145.000000
0.349720	145.000000
0.349740	145.000000
0.349760	146.000000
0.349780	149.000000
0.349800	154.000000
0.349820	161.000000
0.349840	166.000000
0.349860	169.000000
0.349880	167.000000
0.349900	159.000000
0.349920	149.000000
0.349940	141.000000
0.349960	136.000000
0.349980	135.000000
0.350000	136.000000
0.350020	136.000000
0.350040	133.000000
0.350060	128.000000
0.350080	122.000000
0.350100	120.000000
0.350120	126.000000
0.350140	140.000000
0.350160	159.000000
0.350180	176.000000
0.350200	184.000000
0.350220	183.000000
0.350240	176.000000
0.350260	167.000000
0.350280	162.000000
0.350300	161.000000
0.350320	163.000000
0.350340	165.000000
0.350360	160.000000
0.350380	148.000000
0.350400	131.000000
0.350420	112.000000
0.350440	98.000000
0.350460	91.000000
0.350480	93.000000
0.350500	102.000000
0.350520	115.000000
0.350540	131.000000
0.350560	147.000000
0.350580	164.000000
0.350600	181.000000
0.350620	198.000000
0.350640	213.000000
0.350660	223.000000
0.350680	225.000000
0.350700	217.000000
0.350720	199.000000
0.350740	173.000000
0.350760	142.000000
0.350780	110.000000
0.350800	81.000000
0.350820	60.000000
0.350840	50.000000
0.350860	51.000000
0.350880	63.000000
0.350900	85.000000
0.350920	115.000000
0.350940	150.000000
0.350960	182.000000
0.350980	208.000000
0.351000	224.000000
0.351020	231.000000
0.351040	230.000000
0.351060	221.000000
0.351080	203.000000
0.351100	178.000000
0.351120	150.000000
0.351140	124.000000
0.351160	103.000000
0.351180	88.000000
0.351200	80.000000
0.351220	80.000000
0.351240	89.000000
0.351260	105.000000
0.351280	125.000000
0.351300	144.000000
0.351320	162.000000
0.351340	176.000000
0.351360	186.000000
0.351380	191.000000
0.351400	190.000000
0.351420	183.000000
0.351440	173.000000
0.351460	161.000000
0.351480	148.000000
0.351500	137.000000
0.351520	127.000000
0.351540	121.000000
0.351560	119.000000
0.351580	120.000000
0.351600	124.000000
0.351620	131.000000
0.351640	139.000000
0.351660	148.000000
0.351680	155.000000
0.351700	161.000000
0.351720	164.000000
0.351740	166.000000
0.351760	166.000000
0.351780	164.000000
0.351800	160.000000
0.351820	155.000000
0.351840	150.000000
0.351860	146.000000
0.351880	143.000000
0.351900	141.000000
0.351920	140.000000
0.351940	141.000000
0.351960	142.000000
0.351980	144.000000
0.352000	147.000000
0.352020	148.000000
0.352040	150.000000
0.352060	151.000000
0.352080	152.000000
0.352100	154.000000
0.352120	154.000000
0.352140	153.000000
0.352160	151.000000
0.352180	150.000000
0.352200	148.000000
0.352220	147.000000
0.352240	146.000000
0.352260	145.000000
0.352280	145.000000
0.352300	145.000000
0.352320	145.000000
0.352340	146.000000
0.352360	147.000000
0.352380	148.000000
0.352400	148.000000
0.352420	149.000000
0.352440	149.000000
0.352460	150.000000
0.352480	151.000000
0.352500	151.000000
0.352520	151.000000
0.352540	151.000000
0.352560	150.000000
0.352580	149.000000
0.352600	148.000000
0.352620	147.000000
0.352640	146.000000
0.352660	145.000000
0.352680	145.000000
0.352700	145.000000
0.352720	146.000000
0.352740	147.000000
0.352760	148.000000
0.352780	148.000000
0.352800	148.000000
0.352820	148.000000
0.352840	147.000000
0.352860	147.000000
0.352880	146.000000
0.352900	146.000000
0.352920	146.000000
0.352940	147.000000
0.352960	149.000000
0.352980	153.000000
0.353000	158.000000
0.353020	164.000000
0.353040	167.000000
0.353060	166.000000
0.353080	160.000000
0.353100	151.000000
0.353120	143.000000
0.353140	138.000000
0.353160	136.000000
0.353180	137.000000
0.353200	138.000000
0.353220	136.000000
0.353240	131.000000
0.353260	125.000000
0.353280	121.000000
0.353300	125.000000
0.353320	137.000000
0.353340	154.000000
0.353360	170.000000
0.353380	180.000000
0.353400	180.000000
0.353420	174.000000
0.353440	167.000000
0.353460	161.000000
0.353480	158.000000
0.353500	160.000000
0.353520	161.000000
0.353540	160.000000
0.353560	153.000000
0.353580	139.000000
0.353600	121.000000
0.353620	105.000000
0.353640	95.000000
0.353660	95.000000
0.353680	102.000000
0.353700	113.000000
0.353720	126.000000
0.353740	140.000000
0.353760	155.000000
0.353780	171.000000
0.353800	189.000000
0.353820	205.000000
0.353840	218.000000
0.353860	224.000000
0.353880	221.000000
0.353900	208.000000
0.353920	186.000000
0.353940	158.000000
0.353960	128.000000
0.353980	99.000000
0.354000	75.000000
0.354020	59.000000
0.354040	54.000000
0.354060	61.000000
0.354080	77.000000
0.354100	102.000000
0.354120	131.000000
0.354140	162.000000
0.354160	191.000000
0.354180	213.000000
0.354200	225.000000
0.354220	228.000000
0.354240	222.000000
0.354260	209.000000
0.354280	189.000000
0.354300	164.000000
0.354320	138.000000
0.354340	114.000000
0.354360	96.000000
0.354380	85.000000
0.354400	82.000000
0.354420	88.000000
0.354440	100.000000
0.354460	117.000000
0.354480	136.000000
0.354500	154.000000
0.354520	169.000000
0.354540	182.000000
0.354560	190.000000
0.354580	191.000000
0.354600	187.000000
0.354620	178.000000
0.354640	167.000000
0.354660	155.000000
0.354680	144.000000
0.354700	134.000000
0.354720	126.000000
0.354740	121.000000
0.354760	120.000000
0.354780	124.000000
0.354800	130.000000
0.354820	137.000000
0.354840	144.000000
0.354860	151.000000
0.354880	157.000000
0.354900	162.000000
0.354920	165.000000
0.354940	165.000000
0.354960	162.000000
0.354980	159.000000
0.355000	155.000000
0.355020	150.000000
0.355040	146.000000
0.355060	142.000000
0.355080	139.000000
0.355100	138.000000
0.355120	138.000000
0.355140	139.000000
0.355160	141.000000
0.355180	143.000000
0.355200	145.000000
0.355220	148.000000
0.355240	151.000000
0.355260	154.000000
0.355280	155.000000
0.355300	155.000000
0.355320	155.000000
0.355340	154.000000
0.355360	153.000000
0.355380	151.000000
0.355400	149.000000
0.355420	147.000000
0.355440	146.000000
0.355460	145.000000
0.355480	144.000000
0.355500	143.000000
0.355520	142.000000
0.355540	142.000000
0.355560	144.000000
0.355580	146.000000
0.355600	148.000000
0.355620	149.000000
0.355640	150.000000
0.355660	150.000000
0.355680	152.000000
0.355700	153.000000
0.355720	154.000000
0.355740	154.000000
0.355760	153.000000
0.355780	150.000000
0.355800	148.000000
0.355820	146.000000
0.355840	145.000000
0.355860	145.000000
0.355880	145.000000
0.355900	145.000000
0.355920	145.000000
0.355940	146.000000
0.355960	146.000000
0.355980	146.000000
0.356000	146.000000
0.356020	146.000000
0.356040	147.000000
0.356060	147.000000
0.356080	147.000000
0.356100	146.000000
0.356120	146.000000
0.356140	146.000000
0.356160	149.000000
0.356180	153.000000
0.356200	157.000000
0.356220	160.000000
0.356240	160.000000
0.356260	157.000000
0.356280	151.000000
0.356300	145.000000
0.356320	141.000000
0.356340	141.000000
0.356360	142.000000
0.356380	143.000000
0.356400	142.000000
0.356420	138.000000
0.356440	132.000000
0.356460	127.000000
0.356480	127.000000
0.356500	133.000000
0.356520	144.000000
0.356540	156.000000
0.356560	165.000000
0.356580	168.000000
0.356600	166.000000
0.356620	161.000000
0.356640	158.000000
0.356660	158.000000
0.356680	159.000000
0.356700	161.000000
0.356720	161.000000
0.356740	157.000000
0.356760	149.000000
0.356780	138.000000
0.356800	126.000000
0.356820	117.000000
0.356840	113.000000
0.356860	113.000000
0.356880	117.000000
0.356900	124.000000
0.356920	134.000000
0.356940	144.000000
0.356960	156.000000
0.356980	169.000000
0.357000	181.000000
0.357020	192.000000
0.357040	200.000000
0.357060	201.000000
0.357080	195.000000
0.357100	183.000000
0.357120	165.000000
0.357140	145.000000
0.357160	124.000000
0.357180	106.000000
0.357200	92.000000
0.357220	85.000000
0.357240	86.000000
0.357260	94.000000
0.357280	108.000000
0.357300	126.000000
0.357320	147.000000
0.357340	168.000000
0.357360	186.000000
0.357380	199.000000
0.357400	204.000000
0.357420	203.000000
0.357440	195.000000
0.357460	183.000000
0.357480	166.000000
0.357500	148.000000
0.357520	131.000000
0.357540	118.000000
0.357560	109.000000
0.357580	105.000000
0.357600	106.000000
0.357620	112.000000
0.357640	122.000000
0.357660	135.000000
0.357680	148.000000
0.357700	159.000000
0.357720	168.000000
0.357740	173.000000
0.357760	175.000000
0.357780	173.000000
0.357800	168.000000
0.357820	162.000000
0.357840	154.000000
0.357860	147.000000
0.357880	140.000000
0.357900	134.000000
0.357920	131.000000
0.357940	129.000000
0.357960	131.000000
0.357980	133.000000
0.358000	138.000000
0.358020	143.000000
0.358040	149.000000
0.358060	154.000000
0.358080	158.000000
0.358100	159.000000
0.358120	159.000000
0.358140	158.000000
0.358160	156.000000
0.358180	154.000000
0.358200	150.000000
0.358220	147.000000
0.358240	144.000000
0.358260	143.000000
0.358280	142.000000
0.358300	142.000000
0.358320	142.000000
0.358340	142.000000
0.358360	144.000000
0.358380	145.000000
0.358400	146.000000
0.358420	147.000000
0.358440	148.000000
0.358460	150.000000
0.358480	152.000000
0.358500	153.000000
0.358520	153.000000
0.358540	151.000000
0.358560	150.000000
0.358580	149.000000
0.358600	149.000000
0.358620	148.000000
0.358640	147.000000
0.358660	147.000000
0.358680	146.000000
0.358700	146.000000
0.358720	145.000000
0.358740	145.000000
0.358760	146.000000
0.358780	148.000000
0.358800	149.000000
0.358820	149.000000
0.358840	149.000000
0.358860	150.000000
0.358880	151.000000
0.358900	153.000000
0.358920	153.000000
0.358940	153.000000
0.358960	153.000000
0.358980	151.000000
0.359000	150.000000
0.359020	148.000000
0.359040	146.000000
0.359060	145.000000
0.359080	144.000000
0.359100	145.000000
0.359120	145.000000
0.359140	146.000000
0.359160	146.000000
0.359180	145.000000
0.359200	145.000000
0.359220	146.000000
0.359240	148.000000
0.359260	149.000000
0.359280	148.000000
0.359300	148.000000
0.359320	147.000000
0.359340	148.000000
0.359360	151.000000
0.359380	153.000000
0.359400	155.000000
0.359420	156.000000
0.359440	155.000000
0.359460	152.000000
0.359480	149.000000
0.359500	145.000000
0.359520	144.000000
0.359540	145.000000
0.359560	146.000000
0.359580	146.000000
0.359600	144.000000
0.359620	140.000000
0.359640	137.000000
0.359660	135.000000
0.359680	138.000000
0.359700	144.000000
0.359720	151.000000
0.359740	156.000000
0.359760	158.000000
0.359780	157.000000
0.359800	154.000000
0.359820	153.000000
0.359840	154.000000
0.359860	156.000000
0.359880	158.000000
0.359900	158.000000
0.359920	155.000000
0.359940	149.000000
0.359960	142.000000
0.359980	135.000000
0.360000	129.000000
0.360020	126.000000
0.360040	127.000000
0.360060	130.000000
0.360080	135.000000
0.360100	140.000000
0.360120	144.000000
0.360140	150.000000
0.360160	157.000000
0.360180	165.000000
0.360200	172.000000
0.360220	178.000000
0.360240	180.000000
0.360260	178.000000
0.360280	172.000000
0.360300	162.000000
0.360320	150.000000
0.360340	138.000000
0.360360	127.000000
0.360380	120.000000
0.360400	115.000000
0.360420	114.000000
0.360440	116.000000
0.360460	123.000000
0.360480	132.000000
0.360500	144.000000
0.360520	156.000000
0.360540	166.000000
0.360560	174.000000
0.360580	178.000000
0.360600	177.000000
0.360620	174.000000
0.360640	168.000000
0.360660	160.000000
0.360680	152.000000
0.360700	143.000000
0.360720	135.000000
0.360740	130.000000
0.360760	127.000000
0.360780	127.000000
0.360800	130.000000
0.360820	134.000000
0.360840	140.000000
0.360860	147.000000
0.360880	153.000000
0.360900	158.000000
0.360920	161.000000
0.360940	163.000000
0.360960	163.000000
0.360980	162.000000
0.361000	158.000000
0.361020	153.000000
0.361040	148.000000
0.361060	144.000000
0.361080	141.000000
0.361100	139.000000
0.361120	138.000000
0.361140	139.000000
0.361160	140.000000
0.361180	142.000000
0.361200	145.000000
0.361220	147.000000
0.361240	149.000000
0.361260	151.000000
0.361280	153.000000
0.361300	154.000000
0.361320	155.000000
0.361340	153.000000
0.361360	151.000000
0.361380	149.000000
0.361400	147.000000
0.361420	145.000000
0.361440	144.000000
0.361460	144.000000
0.361480	145.000000
0.361500	145.000000
0.361520	146.000000
0.361540	147.000000
0.361560	147.000000
0.361580	147.000000
0.361600	147.000000
0.361620	148.000000
0.361640	148.000000
0.361660	150.000000
0.361680	150.000000
0.361700	151.000000
0.361720	150.000000
0.361740	150.000000
0.361760	149.000000
0.361780	149.000000
0.361800	148.000000
0.361820	148.000000
0.361840	148.000000
0.361860	147.000000
0.361880	146.000000
0.361900	145.000000
0.361920	144.000000
0.361940	143.000000
0.361960	143.000000
0.361980	143.000000
0.362000	144.000000
0.362020	146.000000
0.362040	149.000000
0.362060	151.000000
0.362080	152.000000
0.362100	152.000000
0.362120	152.000000
0.362140	152.000000
0.362160	151.000000
0.362180	150.000000
0.362200	149.000000
0.362220	146.000000
0.362240	145.000000
0.362260	144.000000
0.362280	144.000000
0.362300	144.000000
0.362320	144.000000
0.362340	144.000000
0.362360	145.000000
0.362380	146.000000
0.362400	148.000000
0.362420	150.000000
0.362440	151.000000
0.362460	151.000000
0.362480	151.000000
0.362500	151.000000
0.362520	151.000000
0.362540	151.000000
0.362560	152.000000
0.362580	152.000000
0.362600	152.000000
0.362620	150.000000
0.362640	148.000000
0.362660	145.000000
0.362680	144.000000
0.362700	144.000000
0.362720	147.000000
0.362740	149.000000
0.362760	149.000000
0.362780	148.000000
0.362800	145.000000
0.362820	143.000000
0.362840	143.000000
0.362860	145.000000
0.362880	148.000000
0.362900	153.000000
0.362920	156.000000
0.362940	156.000000
0.362960	155.000000
0.362980	151.000000
0.363000	149.000000
0.363020	148.000000
0.363040	150.000000
0.363060	152.000000
0.363080	153.000000
0.363100	152.000000
0.363120	148.000000
0.363140	143.000000
0.363160	138.000000
0.363180	135.000000
0.363200	133.000000
0.363220	135.000000
0.363240	139.000000
0.363260	144.000000
0.363280	147.000000
0.363300	149.000000
0.363320	151.000000
0.363340	154.000000
0.363360	158.000000
0.363380	162.000000
0.363400	164.000000
0.363420	163.000000
0.363440	160.000000
0.363460	156.000000
0.363480	151.000000
0.363500	145.000000
0.363520	139.000000
0.363540	135.000000
0.363560	133.000000
0.363580	132.000000
0.363600	133.000000
0.363620	136.000000
0.363640	140.000000
0.363660	145.000000
0.363680	150.000000
0.363700	155.000000
0.363720	159.000000
0.363740	161.000000
0.363760	162.000000
0.363780	160.000000
0.363800	157.000000
0.363820	154.000000
0.363840	151.000000
0.363860	148.000000
0.363880	145.000000
0.363900	142.000000
0.363920	140.000000
0.363940	140.000000
0.363960	141.000000
0.363980	143.000000
0.364000	145.000000
0.364020	147.000000
0.364040	149.000000
0.364060	151.000000
0.364080	152.000000
0.364100	152.000000
0.364120	151.000000
0.364140	151.000000
0.364160	150.000000
0.364180	149.000000
0.364200	148.000000
0.364220	147.000000
0.364240	146.000000
0.364260	145.000000
0.364280	145.000000
0.364300	145.000000
0.364320	146.000000
0.364340	147.000000
0.364360	149.000000
0.364380	149.000000
0.364400	148.000000
0.364420	148.000000
0.364440	148.000000
0.364460	149.000000
0.364480	150.000000
0.364500	149.000000
0.364520	148.000000
0.364540	148.000000
0.364560	148.000000
0.364580	148.000000
0.364600	147.000000
0.364620	147.000000
0.364640	147.000000
0.364660	148.000000
0.364680	149.000000
0.364700	150.000000
0.364720	148.000000
0.364740	147.000000
0.364760	147.000000
0.364780	147.000000
0.364800	148.000000
0.364820	149.000000
0.364840	149.000000
0.364860	149.000000
0.364880	148.000000
0.364900	148.000000
0.364920	148.000000
0.364940	148.000000
0.364960	149.000000
0.364980	150.000000
0.365000	150.000000
0.365020	150.000000
0.365040	149.000000
0.365060	148.000000
0.365080	148.000000
0.365100	147.000000
0.365120	145.000000
0.365140	144.000000
0.365160	144.000000
0.365180	144.000000
0.365200	145.000000
0.365220	146.000000
0.365240	148.000000
0.365260	149.000000
0.365280	151.000000
0.365300	152.000000
0.365320	152.000000
0.365340	152.000000
0.365360	151.000000
0.365380	150.000000
0.365400	149.000000
0.365420	147.000000
0.365440	146.000000
0.365460	145.000000
0.365480	144.000000
0.365500	143.000000
0.365520	143.000000
0.365540	143.000000
0.365560	143.000000
0.365580	145.000000
0.365600	147.000000
0.365620	148.000000
0.365640	149.000000
0.365660	150.000000
0.365680	151.000000
0.365700	151.000000
0.365720	151.000000
0.365740	151.000000
0.365760	151.000000
0.365780	150.000000
0.365800	148.000000
0.365820	145.000000
0.365840	143.000000
0.365860	142.000000
0.365880	143.000000
0.365900	144.000000
0.365920	146.000000
0.365940	148.000000
0.365960	148.000000
0.365980	147.000000
0.366000	146.000000
0.366020	145.000000
0.366040	145.000000
0.366060	148.000000
0.366080	151.000000
0.366100	153.000000
0.366120	153.000000
0.366140	151.000000
0.366160	148.000000
0.366180	146.000000
0.366200	145.000000
0.366220	146.000000
0.366240	148.000000
0.366260	150.000000
0.366280	150.000000
0.366300	148.000000
0.366320	145.000000
0.366340	142.000000
0.366360	141.000000
0.366380	141.000000
0.366400	144.000000
0.366420	147.000000
0.366440	150.000000
0.366460	152.000000
0.366480	152.000000
0.366500	152.000000
0.366520	152.000000
0.366540	153.000000
0.366560	155.000000
0.366580	155.000000
0.366600	154.000000
0.366620	150.000000
0.366640	146.000000
0.366660	142.000000
0.366680	139.000000
0.366700	137.000000
0.366720	135.000000
0.366740	136.000000
0.366760	138.000000
0.366780	143.000000
0.366800	148.000000
0.366820	152.000000
0.366840	155.000000
0.366860	157.000000
0.366880	159.000000
0.366900	160.000000
0.366920	159.000000
0.366940	156.000000
0.366960	151.000000
0.366980	147.000000
0.367000	144.000000
0.367020	141.000000
0.367040	139.000000
0.367060	138.000000
0.367080	139.000000
0.367100	141.000000
0.367120	144.000000
0.367140	148.000000
0.367160	150.000000
0.367180	152.000000
0.367200	154.000000
0.367220	155.000000
0.367240	156.000000
0.367260	155.000000
0.367280	152.000000
0.367300	149.000000
0.367320	147.000000
0.367340	145.000000
0.367360	144.000000
0.367380	143.000000
0.367400	143.000000
0.367420	143.000000
0.367440	145.000000
0.367460	147.000000
0.367480	149.000000
0.367500	150.000000
0.367520	150.000000
0.367540	151.000000
0.367560	151.000000
0.367580	151.000000
0.367600	150.000000
0.367620	149.000000
0.367640	148.000000
0.367660	147.000000
0.367680	146.000000
0.367700	146.000000
0.367720	146.000000
0.367740	146.000000
0.367760	146.000000
0.367780	147.000000
0.367800	147.000000
0.367820	148.000000
0.367840	148.000000
0.367860	149.000000
0.367880	150.000000
0.367900	151.000000
0.367920	150.000000
0.367940	149.000000
0.367960	148.000000
0.367980	148.000000
0.368000	148.000000
0.368020	148.000000
0.368040	148.000000
0.368060	147.000000
0.368080	147.000000
0.368100	148.000000
0.368120	150.000000
0.368140	151.000000
0.368160	151.000000
0.368180	151.000000
0.368200	152.000000
0.368220	151.000000
0.368240	151.000000
0.368260	149.000000
0.368280	147.000000
0.368300	146.000000
0.368320	145.000000
0.368340	144.000000
0.368360	144.000000
0.368380	143.000000
0.368400	144.000000
0.368420	145.000000
0.368440	147.000000
0.368460	149.000000
0.368480	151.000000
0.368500	153.000000
0.368520	153.000000
0.368540	153.000000
0.368560	153.000000
0.368580	151.000000
0.368600	149.000000
0.368620	147.000000
0.368640	146.000000
0.368660	146.000000
0.368680	146.000000
0.368700	146.000000
0.368720	145.000000
0.368740	144.000000
0.368760	145.000000
0.368780	146.000000
0.368800	148.000000
0.368820	150.000000
0.368840	150.000000
0.368860	150.000000
0.368880	150.000000
0.368900	151.000000
0.368920	151.000000
0.368940	150.000000
0.368960	149.000000
0.368980	146.000000
0.369000	144.000000
0.369020	142.000000
0.369040	142.000000
0.369060	142.000000
0.369080	144.000000
0.369100	147.000000
0.369120	149.000000
0.369140	150.000000
0.369160	150.000000
0.369180	148.000000
0.369200	147.000000
0.369220	148.000000
0.369240	149.000000
0.369260	152.000000
0.369280	155.000000
0.369300	155.000000
0.369320	153.000000
0.369340	148.000000
0.369360	144.000000
0.369380	141.000000
0.369400	142.000000
0.369420	144.000000
0.369440	147.000000
0.369460	148.000000
0.369480	147.000000
0.369500	144.000000
0.369520	142.000000
0.369540	141.000000
0.369560	142.000000
0.369580	145.000000
0.369600	149.000000
0.369620	152.000000
0.369640	153.000000
0.369660	154.000000
0.369680	155.000000
0.369700	155.000000
0.369720	155.000000
0.369740	154.000000
0.369760	153.000000
0.369780	151.000000
0.369800	148.000000
0.369820	144.000000
0.369840	139.000000
0.369860	136.000000
0.369880	134.000000
0.369900	135.000000
0.369920	137.000000
0.369940	141.000000
0.369960	145.000000
0.369980	151.000000
0.370000	157.000000
0.370020	162.000000
0.370040	164.000000
0.370060	164.000000
0.370080	162.000000
0.370100	159.000000
0.370120	155.000000
0.370140	150.000000
0.370160	144.000000
0.370180	138.000000
0.370200	134.000000
0.370220	133.000000
0.370240	134.000000
0.370260	136.000000
0.370280	138.000000
0.370300	142.000000
0.370320	146.000000
0.370340	151.000000
0.370360	155.000000
0.370380	158.000000
0.370400	159.000000
0.370420	158.000000
0.370440	157.000000
0.370460	154.000000
0.370480	150.000000
0.370500	147.000000
0.370520	143.000000
0.370540	141.000000
0.370560	140.000000
0.370580	140.000000
0.370600	141.000000
0.370620	143.000000
0.370640	146.000000
0.370660	148.000000
0.370680	150.000000
0.370700	151.000000
0.370720	151.000000
0.370740	151.000000
0.370760	151.000000
0.370780	149.000000
0.370800	147.000000
0.370820	146.000000
0.370840	146.000000
0.370860	146.000000
0.370880	147.000000
0.370900	147.000000
0.370920	147.000000
0.370940	147.000000
0.370960	146.000000
0.370980	146.000000
0.371000	147.000000
0.371020	148.000000
0.371040	149.000000
0.371060	150.000000
0.371080	150.000000
0.371100	149.000000
0.371120	148.000000
0.371140	147.000000
0.371160	147.000000
0.371180	147.000000
0.371200	147.000000
0.371220	147.000000
0.371240	147.000000
0.371260	148.000000
0.371280	148.000000
0.371300	148.000000
0.371320	148.000000
0.371340	149.000000
0.371360	149.000000
0.371380	150.000000
0.371400	149.000000
0.371420	149.000000
0.371440	149.000000
0.371460	148.000000
0.371480	147.000000
0.371500	146.000000
0.371520	144.000000
0.371540	143.000000
0.371560	142.000000
0.371580	143.000000
0.371600	145.000000
0.371620	147.000000
0.371640	149.000000
0.371660	150.000000
0.371680	151.000000
0.371700	151.000000
0.371720	152.000000
0.371740	152.000000
0.371760	152.000000
0.371780	151.000000
0.371800	149.000000
0.371820	147.000000
0.371840	145.000000
0.371860	144.000000
0.371880	144.000000
0.371900	144.000000
0.371920	144.000000
0.371940	146.000000
0.371960	147.000000
0.371980	149.000000
0.372000	149.000000
0.372020	150.000000
0.372040	150.000000
0.372060	149.000000
0.372080	149.000000
0.372100	149.000000
0.372120	148.000000
0.372140	147.000000
0.372160	147.000000
0.372180	147.000000
0.372200	146.000000
0.372220	145.000000
0.372240	144.000000
0.372260	145.000000
0.372280	147.000000
0.372300	150.000000
0.372320	151.000000
0.372340	151.000000
0.372360	149.000000
0.372380	148.000000
0.372400	148.000000
0.372420	149.000000
0.372440	152.000000
0.372460	154.000000
0.372480	155.000000
0.372500	154.000000
0.372520	150.000000
0.372540	146.000000
0.372560	143.000000
0.372580	142.000000
0.372600	143.000000
0.372620	145.000000
0.372640	147.000000
0.372660	148.000000
0.372680	147.000000
0.372700	144.000000
0.372720	142.000000
0.372740	142.000000
0.372760	144.000000
0.372780	147.000000
0.372800	150.000000
0.372820	153.000000
0.372840	155.000000
0.372860	158.000000
0.372880	159.000000
0.372900	159.000000
0.372920	158.000000
0.372940	155.000000
0.372960	151.000000
0.372980	147.000000
0.373000	143.000000
0.373020	138.000000
0.373040	133.000000
0.373060	131.000000
0.373080	130.000000
0.373100	133.000000
0.373120	137.000000
0.373140	143.000000
0.373160	151.000000
0.373180	158.000000
0.373200	163.000000
0.373220	166.000000
0.373240	167.000000
0.373260	167.000000
0.373280	164.000000
0.373300	160.000000
0.373320	154.000000
0.373340	147.000000
0.373360	140.000000
0.373380	136.000000
0.373400	133.000000
0.373420	133.000000
0.373440	134.000000
0.373460	136.000000
0.373480	140.000000
0.373500	144.000000
0.373520	149.000000
0.373540	153.000000
0.373560	156.000000
0.373580	158.000000
0.373600	158.000000
0.373620	157.000000
0.373640	154.000000
0.373660	150.000000
0.373680	146.000000
0.373700	143.000000
0.373720	142.000000
0.373740	141.000000
0.373760	141.000000
0.373780	141.000000
0.373800	142.000000
0.373820	145.000000
0.373840	147.000000
0.373860	150.000000
0.373880	152.000000
0.373900	153.000000
0.373920	153.000000
0.373940	151.000000
0.373960	150.000000
0.373980	149.000000
0.374000	148.000000
0.374020	148.000000
0.374040	147.000000
0.374060	146.000000
0.374080	145.000000
0.374100	144.000000
0.374120	145.000000
0.374140	146.000000
0.374160	146.000000
0.374180	147.000000
0.374200	147.000000
0.374220	148.000000
0.374240	150.000000
0.374260	150.000000
0.374280	149.000000
0.374300	147.000000
0.374320	146.000000
0.374340	145.000000
0.374360	145.000000
0.374380	146.000000
0.374400	147.000000
0.374420	147.000000
0.374440	148.000000
0.374460	148.000000
0.374480	149.000000
0.374500	150.000000
0.374520	151.000000
0.374540	152.000000
0.374560	153.000000
0.374580	152.000000
0.374600	151.000000
0.374620	150.000000
0.374640	149.000000
0.374660	148.000000
0.374680	147.000000
0.374700	146.000000
0.374720	145.000000
0.374740	145.000000
0.374760	145.000000
0.374780	146.000000
0.374800	147.000000
0.374820	148.000000
0.374840	149.000000
0.374860	151.000000
0.374880	152.000000
0.374900	152.000000
0.374920	151.000000
0.374940	150.000000
0.374960	149.000000
0.374980	149.000000
0.375000	148.000000
0.375020	148.000000
0.375040	147.000000
0.375060	145.000000
0.375080	144.000000
0.375100	144.000000
0.375120	144.000000
0.375140	145.000000
0.375160	146.000000
0.375180	147.000000
0.375200	148.000000
0.375220	149.000000
0.375240	149.000000
0.375260	149.000000
0.375280	149.000000
0.375300	149.000000
0.375320	150.000000
0.375340	150.000000
0.375360	149.000000
0.375380	147.000000
0.375400	145.000000
0.375420	143.000000
0.375440	143.000000
0.375460	144.000000
0.375480	147.000000
0.375500	149.000000
0.375520	149.000000
0.375540	149.000000
0.375560	149.000000
0.375580	148.000000
0.375600	149.000000
0.375620	151.000000
0.375640	153.000000
0.375660	153.000000
0.375680	152.000000
0.375700	150.000000
0.375720	147.000000
0.375740	144.000000
0.375760	142.000000
0.375780	141.000000
0.375800	142.000000
0.375820	144.000000
0.375840	146.000000
0.375860	147.000000
0.375880	145.000000
0.375900	143.000000
0.375920	142.000000
0.375940	143.000000
0.375960	146.000000
0.375980	149.000000
0.376000	152.000000
0.376020	155.000000
0.376040	156.000000
0.376060	157.000000
0.376080	157.000000
0.376100	156.000000
0.376120	153.000000
0.376140	150.000000
0.376160	147.000000
0.376180	143.000000
0.376200	139.000000
0.376220	135.000000
0.376240	132.000000
0.376260	131.000000
0.376280	132.000000
0.376300	135.000000
0.376320	140.000000
0.376340	146.000000
0.376360	153.000000
0.376380	159.000000
0.376400	163.000000
0.376420	165.000000
0.376440	166.000000
0.376460	164.000000
0.376480	161.000000
0.376500	156.000000
0.376520	151.000000
0.376540	145.000000
0.376560	140.000000
0.376580	135.000000
0.376600	133.000000
0.376620	133.000000
0.376640	134.000000
0.376660	137.000000
0.376680	142.000000
0.376700	146.000000
0.376720	151.000000
0.376740	154.000000
0.376760	157.000000
0.376780	159.000000
0.376800	158.000000
0.376820	156.000000
0.376840	154.000000
0.376860	151.000000
0.376880	148.000000
0.376900	144.000000
0.376920	142.000000
0.376940	141.000000
0.376960	141.000000
0.376980	142.000000
0.377000	143.000000
0.377020	144.000000
0.377040	146.000000
0.377060	147.000000
0.377080	148.000000
0.377100	149.000000
0.377120	149.000000
0.377140	150.000000
0.377160	151.000000
0.377180	152.000000
0.377200	151.000000
0.377220	150.000000
0.377240	148.000000
0.377260	147.000000
0.377280	147.000000
0.377300	148.000000
0.377320	148.000000
0.377340	148.000000
0.377360	148.000000
0.377380	147.000000
0.377400	147.000000
0.377420	147.000000
0.377440	147.000000
0.377460	148.000000
0.377480	148.000000
0.377500	148.000000
0.377520	148.000000
0.377540	148.000000
0.377560	149.000000
0.377580	150.000000
0.377600	151.000000
0.377620	151.000000
0.377640	150.000000
0.377660	149.000000
0.377680	149.000000
0.377700	149.000000
0.377720	150.000000
0.377740	150.000000
0.377760	149.000000
0.377780	148.000000
0.377800	147.000000
0.377820	146.000000
0.377840	145.000000
0.377860	144.000000
0.377880	144.000000
0.377900	144.000000
0.377920	144.000000
0.377940	144.000000
0.377960	144.000000
0.377980	145.000000
0.378000	146.000000
0.378020	148.000000
0.378040	150.000000
0.378060	150.000000
0.378080	150.000000
0.378100	150.000000
0.378120	151.000000
0.378140	151.000000
0.378160	150.000000
0.378180	150.000000
0.378200	149.000000
0.378220	148.000000
0.378240	147.000000
0.378260	147.000000
0.378280	146.000000
0.378300	145.000000
0.378320	145.000000
0.378340	146.000000
0.378360	147.000000
0.378380	148.000000
0.378400	147.000000
0.378420	146.000000
0.378440	146.000000
0.378460	147.000000
0.378480	148.000000
0.378500	149.000000
0.378520	149.000000
0.378540	149.000000
0.378560	148.000000
0.378580	147.000000
0.378600	146.000000
0.378620	144.000000
0.378640	144.000000
0.378660	145.000000
0.378680	147.000000
0.378700	149.000000
0.378720	150.000000
0.378740	150.000000
0.378760	149.000000
0.378780	148.000000
0.378800	149.000000
0.378820	150.000000
0.378840	152.000000
0.378860	154.000000
0.378880	153.000000
0.378900	151.000000
0.378920	148.000000
0.378940	145.000000
0.378960	144.000000
0.378980	144.000000
0.379000	144.000000
0.379020	145.000000
0.379040	145.000000
0.379060	145.000000
0.379080	145.000000
0.379100	144.000000
0.379120	144.000000
0.379140	144.000000
0.379160	147.000000
0.379180	150.000000
0.379200	153.000000
0.379220	155.000000
0.379240	156.000000
0.379260	157.000000
0.379280	156.000000
0.379300	154.000000
0.379320	152.000000
0.379340	148.000000
0.379360	145.000000
0.379380	142.000000
0.379400	139.000000
0.379420	136.000000
0.379440	134.000000
0.379460	133.000000
0.379480	134.000000
0.379500	138.000000
0.379520	143.000000
0.379540	149.000000
0.379560	154.000000
0.379580	159.000000
0.379600	162.000000
0.379620	164.000000
0.379640	164.000000
0.379660	162.000000
0.379680	158.000000
0.379700	153.000000
0.379720	146.000000
0.379740	141.000000
0.379760	136.000000
0.379780	132.000000
0.379800	130.000000
0.379820	131.000000
0.379840	135.000000
0.379860	140.000000
0.379880	145.000000
0.379900	149.000000
0.379920	152.000000
0.379940	155.000000
0.379960	157.000000
0.379980	159.000000
0.380000	159.000000
0.380020	157.000000
0.380040	154.000000
0.380060	151.000000
0.380080	149.000000
0.380100	146.000000
0.380120	144.000000
0.380140	141.000000
0.380160	140.000000
0.380180	141.000000
0.380200	142.000000
0.380220	144.000000
0.380240	145.000000
0.380260	146.000000
0.380280	148.000000
0.380300	149.000000
0.380320	150.000000
0.380340	151.000000
0.380360	151.000000
0.380380	151.000000
0.380400	151.000000
0.380420	150.000000
0.380440	149.000000
0.380460	148.000000
0.380480	148.000000
0.380500	147.000000
0.380520	147.000000
0.380540	147.000000
0.380560	146.000000
0.380580	147.000000
0.380600	148.000000
0.380620	150.000000
0.380640	151.000000
0.380660	151.000000
0.380680	149.000000
0.380700	148.000000
0.380720	147.000000
0.380740	146.000000
0.380760	146.000000
0.380780	146.000000
0.380800	147.000000
0.380820	148.000000
0.380840	147.000000
0.380860	147.000000
0.380880	148.000000
0.380900	149.000000
0.380920	150.000000
0.380940	151.000000
0.380960	149.000000
0.380980	148.000000
0.381000	146.000000
0.381020	144.000000
0.381040	144.000000
0.381060	144.000000
0.381080	144.000000
0.381100	144.000000
0.381120	144.000000
0.381140	144.000000
0.381160	144.000000
0.381180	145.000000
0.381200	147.000000
0.381220	150.000000
0.381240	151.000000
0.381260	151.000000
0.381280	151.000000
0.381300	150.000000
0.381320	149.000000
0.381340	148.000000
0.381360	146.000000
0.381380	145.000000
0.381400	145.000000
0.381420	145.000000
0.381440	145.000000
0.381460	145.000000
0.381480	144.000000
0.381500	144.000000
0.381520	145.000000
0.381540	146.000000
0.381560	146.000000
0.381580	147.000000
0.381600	147.000000
0.381620	148.000000
0.381640	150.000000
0.381660	150.000000
0.381680	150.000000
0.381700	151.000000
0.381720	151.000000
0.381740	150.000000
0.381760	148.000000
0.381780	146.000000
0.381800	145.000000
0.381820	145.000000
0.381840	145.000000
0.381860	146.000000
0.381880	146.000000
0.381900	147.000000
0.381920	148.000000
0.381940	149.000000
0.381960	149.000000
0.381980	148.000000
0.382000	148.000000
0.382020	149.000000
0.382040	151.000000
0.382060	152.000000
0.382080	151.000000
0.382100	150.000000
0.382120	147.000000
0.382140	146.000000
0.382160	145.000000
0.382180	146.000000
0.382200	146.000000
0.382220	147.000000
0.382240	147.000000
0.382260	146.000000
0.382280	145.000000
0.382300	144.000000
0.382320	144.000000
0.382340	145.000000
0.382360	146.000000
0.382380	149.000000
0.382400	152.000000
0.382420	154.000000
0.382440	156.000000
0.382460	156.000000
0.382480	155.000000
0.382500	153.000000
0.382520	151.000000
0.382540	148.000000
0.382560	144.000000
0.382580	141.000000
0.382600	138.000000
0.382620	137.000000
0.382640	136.000000
0.382660	136.000000
0.382680	138.000000
0.382700	141.000000
0.382720	146.000000
0.382740	151.000000
0.382760	155.000000
0.382780	158.000000
0.382800	159.000000
0.382820	160.000000
0.382840	160.000000
0.382860	158.000000
0.382880	155.000000
0.382900	150.000000
0.382920	145.000000
0.382940	141.000000
0.382960	138.000000
0.382980	136.000000
0.383000	136.000000
0.383020	136.000000
0.383040	137.000000
0.383060	140.000000
0.383080	143.000000
0.383100	147.000000
0.383120	151.000000
0.383140	155.000000
0.383160	157.000000
0.383180	157.000000
0.383200	156.000000
0.383220	155.000000
0.383240	153.000000
0.383260	151.000000
0.383280	148.000000
0.383300	146.000000
0.383320	145.000000
0.383340	143.000000
0.383360	141.000000
0.383380	140.000000
0.383400	141.000000
0.383420	144.000000
0.383440	147.000000
0.383460	148.000000
0.383480	148.000000
0.383500	149.000000
0.383520	151.000000
0.383540	152.000000
0.383560	151.000000
0.383580	149.000000
0.383600	149.000000
0.383620	151.000000
0.383640	152.000000
0.383660	147.000000
0.383680	134.000000
