0.343700	103.000000
0.343720	59.000000
0.343740	120.000000
0.343760	166.000000
0.343780	171.000000
0.343800	148.000000
0.343820	134.000000
0.343840	141.000000
0.343860	155.000000
0.343880	159.000000
0.343900	149.000000
0.343920	141.000000
0.343940	145.000000
0.343960	153.000000
0.343980	155.000000
0.344000	148.000000
0.344020	142.000000
0.344040	144.000000
0.344060	150.000000
0.344080	152.000000
0.344100	147.000000
0.344120	142.000000
0.344140	144.000000
0.344160	149.000000
0.344180	151.000000
0.344200	148.000000
0.344220	145.000000
0.344240	147.000000
0.344260	151.000000
0.344280	153.000000
0.344300	151.000000
0.344320	148.000000
0.344340	148.000000
0.344360	151.000000
0.344380	151.000000
0.344400	148.000000
0.344420	145.000000
0.344440	145.000000
0.344460	147.000000
0.344480	148.000000
0.344500	146.000000
0.344520	144.000000
0.344540	145.000000
0.344560	148.000000
0.344580	149.000000
0.344600	147.000000
0.344620	146.000000
0.344640	147.000000
0.344660	151.000000
0.344680	153.000000
0.344700	152.000000
0.344720	150.000000
0.344740	149.000000
0.344760	150.000000
0.344780	150.000000
0.344800	147.000000
0.344820	145.000000
0.344840	145.000000
0.344860	147.000000
0.344880	148.000000
0.344900	147.000000
0.344920	146.000000
0.344940	147.000000
0.344960	148.000000
0.344980	149.000000
0.345000	148.000000
0.345020	147.000000
0.345040	148.000000
0.345060	151.000000
0.345080	152.000000
0.345100	151.000000
0.345120	148.000000
0.345140	147.000000
0.345160	148.000000
0.345180	149.000000
0.345200	148.000000
0.345220	148.000000
0.345240	149.000000
0.345260	151.000000
0.345280	153.000000
0.345300	152.000000
0.345320	149.000000
0.345340	148.000000
0.345360	149.000000
0.345380	150.000000
0.345400	149.000000
0.345420	148.000000
0.345440	148.000000
0.345460	148.000000
0.345480	148.000000
0.345500	147.000000
0.345520	146.000000
0.345540	147.000000
0.345560	148.000000
0.345580	149.000000
0.345600	149.000000
0.345620	148.000000
0.345640	148.000000
0.345660	148.000000
0.345680	148.000000
0.345700	148.000000
0.345720	148.000000
0.345740	149.000000
0.345760	150.000000
0.345780	149.000000
0.345800	147.000000
0.345820	145.000000
0.345840	144.000000
0.345860	145.000000
0.345880	146.000000
0.345900	146.000000
0.345920	145.000000
0.345940	145.000000
0.345960	146.000000
0.345980	147.000000
0.346000	148.000000
0.346020	149.000000
0.346040	151.000000
0.346060	152.000000
0.346080	153.000000
0.346100	152.000000
0.346120	151.000000
0.346140	151.000000
0.346160	150.000000
0.346180	149.000000
0.346200	148.000000
0.346220	147.000000
0.346240	146.000000
0.346260	147.000000
0.346280	146.000000
0.346300	146.000000
0.346320	145.000000
0.346340	145.000000
0.346360	147.000000
0.346380	148.000000
0.346400	148.000000
0.346420	148.000000
0.346440	148.000000
0.346460	149.000000
0.346480	149.000000
0.346500	149.000000
0.346520	149.000000
0.346540	149.000000
0.346560	150.000000
0.346580	150.000000
0.346600	149.000000
0.346620	148.000000
0.346640	147.000000
0.346660	147.000000
0.346680	147.000000
0.346700	147.000000
0.346720	148.000000
0.346740	149.000000
0.346760	150.000000
0.346780	149.000000
0.346800	148.000000
0.346820	148.000000
0.346840	148.000000
0.346860	149.000000
0.346880	150.000000
0.346900	149.000000
0.346920	148.000000
0.346940	148.000000
0.346960	148.000000
0.346980	148.000000
0.347000	148.000000
0.347020	147.000000
0.347040	147.000000
0.347060	148.000000
0.347080	148.000000
0.347100	148.000000
0.347120	148.000000
0.347140	149.000000
0.347160	148.000000
0.347180	147.000000
0.347200	146.000000
0.347220	145.000000
0.347240	146.000000
0.347260	147.000000
0.347280	148.000000
0.347300	148.000000
0.347320	148.000000
0.347340	149.000000
0.347360	150.000000
0.347380	151.000000
0.347400	151.000000
0.347420	150.000000
0.347440	151.000000
0.347460	151.000000
0.347480	150.000000
0.347500	149.000000
0.347520	148.000000
0.347540	147.000000
0.347560	147.000000
0.347580	146.000000
0.347600	146.000000
0.347620	145.000000
0.347640	145.000000
0.347660	146.000000
0.347680	146.000000
0.347700	146.000000
0.347720	146.000000
0.347740	146.000000
0.347760	146.000000
0.347780	147.000000
0.347800	148.000000
0.347820	149.000000
0.347840	150.000000
0.347860	150.000000
0.347880	150.000000
0.347900	149.000000
0.347920	148.000000
0.347940	149.000000
0.347960	149.000000
0.347980	148.000000
0.348000	147.000000
0.348020	146.000000
0.348040	147.000000
0.348060	149.000000
0.348080	150.000000
0.348100	149.000000
0.348120	148.000000
0.348140	147.000000
0.348160	147.000000
0.348180	148.000000
0.348200	148.000000
0.348220	149.000000
0.348240	149.000000
0.348260	150.000000
0.348280	151.000000
0.348300	151.000000
0.348320	150.000000
0.348340	149.000000
0.348360	149.000000
0.348380	149.000000
0.348400	149.000000
0.348420	149.000000
0.348440	149.000000
0.348460	149.000000
0.348480	149.000000
0.348500	148.000000
0.348520	147.000000
0.348540	148.000000
0.348560	148.000000
0.348580	148.000000
0.348600	147.000000
0.348620	146.000000
0.348640	146.000000
0.348660	147.000000
0.348680	147.000000
0.348700	147.000000
0.348720	147.000000
0.348740	148.000000
0.348760	149.000000
0.348780	150.000000
0.348800	150.000000
0.348820	150.000000
0.348840	149.000000
0.348860	149.000000
0.348880	148.000000
0.348900	148.000000
0.348920	148.000000
0.348940	148.000000
0.348960	148.000000
0.348980	147.000000
0.349000	147.000000
0.349020	146.000000
0.349040	146.000000
0.349060	147.000000
0.349080	148.000000
0.349100	148.000000
0.349120	147.000000
0.349140	148.000000
0.349160	148.000000
0.349180	149.000000
0.349200	149.000000
0.349220	149.000000
0.349240	149.000000
0.349260	149.000000
0.349280	149.000000
0.349300	150.000000
0.349320	150.000000
0.349340	151.000000
0.349360	150.000000
0.349380	150.000000
0.349400	149.000000
0.349420	148.000000
0.349440	148.000000
0.349460	147.000000
0.349480	146.000000
0.349500	146.000000
0.349520	146.000000
0.349540	147.000000
0.349560	148.000000
0.349580	147.000000
0.349600	146.000000
0.349620	145.000000
0.349640	147.000000
0.349660	148.000000
0.349680	149.000000
0.349700	148.000000
0.349720	146.000000
0.349740	145.000000
0.349760	146.000000
0.349780	149.000000
0.349800	154.000000
0.349820	160.000000
0.349840	166.000000
0.349860	168.000000
0.349880	165.000000
0.349900	158.000000
0.349920	149.000000
0.349940	142.000000
0.349960	138.000000
0.349980	137.000000
0.350000	137.000000
0.350020	135.000000
0.350040	131.000000
0.350060	126.000000
0.350080	121.000000
0.350100	120.000000
0.350120	127.000000
0.350140	142.000000
0.350160	161.000000
0.350180	176.000000
0.350200	184.000000
0.350220	182.000000
0.350240	174.000000
0.350260	165.000000
0.350280	160.000000
0.350300	160.000000
0.350320	162.000000
0.350340	162.000000
0.350360	157.000000
0.350380	146.000000
0.350400	130.000000
0.350420	113.000000
0.350440	100.000000
0.350460	94.000000
0.350480	95.000000
0.350500	102.000000
0.350520	115.000000
0.350540	129.000000
0.350560	145.000000
0.350580	162.000000
0.350600	179.000000
0.350620	197.000000
0.350640	212.000000
0.350660	222.000000
0.350680	223.000000
0.350700	214.000000
0.350720	197.000000
0.350740	173.000000
0.350760	144.000000
0.350780	113.000000
0.350800	86.000000
0.350820	65.000000
0.350840	54.000000
0.350860	54.000000
0.350880	65.000000
0.350900	86.000000
0.350920	113.000000
0.350940	145.000000
0.350960	175.000000
0.350980	200.000000
0.351000	218.000000
0.351020	227.000000
0.351040	227.000000
0.351060	219.000000
0.351080	202.000000
0.351100	179.000000
0.351120	153.000000
0.351140	129.000000
0.351160	108.000000
0.351180	92.000000
0.351200	83.000000
0.351220	83.000000
0.351240	92.000000
0.351260	107.000000
0.351280	125.000000
0.351300	143.000000
0.351320	160.000000
0.351340	173.000000
0.351360	184.000000
0.351380	190.000000
0.351400	189.000000
0.351420	183.000000
0.351440	173.000000
0.351460	161.000000
0.351480	150.000000
0.351500	139.000000
0.351520	131.000000
0.351540	125.000000
0.351560	122.000000
0.351580	122.000000
0.351600	127.000000
0.351620	133.000000
0.351640	141.000000
0.351660	148.000000
0.351680	154.000000
0.351700	158.000000
0.351720	162.000000
0.351740	164.000000
0.351760	164.000000
0.351780	162.000000
0.351800	158.000000
0.351820	154.000000
0.351840	150.000000
0.351860	146.000000
0.351880	143.000000
0.351900	140.000000
0.351920	138.000000
0.351940	139.000000
0.351960	142.000000
0.351980	144.000000
0.352000	147.000000
0.352020	149.000000
0.352040	151.000000
0.352060	152.000000
0.352080	153.000000
0.352100	152.000000
0.352120	151.000000
0.352140	151.000000
0.352160	150.000000
0.352180	149.000000
0.352200	148.000000
0.352220	147.000000
0.352240	146.000000
0.352260	145.000000
0.352280	145.000000
0.352300	144.000000
0.352320	144.000000
0.352340	145.000000
0.352360	147.000000
0.352380	148.000000
0.352400	149.000000
0.352420	149.000000
0.352440	149.000000
0.352460	149.000000
0.352480	149.000000
0.352500	149.000000
0.352520	149.000000
0.352540	150.000000
0.352560	151.000000
0.352580	151.000000
0.352600	150.000000
0.352620	149.000000
0.352640	147.000000
0.352660	147.000000
0.352680	147.000000
0.352700	146.000000
0.352720	146.000000
0.352740	146.000000
0.352760	147.000000
0.352780	147.000000
0.352800	147.000000
0.352820	148.000000
0.352840	148.000000
0.352860	148.000000
0.352880	148.000000
0.352900	147.000000
0.352920	146.000000
0.352940	146.000000
0.352960	148.000000
0.352980	153.000000
0.353000	158.000000
0.353020	163.000000
0.353040	165.000000
0.353060	164.000000
0.353080	158.000000
0.353100	151.000000
0.353120	143.000000
0.353140	138.000000
0.353160	136.000000
0.353180	136.000000
0.353200	136.000000
0.353220	135.000000
0.353240	131.000000
0.353260	126.000000
0.353280	123.000000
0.353300	126.000000
0.353320	137.000000
0.353340	154.000000
0.353360	171.000000
0.353380	182.000000
0.353400	184.000000
0.353420	178.000000
0.353440	170.000000
0.353460	163.000000
0.353480	160.000000
0.353500	161.000000
0.353520	162.000000
0.353540	161.000000
0.353560	153.000000
0.353580	140.000000
0.353600	122.000000
0.353620	106.000000
0.353640	98.000000
0.353660	97.000000
0.353680	104.000000
0.353700	113.000000
0.353720	125.000000
0.353740	137.000000
0.353760	152.000000
0.353780	169.000000
0.353800	186.000000
0.353820	202.000000
0.353840	214.000000
0.353860	220.000000
0.353880	218.000000
0.353900	206.000000
0.353920	185.000000
0.353940	158.000000
0.353960	128.000000
0.353980	101.000000
0.354000	78.000000
0.354020	63.000000
0.354040	58.000000
0.354060	63.000000
0.354080	77.000000
0.354100	100.000000
0.354120	128.000000
0.354140	159.000000
0.354160	187.000000
0.354180	208.000000
0.354200	221.000000
0.354220	225.000000
0.354240	220.000000
0.354260	208.000000
0.354280	189.000000
0.354300	165.000000
0.354320	140.000000
0.354340	116.000000
0.354360	99.000000
0.354380	89.000000
0.354400	86.000000
0.354420	91.000000
0.354440	102.000000
0.354460	118.000000
0.354480	136.000000
0.354500	154.000000
0.354520	170.000000
0.354540	181.000000
0.354560	187.000000
0.354580	188.000000
0.354600	184.000000
0.354620	177.000000
0.354640	167.000000
0.354660	156.000000
0.354680	145.000000
0.354700	136.000000
0.354720	129.000000
0.354740	125.000000
0.354760	124.000000
0.354780	126.000000
0.354800	131.000000
0.354820	137.000000
0.354840	144.000000
0.354860	150.000000
0.354880	156.000000
0.354900	160.000000
0.354920	163.000000
0.354940	164.000000
0.354960	164.000000
0.354980	162.000000
0.355000	158.000000
0.355020	153.000000
0.355040	148.000000
0.355060	143.000000
0.355080	140.000000
0.355100	139.000000
0.355120	140.000000
0.355140	142.000000
0.355160	143.000000
0.355180	144.000000
0.355200	145.000000
0.355220	147.000000
0.355240	149.000000
0.355260	151.000000
0.355280	153.000000
0.355300	153.000000
0.355320	152.000000
0.355340	152.000000
0.355360	152.000000
0.355380	150.000000
0.355400	148.000000
0.355420	146.000000
0.355440	146.000000
0.355460	145.000000
0.355480	145.000000
0.355500	144.000000
0.355520	142.000000
0.355540	142.000000
0.355560	143.000000
0.355580	144.000000
0.355600	144.000000
0.355620	145.000000
0.355640	147.000000
0.355660	149.000000
0.355680	151.000000
0.355700	152.000000
0.355720	152.000000
0.355740	151.000000
0.355760	150.000000
0.355780	150.000000
0.355800	149.000000
0.355820	147.000000
0.355840	147.000000
0.355860	146.000000
0.355880	146.000000
0.355900	145.000000
0.355920	144.000000
0.355940	143.000000
0.355960	144.000000
0.355980	145.000000
0.356000	146.000000
0.356020	147.000000
0.356040	148.000000
0.356060	149.000000
0.356080	149.000000
0.356100	149.000000
0.356120	148.000000
0.356140	148.000000
0.356160	150.000000
0.356180	153.000000
0.356200	156.000000
0.356220	158.000000
0.356240	158.000000
0.356260	156.000000
0.356280	151.000000
0.356300	147.000000
0.356320	143.000000
0.356340	143.000000
0.356360	144.000000
0.356380	144.000000
0.356400	143.000000
0.356420	138.000000
0.356440	132.000000
0.356460	128.000000
0.356480	128.000000
0.356500	134.000000
0.356520	145.000000
0.356540	157.000000
0.356560	166.000000
0.356580	170.000000
0.356600	168.000000
0.356620	162.000000
0.356640	158.000000
0.356660	157.000000
0.356680	159.000000
0.356700	162.000000
0.356720	162.000000
0.356740	158.000000
0.356760	149.000000
0.356780	137.000000
0.356800	125.000000
0.356820	116.000000
0.356840	112.000000
0.356860	114.000000
0.356880	119.000000
0.356900	125.000000
0.356920	134.000000
0.356940	143.000000
0.356960	155.000000
0.356980	167.000000
0.357000	179.000000
0.357020	190.000000
0.357040	198.000000
0.357060	201.000000
0.357080	196.000000
0.357100	185.000000
0.357120	168.000000
0.357140	148.000000
0.357160	127.000000
0.357180	109.000000
0.357200	95.000000
0.357220	87.000000
0.357240	87.000000
0.357260	94.000000
0.357280	108.000000
0.357300	127.000000
0.357320	147.000000
0.357340	166.000000
0.357360	182.000000
0.357380	194.000000
0.357400	200.000000
0.357420	200.000000
0.357440	194.000000
0.357460	183.000000
0.357480	168.000000
0.357500	151.000000
0.357520	134.000000
0.357540	120.000000
0.357560	111.000000
0.357580	106.000000
0.357600	107.000000
0.357620	113.000000
0.357640	122.000000
0.357660	133.000000
0.357680	145.000000
0.357700	157.000000
0.357720	166.000000
0.357740	173.000000
0.357760	177.000000
0.357780	176.000000
0.357800	171.000000
0.357820	164.000000
0.357840	155.000000
0.357860	147.000000
0.357880	141.000000
0.357900	136.000000
0.357920	133.000000
0.357940	132.000000
0.357960	133.000000
0.357980	135.000000
0.358000	139.000000
0.358020	144.000000
0.358040	149.000000
0.358060	153.000000
0.358080	155.000000
0.358100	157.000000
0.358120	158.000000
0.358140	157.000000
0.358160	156.000000
0.358180	153.000000
0.358200	150.000000
0.358220	146.000000
0.358240	143.000000
0.358260	142.000000
0.358280	141.000000
0.358300	141.000000
0.358320	143.000000
0.358340	144.000000
0.358360	146.000000
0.358380	147.000000
0.358400	148.000000
0.358420	148.000000
0.358440	149.000000
0.358460	150.000000
0.358480	151.000000
0.358500	151.000000
0.358520	151.000000
0.358540	151.000000
0.358560	151.000000
0.358580	151.000000
0.358600	149.000000
0.358620	147.000000
0.358640	146.000000
0.358660	145.000000
0.358680	145.000000
0.358700	145.000000
0.358720	145.000000
0.358740	145.000000
0.358760	145.000000
0.358780	146.000000
0.358800	147.000000
0.358820	149.000000
0.358840	150.000000
0.358860	151.000000
0.358880	151.000000
0.358900	150.000000
0.358920	151.000000
0.358940	152.000000
0.358960	152.000000
0.358980	152.000000
0.359000	149.000000
0.359020	147.000000
0.359040	145.000000
0.359060	144.000000
0.359080	145.000000
0.359100	145.000000
0.359120	145.000000
0.359140	146.000000
0.359160	146.000000
0.359180	147.000000
0.359200	148.000000
0.359220	148.000000
0.359240	148.000000
0.359260	149.000000
0.359280	149.000000
0.359300	149.000000
0.359320	149.000000
0.359340	150.000000
0.359360	151.000000
0.359380	153.000000
0.359400	154.000000
0.359420	154.000000
0.359440	153.000000
0.359460	150.000000
0.359480	147.000000
0.359500	144.000000
0.359520	143.000000
0.359540	143.000000
0.359560	145.000000
0.359580	146.000000
0.359600	144.000000
0.359620	140.000000
0.359640	136.000000
0.359660	135.000000
0.359680	139.000000
0.359700	147.000000
0.359720	154.000000
0.359740	159.000000
0.359760	160.000000
0.359780	158.000000
0.359800	155.000000
0.359820	153.000000
0.359840	153.000000
0.359860	155.000000
0.359880	158.000000
0.359900	158.000000
0.359920	155.000000
0.359940	149.000000
0.359960	141.000000
0.359980	134.000000
0.360000	128.000000
0.360020	126.000000
0.360040	127.000000
0.360060	130.000000
0.360080	134.000000
0.360100	138.000000
0.360120	143.000000
0.360140	149.000000
0.360160	156.000000
0.360180	164.000000
0.360200	171.000000
0.360220	176.000000
0.360240	178.000000
0.360260	176.000000
0.360280	170.000000
0.360300	161.000000
0.360320	150.000000
0.360340	139.000000
0.360360	129.000000
0.360380	120.000000
0.360400	115.000000
0.360420	112.000000
0.360440	115.000000
0.360460	122.000000
0.360480	132.000000
0.360500	143.000000
0.360520	153.000000
0.360540	162.000000
0.360560	169.000000
0.360580	174.000000
0.360600	175.000000
0.360620	173.000000
0.360640	168.000000
0.360660	161.000000
0.360680	153.000000
0.360700	144.000000
0.360720	136.000000
0.360740	130.000000
0.360760	127.000000
0.360780	127.000000
0.360800	130.000000
0.360820	135.000000
0.360840	141.000000
0.360860	147.000000
0.360880	152.000000
0.360900	156.000000
0.360920	159.000000
0.360940	160.000000
0.360960	160.000000
0.360980	159.000000
0.361000	156.000000
0.361020	152.000000
0.361040	149.000000
0.361060	145.000000
0.361080	142.000000
0.361100	140.000000
0.361120	139.000000
0.361140	139.000000
0.361160	141.000000
0.361180	143.000000
0.361200	145.000000
0.361220	148.000000
0.361240	150.000000
0.361260	153.000000
0.361280	155.000000
0.361300	155.000000
0.361320	155.000000
0.361340	152.000000
0.361360	150.000000
0.361380	149.000000
0.361400	148.000000
0.361420	147.000000
0.361440	146.000000
0.361460	145.000000
0.361480	145.000000
0.361500	145.000000
0.361520	145.000000
0.361540	145.000000
0.361560	146.000000
0.361580	147.000000
0.361600	148.000000
0.361620	148.000000
0.361640	149.000000
0.361660	149.000000
0.361680	150.000000
0.361700	150.000000
0.361720	150.000000
0.361740	150.000000
0.361760	150.000000
0.361780	150.000000
0.361800	149.000000
0.361820	148.000000
0.361840	148.000000
0.361860	147.000000
0.361880	147.000000
0.361900	146.000000
0.361920	145.000000
0.361940	144.000000
0.361960	143.000000
0.361980	144.000000
0.362000	145.000000
0.362020	147.000000
0.362040	148.000000
0.362060	150.000000
0.362080	151.000000
0.362100	152.000000
0.362120	153.000000
0.362140	152.000000
0.362160	152.000000
0.362180	151.000000
0.362200	151.000000
0.362220	150.000000
0.362240	148.000000
0.362260	147.000000
0.362280	145.000000
0.362300	145.000000
0.362320	144.000000
0.362340	144.000000
0.362360	145.000000
0.362380	146.000000
0.362400	148.000000
0.362420	149.000000
0.362440	150.000000
0.362460	150.000000
0.362480	150.000000
0.362500	151.000000
0.362520	152.000000
0.362540	153.000000
0.362560	153.000000
0.362580	152.000000
0.362600	152.000000
0.362620	150.000000
0.362640	149.000000
0.362660	147.000000
0.362680	146.000000
0.362700	145.000000
0.362720	146.000000
0.362740	146.000000
0.362760	147.000000
0.362780	146.000000
0.362800	145.000000
0.362820	143.000000
0.362840	143.000000
0.362860	145.000000
0.362880	149.000000
0.362900	153.000000
0.362920	155.000000
0.362940	155.000000
0.362960	152.000000
0.362980	148.000000
0.363000	146.000000
0.363020	147.000000
0.363040	150.000000
0.363060	153.000000
0.363080	154.000000
0.363100	153.000000
0.363120	150.000000
0.363140	145.000000
0.363160	141.000000
0.363180	138.000000
0.363200	137.000000
0.363220	138.000000
0.363240	139.000000
0.363260	141.000000
0.363280	143.000000
0.363300	146.000000
0.363320	150.000000
0.363340	154.000000
0.363360	158.000000
0.363380	161.000000
0.363400	163.000000
0.363420	164.000000
0.363440	162.000000
0.363460	158.000000
0.363480	152.000000
0.363500	146.000000
0.363520	140.000000
0.363540	135.000000
0.363560	133.000000
0.363580	131.000000
0.363600	132.000000
0.363620	135.000000
0.363640	139.000000
0.363660	144.000000
0.363680	150.000000
0.363700	155.000000
0.363720	159.000000
0.363740	160.000000
0.363760	160.000000
0.363780	159.000000
0.363800	156.000000
0.363820	153.000000
0.363840	150.000000
0.363860	146.000000
0.363880	143.000000
0.363900	142.000000
0.363920	141.000000
0.363940	141.000000
0.363960	142.000000
0.363980	144.000000
0.364000	145.000000
0.364020	148.000000
0.364040	150.000000
0.364060	151.000000
0.364080	151.000000
0.364100	151.000000
0.364120	151.000000
0.364140	151.000000
0.364160	150.000000
0.364180	149.000000
0.364200	147.000000
0.364220	146.000000
0.364240	145.000000
0.364260	144.000000
0.364280	144.000000
0.364300	144.000000
0.364320	145.000000
0.364340	146.000000
0.364360	147.000000
0.364380	147.000000
0.364400	148.000000
0.364420	149.000000
0.364440	149.000000
0.364460	150.000000
0.364480	149.000000
0.364500	149.000000
0.364520	148.000000
0.364540	148.000000
0.364560	147.000000
0.364580	147.000000
0.364600	148.000000
0.364620	148.000000
0.364640	147.000000
0.364660	147.000000
0.364680	146.000000
0.364700	146.000000
0.364720	146.000000
0.364740	146.000000
0.364760	146.000000
0.364780	146.000000
0.364800	147.000000
0.364820	147.000000
0.364840	147.000000
0.364860	148.000000
0.364880	148.000000
0.364900	149.000000
0.364920	149.000000
0.364940	149.000000
0.364960	149.000000
0.364980	149.000000
0.365000	149.000000
0.365020	149.000000
0.365040	149.000000
0.365060	148.000000
0.365080	147.000000
0.365100	146.000000
0.365120	145.000000
0.365140	145.000000
0.365160	144.000000
0.365180	145.000000
0.365200	145.000000
0.365220	146.000000
0.365240	147.000000
0.365260	149.000000
0.365280	150.000000
0.365300	151.000000
0.365320	152.000000
0.365340	152.000000
0.365360	151.000000
0.365380	150.000000
0.365400	150.000000
0.365420	149.000000
0.365440	148.000000
0.365460	147.000000
0.365480	145.000000
0.365500	144.000000
0.365520	144.000000
0.365540	144.000000
0.365560	145.000000
0.365580	146.000000
0.365600	147.000000
0.365620	148.000000
0.365640	149.000000
0.365660	149.000000
0.365680	149.000000
0.365700	150.000000
0.365720	151.000000
0.365740	151.000000
0.365760	151.000000
0.365780	151.000000
0.365800	149.000000
0.365820	148.000000
0.365840	146.000000
0.365860	144.000000
0.365880	143.000000
0.365900	145.000000
0.365920	147.000000
0.365940	150.000000
0.365960	150.000000
0.365980	149.000000
0.366000	147.000000
0.366020	146.000000
0.366040	148.000000
0.366060	151.000000
0.366080	154.000000
0.366100	155.000000
0.366120	154.000000
0.366140	151.000000
0.366160	147.000000
0.366180	144.000000
0.366200	144.000000
0.366220	147.000000
0.366240	150.000000
0.366260	151.000000
0.366280	150.000000
0.366300	147.000000
0.366320	144.000000
0.366340	142.000000
0.366360	142.000000
0.366380	142.000000
0.366400	144.000000
0.366420	146.000000
0.366440	148.000000
0.366460	150.000000
0.366480	152.000000
0.366500	153.000000
0.366520	154.000000
0.366540	156.000000
0.366560	157.000000
0.366580	156.000000
0.366600	155.000000
0.366620	153.000000
0.366640	149.000000
0.366660	144.000000
0.366680	139.000000
0.366700	135.000000
0.366720	133.000000
0.366740	134.000000
0.366760	138.000000
0.366780	142.000000
0.366800	146.000000
0.366820	151.000000
0.366840	155.000000
0.366860	158.000000
0.366880	159.000000
0.366900	158.000000
0.366920	157.000000
0.366940	155.000000
0.366960	152.000000
0.366980	148.000000
0.367000	144.000000
0.367020	140.000000
0.367040	138.000000
0.367060	137.000000
0.367080	138.000000
0.367100	140.000000
0.367120	143.000000
0.367140	147.000000
0.367160	150.000000
0.367180	152.000000
0.367200	153.000000
0.367220	153.000000
0.367240	153.000000
0.367260	152.000000
0.367280	152.000000
0.367300	150.000000
0.367320	147.000000
0.367340	145.000000
0.367360	144.000000
0.367380	143.000000
0.367400	143.000000
0.367420	143.000000
0.367440	144.000000
0.367460	146.000000
0.367480	148.000000
0.367500	148.000000
0.367520	148.000000
0.367540	148.000000
0.367560	148.000000
0.367580	149.000000
0.367600	150.000000
0.367620	149.000000
0.367640	147.000000
0.367660	145.000000
0.367680	145.000000
0.367700	145.000000
0.367720	146.000000
0.367740	147.000000
0.367760	147.000000
0.367780	148.000000
0.367800	149.000000
0.367820	150.000000
0.367840	150.000000
0.367860	151.000000
0.367880	151.000000
0.367900	151.000000
0.367920	151.000000
0.367940	150.000000
0.367960	149.000000
0.367980	148.000000
0.368000	148.000000
0.368020	148.000000
0.368040	148.000000
0.368060	148.000000
0.368080	147.000000
0.368100	148.000000
0.368120	148.000000
0.368140	150.000000
0.368160	150.000000
0.368180	150.000000
0.368200	149.000000
0.368220	149.000000
0.368240	148.000000
0.368260	148.000000
0.368280	148.000000
0.368300	147.000000
0.368320	146.000000
0.368340	145.000000
0.368360	144.000000
0.368380	144.000000
0.368400	144.000000
0.368420	146.000000
0.368440	149.000000
0.368460	151.000000
0.368480	152.000000
0.368500	152.000000
0.368520	151.000000
0.368540	151.000000
0.368560	150.000000
0.368580	149.000000
0.368600	148.000000
0.368620	147.000000
0.368640	146.000000
0.368660	145.000000
0.368680	145.000000
0.368700	144.000000
0.368720	144.000000
0.368740	144.000000
0.368760	146.000000
0.368780	147.000000
0.368800	148.000000
0.368820	149.000000
0.368840	150.000000
0.368860	150.000000
0.368880	150.000000
0.368900	150.000000
0.368920	150.000000
0.368940	150.000000
0.368960	151.000000
0.368980	150.000000
0.369000	148.000000
0.369020	146.000000
0.369040	145.000000
0.369060	145.000000
0.369080	146.000000
0.369100	148.000000
0.369120	149.000000
0.369140	150.000000
0.369160	149.000000
0.369180	148.000000
0.369200	146.000000
0.369220	146.000000
0.369240	148.000000
0.369260	151.000000
0.369280	154.000000
0.369300	154.000000
0.369320	151.000000
0.369340	147.000000
0.369360	144.000000
0.369380	142.000000
0.369400	143.000000
0.369420	145.000000
0.369440	148.000000
0.369460	150.000000
0.369480	150.000000
0.369500	147.000000
0.369520	144.000000
0.369540	143.000000
0.369560	143.000000
0.369580	146.000000
0.369600	149.000000
0.369620	152.000000
0.369640	154.000000
0.369660	156.000000
0.369680	156.000000
0.369700	155.000000
0.369720	154.000000
0.369740	153.000000
0.369760	152.000000
0.369780	151.000000
0.369800	147.000000
0.369820	142.000000
0.369840	138.000000
0.369860	135.000000
0.369880	133.000000
0.369900	133.000000
0.369920	135.000000
0.369940	137.000000
0.369960	143.000000
0.369980	149.000000
0.370000	155.000000
0.370020	160.000000
0.370040	162.000000
0.370060	162.000000
0.370080	161.000000
0.370100	159.000000
0.370120	155.000000
0.370140	150.000000
0.370160	145.000000
0.370180	140.000000
0.370200	136.000000
0.370220	134.000000
0.370240	134.000000
0.370260	136.000000
0.370280	139.000000
0.370300	143.000000
0.370320	147.000000
0.370340	152.000000
0.370360	155.000000
0.370380	158.000000
0.370400	158.000000
0.370420	157.000000
0.370440	155.000000
0.370460	152.000000
0.370480	149.000000
0.370500	146.000000
0.370520	144.000000
0.370540	142.000000
0.370560	142.000000
0.370580	142.000000
0.370600	142.000000
0.370620	143.000000
0.370640	145.000000
0.370660	147.000000
0.370680	150.000000
0.370700	151.000000
0.370720	151.000000
0.370740	150.000000
0.370760	150.000000
0.370780	149.000000
0.370800	149.000000
0.370820	148.000000
0.370840	147.000000
0.370860	146.000000
0.370880	146.000000
0.370900	148.000000
0.370920	149.000000
0.370940	149.000000
0.370960	149.000000
0.370980	150.000000
0.371000	150.000000
0.371020	151.000000
0.371040	151.000000
0.371060	150.000000
0.371080	150.000000
0.371100	150.000000
0.371120	149.000000
0.371140	147.000000
0.371160	146.000000
0.371180	147.000000
0.371200	148.000000
0.371220	148.000000
0.371240	148.000000
0.371260	147.000000
0.371280	146.000000
0.371300	147.000000
0.371320	149.000000
0.371340	151.000000
0.371360	151.000000
0.371380	150.000000
0.371400	150.000000
0.371420	149.000000
0.371440	149.000000
0.371460	148.000000
0.371480	147.000000
0.371500	146.000000
0.371520	145.000000
0.371540	145.000000
0.371560	144.000000
0.371580	144.000000
0.371600	145.000000
0.371620	146.000000
0.371640	148.000000
0.371660	149.000000
0.371680	150.000000
0.371700	151.000000
0.371720	151.000000
0.371740	151.000000
0.371760	150.000000
0.371780	149.000000
0.371800	147.000000
0.371820	147.000000
0.371840	146.000000
0.371860	146.000000
0.371880	145.000000
0.371900	145.000000
0.371920	145.000000
0.371940	145.000000
0.371960	146.000000
0.371980	147.000000
0.372000	148.000000
0.372020	149.000000
0.372040	150.000000
0.372060	150.000000
0.372080	150.000000
0.372100	151.000000
0.372120	151.000000
0.372140	150.000000
0.372160	148.000000
0.372180	145.000000
0.372200	143.000000
0.372220	142.000000
0.372240	142.000000
0.372260	143.000000
0.372280	145.000000
0.372300	148.000000
0.372320	150.000000
0.372340	151.000000
0.372360	150.000000
0.372380	149.000000
0.372400	149.000000
0.372420	150.000000
0.372440	152.000000
0.372460	154.000000
0.372480	154.000000
0.372500	152.000000
0.372520	148.000000
0.372540	145.000000
0.372560	143.000000
0.372580	142.000000
0.372600	144.000000
0.372620	146.000000
0.372640	147.000000
0.372660	147.000000
0.372680	145.000000
0.372700	143.000000
0.372720	142.000000
0.372740	142.000000
0.372760	144.000000
0.372780	147.000000
0.372800	151.000000
0.372820	155.000000
0.372840	157.000000
0.372860	158.000000
0.372880	157.000000
0.372900	156.000000
0.372920	155.000000
0.372940	154.000000
0.372960	151.000000
0.372980	147.000000
0.373000	142.000000
0.373020	138.000000
0.373040	134.000000
0.373060	132.000000
0.373080	132.000000
0.373100	133.000000
0.373120	136.000000
0.373140	142.000000
0.373160	149.000000
0.373180	155.000000
0.373200	160.000000
0.373220	163.000000
0.373240	165.000000
0.373260	165.000000
0.373280	163.000000
0.373300	159.000000
0.373320	153.000000
0.373340	147.000000
0.373360	141.000000
0.373380	136.000000
0.373400	132.000000
0.373420	132.000000
0.373440	133.000000
0.373460	136.000000
0.373480	140.000000
0.373500	145.000000
0.373520	149.000000
0.373540	153.000000
0.373560	156.000000
0.373580	158.000000
0.373600	159.000000
0.373620	159.000000
0.373640	157.000000
0.373660	153.000000
0.373680	149.000000
0.373700	145.000000
0.373720	143.000000
0.373740	142.000000
0.373760	142.000000
0.373780	142.000000
0.373800	143.000000
0.373820	145.000000
0.373840	147.000000
0.373860	149.000000
0.373880	151.000000
0.373900	151.000000
0.373920	151.000000
0.373940	151.000000
0.373960	150.000000
0.373980	149.000000
0.374000	148.000000
0.374020	147.000000
0.374040	147.000000
0.374060	147.000000
0.374080	148.000000
0.374100	147.000000
0.374120	147.000000
0.374140	147.000000
0.374160	147.000000
0.374180	147.000000
0.374200	147.000000
0.374220	147.000000
0.374240	148.000000
0.374260	149.000000
0.374280	149.000000
0.374300	149.000000
0.374320	148.000000
0.374340	148.000000
0.374360	147.000000
0.374380	146.000000
0.374400	146.000000
0.374420	146.000000
0.374440	147.000000
0.374460	147.000000
0.374480	148.000000
0.374500	148.000000
0.374520	148.000000
0.374540	148.000000
0.374560	149.000000
0.374580	150.000000
0.374600	149.000000
0.374620	148.000000
0.374640	146.000000
0.374660	145.000000
0.374680	145.000000
0.374700	144.000000
0.374720	143.000000
0.374740	142.000000
0.374760	142.000000
0.374780	143.000000
0.374800	145.000000
0.374820	147.000000
0.374840	148.000000
0.374860	149.000000
0.374880	151.000000
0.374900	152.000000
0.374920	152.000000
0.374940	152.000000
0.374960	151.000000
0.374980	149.000000
0.375000	147.000000
0.375020	146.000000
0.375040	146.000000
0.375060	145.000000
0.375080	145.000000
0.375100	144.000000
0.375120	144.000000
0.375140	144.000000
0.375160	146.000000
0.375180	148.000000
0.375200	149.000000
0.375220	150.000000
0.375240	150.000000
0.375260	150.000000
0.375280	151.000000
0.375300	151.000000
0.375320	151.000000
0.375340	150.000000
0.375360	149.000000
0.375380	148.000000
0.375400	147.000000
0.375420	145.000000
0.375440	144.000000
0.375460	144.000000
0.375480	146.000000
0.375500	148.000000
0.375520	149.000000
0.375540	149.000000
0.375560	148.000000
0.375580	147.000000
0.375600	148.000000
0.375620	150.000000
0.375640	152.000000
0.375660	153.000000
0.375680	153.000000
0.375700	151.000000
0.375720	149.000000
0.375740	146.000000
0.375760	144.000000
0.375780	143.000000
0.375800	144.000000
0.375820	146.000000
0.375840	148.000000
0.375860	149.000000
0.375880	147.000000
0.375900	144.000000
0.375920	143.000000
0.375940	143.000000
0.375960	145.000000
0.375980	148.000000
0.376000	151.000000
0.376020	153.000000
0.376040	155.000000
0.376060	156.000000
0.376080	156.000000
0.376100	156.000000
0.376120	154.000000
0.376140	152.000000
0.376160	148.000000
0.376180	144.000000
0.376200	140.000000
0.376220	136.000000
0.376240	134.000000
0.376260	133.000000
0.376280	133.000000
0.376300	136.000000
0.376320	140.000000
0.376340	146.000000
0.376360	152.000000
0.376380	157.000000
0.376400	162.000000
0.376420	164.000000
0.376440	165.000000
0.376460	165.000000
0.376480	162.000000
0.376500	157.000000
0.376520	150.000000
0.376540	143.000000
0.376560	137.000000
0.376580	133.000000
0.376600	131.000000
0.376620	131.000000
0.376640	134.000000
0.376660	137.000000
0.376680	141.000000
0.376700	146.000000
0.376720	151.000000
0.376740	155.000000
0.376760	158.000000
0.376780	159.000000
0.376800	159.000000
0.376820	157.000000
0.376840	155.000000
0.376860	153.000000
0.376880	150.000000
0.376900	147.000000
0.376920	145.000000
0.376940	143.000000
0.376960	142.000000
0.376980	142.000000
0.377000	143.000000
0.377020	144.000000
0.377040	146.000000
0.377060	147.000000
0.377080	149.000000
0.377100	150.000000
0.377120	151.000000
0.377140	151.000000
0.377160	150.000000
0.377180	150.000000
0.377200	150.000000
0.377220	150.000000
0.377240	150.000000
0.377260	150.000000
0.377280	149.000000
0.377300	149.000000
0.377320	148.000000
0.377340	148.000000
0.377360	147.000000
0.377380	148.000000
0.377400	148.000000
0.377420	148.000000
0.377440	148.000000
0.377460	147.000000
0.377480	146.000000
0.377500	145.000000
0.377520	145.000000
0.377540	145.000000
0.377560	145.000000
0.377580	145.000000
0.377600	146.000000
0.377620	147.000000
0.377640	148.000000
0.377660	149.000000
0.377680	150.000000
0.377700	150.000000
0.377720	150.000000
0.377740	149.000000
0.377760	149.000000
0.377780	149.000000
0.377800	149.000000
0.377820	148.000000
0.377840	147.000000
0.377860	145.000000
0.377880	144.000000
0.377900	143.000000
0.377920	142.000000
0.377940	143.000000
0.377960	144.000000
0.377980	145.000000
0.378000	147.000000
0.378020	149.000000
0.378040	149.000000
0.378060	150.000000
0.378080	150.000000
0.378100	151.000000
0.378120	152.000000
0.378140	151.000000
0.378160	150.000000
0.378180	148.000000
0.378200	147.000000
0.378220	146.000000
0.378240	146.000000
0.378260	147.000000
0.378280	147.000000
0.378300	147.000000
0.378320	146.000000
0.378340	146.000000
0.378360	146.000000
0.378380	146.000000
0.378400	146.000000
0.378420	146.000000
0.378440	146.000000
0.378460	147.000000
0.378480	148.000000
0.378500	150.000000
0.378520	151.000000
0.378540	151.000000
0.378560	150.000000
0.378580	149.000000
0.378600	147.000000
0.378620	146.000000
0.378640	146.000000
0.378660	146.000000
0.378680	147.000000
0.378700	148.000000
0.378720	149.000000
0.378740	149.000000
0.378760	148.000000
0.378780	147.000000
0.378800	147.000000
0.378820	149.000000
0.378840	151.000000
0.378860	153.000000
0.378880	153.000000
0.378900	152.000000
0.378920	150.000000
0.378940	148.000000
0.378960	147.000000
0.378980	146.000000
0.379000	146.000000
0.379020	147.000000
0.379040	147.000000
0.379060	146.000000
0.379080	144.000000
0.379100	143.000000
0.379120	143.000000
0.379140	144.000000
0.379160	146.000000
0.379180	149.000000
0.379200	152.000000
0.379220	154.000000
0.379240	156.000000
0.379260	156.000000
0.379280	155.000000
0.379300	153.000000
0.379320	151.000000
0.379340	149.000000
0.379360	146.000000
0.379380	144.000000
0.379400	140.000000
0.379420	137.000000
0.379440	135.000000
0.379460	134.000000
0.379480	135.000000
0.379500	138.000000
0.379520	142.000000
0.379540	147.000000
0.379560	152.000000
0.379580	157.000000
0.379600	161.000000
0.379620	163.000000
0.379640	163.000000
0.379660	160.000000
0.379680	157.000000
0.379700	153.000000
0.379720	148.000000
0.379740	143.000000
0.379760	138.000000
0.379780	134.000000
0.379800	133.000000
0.379820	134.000000
0.379840	137.000000
0.379860	140.000000
0.379880	144.000000
0.379900	147.000000
0.379920	151.000000
0.379940	155.000000
0.379960	158.000000
0.379980	159.000000
0.380000	159.000000
0.380020	158.000000
0.380040	156.000000
0.380060	153.000000
0.380080	149.000000
0.380100	146.000000
0.380120	143.000000
0.380140	142.000000
0.380160	142.000000
0.380180	143.000000
0.380200	144.000000
0.380220	144.000000
0.380240	145.000000
0.380260	146.000000
0.380280	147.000000
0.380300	149.000000
0.380320	151.000000
0.380340	151.000000
0.380360	151.000000
0.380380	150.000000
0.380400	149.000000
0.380420	149.000000
0.380440	150.000000
0.380460	151.000000
0.380480	150.000000
0.380500	149.000000
0.380520	147.000000
0.380540	145.000000
0.380560	145.000000
0.380580	145.000000
0.380600	145.000000
0.380620	146.000000
0.380640	146.000000
0.380660	146.000000
0.380680	146.000000
0.380700	147.000000
0.380720	147.000000
0.380740	147.000000
0.380760	147.000000
0.380780	147.000000
0.380800	148.000000
0.380820	148.000000
0.380840	148.000000
0.380860	149.000000
0.380880	149.000000
0.380900	150.000000
0.380920	150.000000
0.380940	150.000000
0.380960	149.000000
0.380980	149.000000
0.381000	148.000000
0.381020	147.000000
0.381040	145.000000
0.381060	144.000000
0.381080	143.000000
0.381100	143.000000
0.381120	143.000000
0.381140	144.000000
0.381160	145.000000
0.381180	146.000000
0.381200	147.000000
0.381220	148.000000
0.381240	149.000000
0.381260	150.000000
0.381280	151.000000
0.381300	151.000000
0.381320	150.000000
0.381340	150.000000
0.381360	149.000000
0.381380	149.000000
0.381400	148.000000
0.381420	147.000000
0.381440	145.000000
0.381460	145.000000
0.381480	145.000000
0.381500	146.000000
0.381520	147.000000
0.381540	147.000000
0.381560	146.000000
0.381580	146.000000
0.381600	147.000000
0.381620	148.000000
0.381640	149.000000
0.381660	150.000000
0.381680	151.000000
0.381700	151.000000
0.381720	151.000000
0.381740	150.000000
0.381760	149.000000
0.381780	147.000000
0.381800	146.000000
0.381820	145.000000
0.381840	144.000000
0.381860	144.000000
0.381880	145.000000
0.381900	147.000000
0.381920	148.000000
0.381940	149.000000
0.381960	148.000000
0.381980	148.000000
0.382000	149.000000
0.382020	151.000000
0.382040	152.000000
0.382060	152.000000
0.382080	151.000000
0.382100	150.000000
0.382120	148.000000
0.382140	146.000000
0.382160	145.000000
0.382180	144.000000
0.382200	144.000000
0.382220	145.000000
0.382240	144.000000
0.382260	144.000000
0.382280	143.000000
0.382300	143.000000
0.382320	144.000000
0.382340	146.000000
0.382360	148.000000
0.382380	151.000000
0.382400	153.000000
0.382420	155.000000
0.382440	155.000000
0.382460	154.000000
0.382480	152.000000
0.382500	150.000000
0.382520	149.000000
0.382540	147.000000
0.382560	144.000000
0.382580	140.000000
0.382600	137.000000
0.382620	135.000000
0.382640	135.000000
0.382660	136.000000
0.382680	138.000000
0.382700	141.000000
0.382720	146.000000
0.382740	150.000000
0.382760	154.000000
0.382780	158.000000
0.382800	160.000000
0.382820	161.000000
0.382840	160.000000
0.382860	158.000000
0.382880	154.000000
0.382900	150.000000
0.382920	146.000000
0.382940	142.000000
0.382960	138.000000
0.382980	135.000000
0.383000	134.000000
0.383020	135.000000
0.383040	137.000000
0.383060	141.000000
0.383080	145.000000
0.383100	149.000000
0.383120	153.000000
0.383140	156.000000
0.383160	157.000000
0.383180	157.000000
0.383200	157.000000
0.383220	156.000000
0.383240	154.000000
0.383260	151.000000
0.383280	147.000000
0.383300	145.000000
0.383320	144.000000
0.383340	144.000000
0.383360	143.000000
0.383380	142.000000
0.383400	142.000000
0.383420	144.000000
0.383440	146.000000
0.383460	147.000000
0.383480	147.000000
0.383500	149.000000
0.383520	151.000000
0.383540	153.000000
0.383560	152.000000
0.383580	150.000000
0.383600	150.000000
0.383620	152.000000
0.383640	153.000000
0.383660	147.000000
0.383680	134.000000
