0.343700	102.000000
0.343720	59.000000
0.343740	120.000000
0.343760	165.000000
0.343780	169.000000
0.343800	147.000000
0.343820	133.000000
0.343840	141.000000
0.343860	157.000000
0.343880	160.000000
0.343900	151.000000
0.343920	142.000000
0.343940	144.000000
0.343960	151.000000
0.343980	152.000000
0.344000	146.000000
0.344020	141.000000
0.344040	144.000000
0.344060	151.000000
0.344080	152.000000
0.344100	148.000000
0.344120	144.000000
0.344140	147.000000
0.344160	152.000000
0.344180	154.000000
0.344200	150.000000
0.344220	147.000000
0.344240	148.000000
0.344260	152.000000
0.344280	153.000000
0.344300	149.000000
0.344320	146.000000
0.344340	146.000000
0.344360	149.000000
0.344380	150.000000
0.344400	147.000000
0.344420	143.000000
0.344440	143.000000
0.344460	146.000000
0.344480	147.000000
0.344500	147.000000
0.344520	146.000000
0.344540	148.000000
0.344560	151.000000
0.344580	151.000000
0.344600	149.000000
0.344620	148.000000
0.344640	150.000000
0.344660	153.000000
0.344680	154.000000
0.344700	152.000000
0.344720	149.000000
0.344740	149.000000
0.344760	150.000000
0.344780	149.000000
0.344800	147.000000
0.344820	145.000000
0.344840	145.000000
0.344860	147.000000
0.344880	147.000000
0.344900	146.000000
0.344920	145.000000
0.344940	147.000000
0.344960	149.000000
0.344980	150.000000
0.345000	148.000000
0.345020	147.000000
0.345040	147.000000
0.345060	150.000000
0.345080	151.000000
0.345100	150.000000
0.345120	148.000000
0.345140	147.000000
0.345160	148.000000
0.345180	148.000000
0.345200	148.000000
0.345220	147.000000
0.345240	149.000000
0.345260	150.000000
0.345280	150.000000
0.345300	149.000000
0.345320	147.000000
0.345340	147.000000
0.345360	149.000000
0.345380	150.000000
0.345400	149.000000
0.345420	147.000000
0.345440	146.000000
0.345460	146.000000
0.345480	147.000000
0.345500	146.000000
0.345520	146.000000
0.345540	148.000000
0.345560	150.000000
0.345580	151.000000
0.345600	151.000000
0.345620	150.000000
0.345640	149.000000
0.345660	150.000000
0.345680	149.000000
0.345700	149.000000
0.345720	148.000000
0.345740	148.000000
0.345760	148.000000
0.345780	148.000000
0.345800	147.000000
0.345820	146.000000
0.345840	146.000000
0.345860	146.000000
0.345880	146.000000
0.345900	145.000000
0.345920	145.000000
0.345940	147.000000
0.345960	149.000000
0.345980	150.000000
0.346000	150.000000
0.346020	149.000000
0.346040	150.000000
0.346060	150.000000
0.346080	150.000000
0.346100	149.000000
0.346120	148.000000
0.346140	149.000000
0.346160	149.000000
0.346180	149.000000
0.346200	147.000000
0.346220	146.000000
0.346240	146.000000
0.346260	147.000000
0.346280	146.000000
0.346300	145.000000
0.346320	145.000000
0.346340	146.000000
0.346360	148.000000
0.346380	149.000000
0.346400	149.000000
0.346420	148.000000
0.346440	149.000000
0.346460	149.000000
0.346480	150.000000
0.346500	149.000000
0.346520	149.000000
0.346540	149.000000
0.346560	149.000000
0.346580	150.000000
0.346600	149.000000
0.346620	148.000000
0.346640	147.000000
0.346660	148.000000
0.346680	148.000000
0.346700	147.000000
0.346720	147.000000
0.346740	148.000000
0.346760	149.000000
0.346780	149.000000
0.346800	147.000000
0.346820	146.000000
0.346840	146.000000
0.346860	148.000000
0.346880	150.000000
0.346900	151.000000
0.346920	149.000000
0.346940	148.000000
0.346960	148.000000
0.346980	148.000000
0.347000	147.000000
0.347020	147.000000
0.347040	147.000000
0.347060	148.000000
0.347080	149.000000
0.347100	149.000000
0.347120	149.000000
0.347140	148.000000
0.347160	147.000000
0.347180	147.000000
0.347200	146.000000
0.347220	146.000000
0.347240	146.000000
0.347260	147.000000
0.347280	148.000000
0.347300	148.000000
0.347320	148.000000
0.347340	148.000000
0.347360	149.000000
0.347380	150.000000
0.347400	151.000000
0.347420	151.000000
0.347440	151.000000
0.347460	150.000000
0.347480	150.000000
0.347500	149.000000
0.347520	149.000000
0.347540	149.000000
0.347560	149.000000
0.347580	148.000000
0.347600	147.000000
0.347620	146.000000
0.347640	146.000000
0.347660	147.000000
0.347680	147.000000
0.347700	147.000000
0.347720	147.000000
0.347740	148.000000
0.347760	149.000000
0.347780	149.000000
0.347800	148.000000
0.347820	147.000000
0.347840	148.000000
0.347860	150.000000
0.347880	151.000000
0.347900	151.000000
0.347920	150.000000
0.347940	149.000000
0.347960	149.000000
0.347980	149.000000
0.348000	148.000000
0.348020	148.000000
0.348040	148.000000
0.348060	148.000000
0.348080	148.000000
0.348100	147.000000
0.348120	147.000000
0.348140	147.000000
0.348160	148.000000
0.348180	149.000000
0.348200	150.000000
0.348220	151.000000
0.348240	151.000000
0.348260	151.000000
0.348280	150.000000
0.348300	148.000000
0.348320	147.000000
0.348340	147.000000
0.348360	148.000000
0.348380	148.000000
0.348400	147.000000
0.348420	146.000000
0.348440	146.000000
0.348460	147.000000
0.348480	148.000000
0.348500	148.000000
0.348520	147.000000
0.348540	146.000000
0.348560	147.000000
0.348580	148.000000
0.348600	148.000000
0.348620	148.000000
0.348640	147.000000
0.348660	147.000000
0.348680	147.000000
0.348700	147.000000
0.348720	148.000000
0.348740	149.000000
0.348760	150.000000
0.348780	151.000000
0.348800	151.000000
0.348820	150.000000
0.348840	149.000000
0.348860	149.000000
0.348880	149.000000
0.348900	149.000000
0.348920	150.000000
0.348940	150.000000
0.348960	149.000000
0.348980	147.000000
0.349000	146.000000
0.349020	145.000000
0.349040	146.000000
0.349060	146.000000
0.349080	146.000000
0.349100	146.000000
0.349120	147.000000
0.349140	148.000000
0.349160	149.000000
0.349180	149.000000
0.349200	149.000000
0.349220	149.000000
0.349240	149.000000
0.349260	149.000000
0.349280	149.000000
0.349300	149.000000
0.349320	148.000000
0.349340	148.000000
0.349360	149.000000
0.349380	149.000000
0.349400	149.000000
0.349420	148.000000
0.349440	148.000000
0.349460	148.000000
0.349480	148.000000
0.349500	147.000000
0.349520	147.000000
0.349540	147.000000
0.349560	147.000000
0.349580	148.000000
0.349600	147.000000
0.349620	147.000000
0.349640	146.000000
0.349660	146.000000
0.349680	146.000000
0.349700	145.000000
0.349720	143.000000
0.349740	143.000000
0.349760	145.000000
0.349780	148.000000
0.349800	154.000000
0.349820	161.000000
0.349840	167.000000
0.349860	169.000000
0.349880	166.000000
0.349900	158.000000
0.349920	149.000000
0.349940	142.000000
0.349960	137.000000
0.349980	135.000000
0.350000	135.000000
0.350020	133.000000
0.350040	130.000000
0.350060	125.000000
0.350080	121.000000
0.350100	121.000000
0.350120	129.000000
0.350140	145.000000
0.350160	164.000000
0.350180	179.000000
0.350200	185.000000
0.350220	183.000000
0.350240	175.000000
0.350260	167.000000
0.350280	162.000000
0.350300	161.000000
0.350320	162.000000
0.350340	161.000000
0.350360	156.000000
0.350380	145.000000
0.350400	128.000000
0.350420	111.000000
0.350440	97.000000
0.350460	92.000000
0.350480	95.000000
0.350500	104.000000
0.350520	118.000000
0.350540	133.000000
0.350560	149.000000
0.350580	166.000000
0.350600	183.000000
0.350620	200.000000
0.350640	214.000000
0.350660	223.000000
0.350680	224.000000
0.350700	215.000000
0.350720	197.000000
0.350740	171.000000
0.350760	140.000000
0.350780	108.000000
0.350800	80.000000
0.350820	61.000000
0.350840	51.000000
0.350860	52.000000
0.350880	64.000000
0.350900	85.000000
0.350920	114.000000
0.350940	147.000000
0.350960	179.000000
0.350980	204.000000
0.351000	222.000000
0.351020	230.000000
0.351040	229.000000
0.351060	219.000000
0.351080	200.000000
0.351100	176.000000
0.351120	150.000000
0.351140	125.000000
0.351160	104.000000
0.351180	90.000000
0.351200	82.000000
0.351220	84.000000
0.351240	93.000000
0.351260	109.000000
0.351280	128.000000
0.351300	146.000000
0.351320	163.000000
0.351340	177.000000
0.351360	187.000000
0.351380	192.000000
0.351400	191.000000
0.351420	185.000000
0.351440	174.000000
0.351460	161.000000
0.351480	148.000000
0.351500	137.000000
0.351520	128.000000
0.351540	123.000000
0.351560	122.000000
0.351580	123.000000
0.351600	127.000000
0.351620	132.000000
0.351640	140.000000
0.351660	148.000000
0.351680	156.000000
0.351700	161.000000
0.351720	164.000000
0.351740	164.000000
0.351760	164.000000
0.351780	162.000000
0.351800	158.000000
0.351820	154.000000
0.351840	149.000000
0.351860	145.000000
0.351880	142.000000
0.351900	140.000000
0.351920	139.000000
0.351940	139.000000
0.351960	141.000000
0.351980	144.000000
0.352000	146.000000
0.352020	148.000000
0.352040	150.000000
0.352060	152.000000
0.352080	153.000000
0.352100	154.000000
0.352120	153.000000
0.352140	152.000000
0.352160	150.000000
0.352180	149.000000
0.352200	148.000000
0.352220	148.000000
0.352240	147.000000
0.352260	147.000000
0.352280	145.000000
0.352300	144.000000
0.352320	143.000000
0.352340	144.000000
0.352360	145.000000
0.352380	146.000000
0.352400	147.000000
0.352420	147.000000
0.352440	149.000000
0.352460	150.000000
0.352480	151.000000
0.352500	151.000000
0.352520	151.000000
0.352540	150.000000
0.352560	150.000000
0.352580	150.000000
0.352600	149.000000
0.352620	148.000000
0.352640	146.000000
0.352660	145.000000
0.352680	145.000000
0.352700	144.000000
0.352720	145.000000
0.352740	146.000000
0.352760	147.000000
0.352780	147.000000
0.352800	147.000000
0.352820	147.000000
0.352840	146.000000
0.352860	146.000000
0.352880	146.000000
0.352900	145.000000
0.352920	145.000000
0.352940	146.000000
0.352960	149.000000
0.352980	154.000000
0.353000	160.000000
0.353020	165.000000
0.353040	168.000000
0.353060	166.000000
0.353080	159.000000
0.353100	150.000000
0.353120	141.000000
0.353140	135.000000
0.353160	134.000000
0.353180	136.000000
0.353200	138.000000
0.353220	137.000000
0.353240	131.000000
0.353260	124.000000
0.353280	120.000000
0.353300	124.000000
0.353320	137.000000
0.353340	155.000000
0.353360	171.000000
0.353380	180.000000
0.353400	180.000000
0.353420	174.000000
0.353440	166.000000
0.353460	161.000000
0.353480	160.000000
0.353500	162.000000
0.353520	165.000000
0.353540	163.000000
0.353560	155.000000
0.353580	140.000000
0.353600	122.000000
0.353620	106.000000
0.353640	96.000000
0.353660	95.000000
0.353680	100.000000
0.353700	110.000000
0.353720	123.000000
0.353740	138.000000
0.353760	155.000000
0.353780	171.000000
0.353800	188.000000
0.353820	204.000000
0.353840	216.000000
0.353860	223.000000
0.353880	220.000000
0.353900	207.000000
0.353920	185.000000
0.353940	157.000000
0.353960	126.000000
0.353980	98.000000
0.354000	74.000000
0.354020	59.000000
0.354040	55.000000
0.354060	62.000000
0.354080	79.000000
0.354100	103.000000
0.354120	133.000000
0.354140	165.000000
0.354160	193.000000
0.354180	213.000000
0.354200	225.000000
0.354220	227.000000
0.354240	221.000000
0.354260	206.000000
0.354280	185.000000
0.354300	160.000000
0.354320	135.000000
0.354340	113.000000
0.354360	96.000000
0.354380	86.000000
0.354400	84.000000
0.354420	90.000000
0.354440	102.000000
0.354460	120.000000
0.354480	138.000000
0.354500	155.000000
0.354520	170.000000
0.354540	182.000000
0.354560	189.000000
0.354580	190.000000
0.354600	185.000000
0.354620	176.000000
0.354640	165.000000
0.354660	154.000000
0.354680	143.000000
0.354700	134.000000
0.354720	126.000000
0.354740	123.000000
0.354760	122.000000
0.354780	125.000000
0.354800	130.000000
0.354820	137.000000
0.354840	144.000000
0.354860	151.000000
0.354880	157.000000
0.354900	161.000000
0.354920	162.000000
0.354940	162.000000
0.354960	161.000000
0.354980	159.000000
0.355000	155.000000
0.355020	151.000000
0.355040	146.000000
0.355060	142.000000
0.355080	139.000000
0.355100	139.000000
0.355120	139.000000
0.355140	141.000000
0.355160	143.000000
0.355180	145.000000
0.355200	147.000000
0.355220	148.000000
0.355240	149.000000
0.355260	151.000000
0.355280	153.000000
0.355300	154.000000
0.355320	153.000000
0.355340	153.000000
0.355360	153.000000
0.355380	153.000000
0.355400	151.000000
0.355420	148.000000
0.355440	146.000000
0.355460	144.000000
0.355480	144.000000
0.355500	144.000000
0.355520	144.000000
0.355540	144.000000
0.355560	145.000000
0.355580	146.000000
0.355600	147.000000
0.355620	149.000000
0.355640	151.000000
0.355660	152.000000
0.355680	153.000000
0.355700	153.000000
0.355720	154.000000
0.355740	154.000000
0.355760	153.000000
0.355780	152.000000
0.355800	150.000000
0.355820	149.000000
0.355840	147.000000
0.355860	146.000000
0.355880	144.000000
0.355900	144.000000
0.355920	144.000000
0.355940	144.000000
0.355960	145.000000
0.355980	145.000000
0.356000	146.000000
0.356020	147.000000
0.356040	148.000000
0.356060	149.000000
0.356080	148.000000
0.356100	147.000000
0.356120	145.000000
0.356140	146.000000
0.356160	149.000000
0.356180	153.000000
0.356200	157.000000
0.356220	159.000000
0.356240	159.000000
0.356260	156.000000
0.356280	151.000000
0.356300	146.000000
0.356320	141.000000
0.356340	140.000000
0.356360	141.000000
0.356380	143.000000
0.356400	143.000000
0.356420	139.000000
0.356440	134.000000
0.356460	129.000000
0.356480	129.000000
0.356500	135.000000
0.356520	146.000000
0.356540	157.000000
0.356560	166.000000
0.356580	168.000000
0.356600	164.000000
0.356620	159.000000
0.356640	155.000000
0.356660	155.000000
0.356680	159.000000
0.356700	162.000000
0.356720	163.000000
0.356740	159.000000
0.356760	149.000000
0.356780	136.000000
0.356800	124.000000
0.356820	116.000000
0.356840	113.000000
0.356860	114.000000
0.356880	118.000000
0.356900	124.000000
0.356920	132.000000
0.356940	143.000000
0.356960	155.000000
0.356980	169.000000
0.357000	183.000000
0.357020	194.000000
0.357040	201.000000
0.357060	202.000000
0.357080	197.000000
0.357100	184.000000
0.357120	166.000000
0.357140	145.000000
0.357160	124.000000
0.357180	105.000000
0.357200	92.000000
0.357220	85.000000
0.357240	87.000000
0.357260	95.000000
0.357280	109.000000
0.357300	127.000000
0.357320	147.000000
0.357340	167.000000
0.357360	185.000000
0.357380	197.000000
0.357400	202.000000
0.357420	200.000000
0.357440	193.000000
0.357460	182.000000
0.357480	167.000000
0.357500	150.000000
0.357520	133.000000
0.357540	119.000000
0.357560	109.000000
0.357580	106.000000
0.357600	107.000000
0.357620	113.000000
0.357640	122.000000
0.357660	134.000000
0.357680	146.000000
0.357700	158.000000
0.357720	167.000000
0.357740	173.000000
0.357760	176.000000
0.357780	174.000000
0.357800	170.000000
0.357820	164.000000
0.357840	157.000000
0.357860	149.000000
0.357880	142.000000
0.357900	135.000000
0.357920	130.000000
0.357940	129.000000
0.357960	130.000000
0.357980	134.000000
0.358000	139.000000
0.358020	144.000000
0.358040	149.000000
0.358060	153.000000
0.358080	156.000000
0.358100	158.000000
0.358120	159.000000
0.358140	158.000000
0.358160	157.000000
0.358180	155.000000
0.358200	152.000000
0.358220	149.000000
0.358240	145.000000
0.358260	142.000000
0.358280	140.000000
0.358300	140.000000
0.358320	142.000000
0.358340	144.000000
0.358360	146.000000
0.358380	147.000000
0.358400	148.000000
0.358420	150.000000
0.358440	151.000000
0.358460	151.000000
0.358480	151.000000
0.358500	151.000000
0.358520	151.000000
0.358540	151.000000
0.358560	150.000000
0.358580	149.000000
0.358600	148.000000
0.358620	147.000000
0.358640	147.000000
0.358660	147.000000
0.358680	146.000000
0.358700	144.000000
0.358720	143.000000
0.358740	142.000000
0.358760	143.000000
0.358780	144.000000
0.358800	146.000000
0.358820	147.000000
0.358840	148.000000
0.358860	149.000000
0.358880	151.000000
0.358900	152.000000
0.358920	152.000000
0.358940	152.000000
0.358960	151.000000
0.358980	150.000000
0.359000	150.000000
0.359020	149.000000
0.359040	148.000000
0.359060	147.000000
0.359080	145.000000
0.359100	143.000000
0.359120	143.000000
0.359140	144.000000
0.359160	146.000000
0.359180	147.000000
0.359200	147.000000
0.359220	147.000000
0.359240	148.000000
0.359260	148.000000
0.359280	149.000000
0.359300	150.000000
0.359320	150.000000
0.359340	150.000000
0.359360	152.000000
0.359380	154.000000
0.359400	155.000000
0.359420	155.000000
0.359440	153.000000
0.359460	150.000000
0.359480	145.000000
0.359500	142.000000
0.359520	141.000000
0.359540	142.000000
0.359560	144.000000
0.359580	145.000000
0.359600	143.000000
0.359620	140.000000
0.359640	138.000000
0.359660	137.000000
0.359680	140.000000
0.359700	146.000000
0.359720	153.000000
0.359740	158.000000
0.359760	160.000000
0.359780	158.000000
0.359800	154.000000
0.359820	152.000000
0.359840	153.000000
0.359860	155.000000
0.359880	158.000000
0.359900	159.000000
0.359920	157.000000
0.359940	151.000000
0.359960	143.000000
0.359980	135.000000
0.360000	128.000000
0.360020	125.000000
0.360040	127.000000
0.360060	130.000000
0.360080	134.000000
0.360100	138.000000
0.360120	142.000000
0.360140	148.000000
0.360160	157.000000
0.360180	166.000000
0.360200	174.000000
0.360220	179.000000
0.360240	181.000000
0.360260	178.000000
0.360280	172.000000
0.360300	162.000000
0.360320	150.000000
0.360340	138.000000
0.360360	128.000000
0.360380	121.000000
0.360400	116.000000
0.360420	115.000000
0.360440	117.000000
0.360460	123.000000
0.360480	133.000000
0.360500	144.000000
0.360520	156.000000
0.360540	166.000000
0.360560	173.000000
0.360580	178.000000
0.360600	178.000000
0.360620	176.000000
0.360640	170.000000
0.360660	162.000000
0.360680	152.000000
0.360700	143.000000
0.360720	136.000000
0.360740	130.000000
0.360760	127.000000
0.360780	127.000000
0.360800	129.000000
0.360820	134.000000
0.360840	140.000000
0.360860	147.000000
0.360880	152.000000
0.360900	155.000000
0.360920	157.000000
0.360940	159.000000
0.360960	159.000000
0.360980	158.000000
0.361000	155.000000
0.361020	152.000000
0.361040	148.000000
0.361060	145.000000
0.361080	142.000000
0.361100	140.000000
0.361120	139.000000
0.361140	139.000000
0.361160	141.000000
0.361180	143.000000
0.361200	146.000000
0.361220	148.000000
0.361240	151.000000
0.361260	153.000000
0.361280	153.000000
0.361300	153.000000
0.361320	152.000000
0.361340	151.000000
0.361360	151.000000
0.361380	150.000000
0.361400	148.000000
0.361420	146.000000
0.361440	145.000000
0.361460	145.000000
0.361480	146.000000
0.361500	146.000000
0.361520	146.000000
0.361540	147.000000
0.361560	147.000000
0.361580	148.000000
0.361600	148.000000
0.361620	147.000000
0.361640	148.000000
0.361660	149.000000
0.361680	150.000000
0.361700	151.000000
0.361720	151.000000
0.361740	149.000000
0.361760	148.000000
0.361780	147.000000
0.361800	147.000000
0.361820	148.000000
0.361840	148.000000
0.361860	147.000000
0.361880	146.000000
0.361900	145.000000
0.361920	144.000000
0.361940	144.000000
0.361960	144.000000
0.361980	145.000000
0.362000	146.000000
0.362020	148.000000
0.362040	150.000000
0.362060	152.000000
0.362080	153.000000
0.362100	153.000000
0.362120	153.000000
0.362140	152.000000
0.362160	152.000000
0.362180	151.000000
0.362200	149.000000
0.362220	147.000000
0.362240	146.000000
0.362260	146.000000
0.362280	145.000000
0.362300	144.000000
0.362320	143.000000
0.362340	143.000000
0.362360	144.000000
0.362380	145.000000
0.362400	147.000000
0.362420	148.000000
0.362440	148.000000
0.362460	149.000000
0.362480	150.000000
0.362500	150.000000
0.362520	151.000000
0.362540	152.000000
0.362560	153.000000
0.362580	154.000000
0.362600	153.000000
0.362620	151.000000
0.362640	148.000000
0.362660	145.000000
0.362680	144.000000
0.362700	144.000000
0.362720	145.000000
0.362740	147.000000
0.362760	148.000000
0.362780	147.000000
0.362800	144.000000
0.362820	142.000000
0.362840	141.000000
0.362860	144.000000
0.362880	148.000000
0.362900	153.000000
0.362920	155.000000
0.362940	154.000000
0.362960	151.000000
0.362980	148.000000
0.363000	147.000000
0.363020	148.000000
0.363040	150.000000
0.363060	152.000000
0.363080	153.000000
0.363100	152.000000
0.363120	149.000000
0.363140	144.000000
0.363160	140.000000
0.363180	137.000000
0.363200	137.000000
0.363220	138.000000
0.363240	141.000000
0.363260	143.000000
0.363280	146.000000
0.363300	147.000000
0.363320	149.000000
0.363340	152.000000
0.363360	155.000000
0.363380	159.000000
0.363400	161.000000
0.363420	162.000000
0.363440	162.000000
0.363460	158.000000
0.363480	153.000000
0.363500	146.000000
0.363520	140.000000
0.363540	136.000000
0.363560	132.000000
0.363580	131.000000
0.363600	131.000000
0.363620	133.000000
0.363640	138.000000
0.363660	144.000000
0.363680	150.000000
0.363700	155.000000
0.363720	159.000000
0.363740	161.000000
0.363760	161.000000
0.363780	160.000000
0.363800	158.000000
0.363820	153.000000
0.363840	149.000000
0.363860	145.000000
0.363880	142.000000
0.363900	140.000000
0.363920	138.000000
0.363940	139.000000
0.363960	140.000000
0.363980	143.000000
0.364000	145.000000
0.364020	148.000000
0.364040	150.000000
0.364060	152.000000
0.364080	153.000000
0.364100	153.000000
0.364120	152.000000
0.364140	151.000000
0.364160	150.000000
0.364180	148.000000
0.364200	147.000000
0.364220	145.000000
0.364240	144.000000
0.364260	144.000000
0.364280	146.000000
0.364300	147.000000
0.364320	148.000000
0.364340	149.000000
0.364360	150.000000
0.364380	150.000000
0.364400	150.000000
0.364420	150.000000
0.364440	149.000000
0.364460	148.000000
0.364480	148.000000
0.364500	147.000000
0.364520	147.000000
0.364540	148.000000
0.364560	149.000000
0.364580	150.000000
0.364600	150.000000
0.364620	149.000000
0.364640	147.000000
0.364660	147.000000
0.364680	147.000000
0.364700	148.000000
0.364720	149.000000
0.364740	149.000000
0.364760	147.000000
0.364780	145.000000
0.364800	144.000000
0.364820	144.000000
0.364840	146.000000
0.364860	147.000000
0.364880	149.000000
0.364900	150.000000
0.364920	150.000000
0.364940	150.000000
0.364960	150.000000
0.364980	150.000000
0.365000	151.000000
0.365020	151.000000
0.365040	151.000000
0.365060	149.000000
0.365080	147.000000
0.365100	146.000000
0.365120	145.000000
0.365140	144.000000
0.365160	145.000000
0.365180	146.000000
0.365200	146.000000
0.365220	147.000000
0.365240	147.000000
0.365260	148.000000
0.365280	150.000000
0.365300	151.000000
0.365320	152.000000
0.365340	153.000000
0.365360	152.000000
0.365380	151.000000
0.365400	149.000000
0.365420	148.000000
0.365440	147.000000
0.365460	146.000000
0.365480	145.000000
0.365500	144.000000
0.365520	144.000000
0.365540	144.000000
0.365560	145.000000
0.365580	146.000000
0.365600	147.000000
0.365620	148.000000
0.365640	149.000000
0.365660	150.000000
0.365680	150.000000
0.365700	151.000000
0.365720	152.000000
0.365740	153.000000
0.365760	153.000000
0.365780	152.000000
0.365800	149.000000
0.365820	146.000000
0.365840	144.000000
0.365860	143.000000
0.365880	143.000000
0.365900	145.000000
0.365920	146.000000
0.365940	148.000000
0.365960	148.000000
0.365980	147.000000
0.366000	145.000000
0.366020	144.000000
0.366040	146.000000
0.366060	149.000000
0.366080	153.000000
0.366100	155.000000
0.366120	154.000000
0.366140	150.000000
0.366160	147.000000
0.366180	144.000000
0.366200	143.000000
0.366220	144.000000
0.366240	147.000000
0.366260	150.000000
0.366280	150.000000
0.366300	148.000000
0.366320	145.000000
0.366340	142.000000
0.366360	141.000000
0.366380	142.000000
0.366400	144.000000
0.366420	145.000000
0.366440	148.000000
0.366460	150.000000
0.366480	153.000000
0.366500	154.000000
0.366520	155.000000
0.366540	156.000000
0.366560	156.000000
0.366580	155.000000
0.366600	153.000000
0.366620	150.000000
0.366640	146.000000
0.366660	143.000000
0.366680	140.000000
0.366700	137.000000
0.366720	136.000000
0.366740	137.000000
0.366760	140.000000
0.366780	144.000000
0.366800	148.000000
0.366820	151.000000
0.366840	155.000000
0.366860	158.000000
0.366880	159.000000
0.366900	159.000000
0.366920	157.000000
0.366940	154.000000
0.366960	150.000000
0.366980	146.000000
0.367000	143.000000
0.367020	140.000000
0.367040	138.000000
0.367060	138.000000
0.367080	140.000000
0.367100	143.000000
0.367120	145.000000
0.367140	148.000000
0.367160	150.000000
0.367180	153.000000
0.367200	154.000000
0.367220	154.000000
0.367240	152.000000
0.367260	150.000000
0.367280	148.000000
0.367300	147.000000
0.367320	144.000000
0.367340	143.000000
0.367360	142.000000
0.367380	143.000000
0.367400	145.000000
0.367420	146.000000
0.367440	147.000000
0.367460	148.000000
0.367480	148.000000
0.367500	149.000000
0.367520	150.000000
0.367540	151.000000
0.367560	151.000000
0.367580	150.000000
0.367600	149.000000
0.367620	148.000000
0.367640	147.000000
0.367660	146.000000
0.367680	145.000000
0.367700	145.000000
0.367720	144.000000
0.367740	145.000000
0.367760	146.000000
0.367780	147.000000
0.367800	148.000000
0.367820	149.000000
0.367840	149.000000
0.367860	150.000000
0.367880	151.000000
0.367900	151.000000
0.367920	151.000000
0.367940	150.000000
0.367960	148.000000
0.367980	147.000000
0.368000	147.000000
0.368020	146.000000
0.368040	147.000000
0.368060	148.000000
0.368080	149.000000
0.368100	151.000000
0.368120	151.000000
0.368140	151.000000
0.368160	150.000000
0.368180	149.000000
0.368200	150.000000
0.368220	150.000000
0.368240	150.000000
0.368260	149.000000
0.368280	147.000000
0.368300	145.000000
0.368320	145.000000
0.368340	145.000000
0.368360	145.000000
0.368380	146.000000
0.368400	146.000000
0.368420	147.000000
0.368440	148.000000
0.368460	150.000000
0.368480	151.000000
0.368500	151.000000
0.368520	151.000000
0.368540	150.000000
0.368560	149.000000
0.368580	149.000000
0.368600	148.000000
0.368620	146.000000
0.368640	145.000000
0.368660	144.000000
0.368680	144.000000
0.368700	143.000000
0.368720	144.000000
0.368740	144.000000
0.368760	146.000000
0.368780	148.000000
0.368800	149.000000
0.368820	149.000000
0.368840	149.000000
0.368860	150.000000
0.368880	150.000000
0.368900	150.000000
0.368920	150.000000
0.368940	150.000000
0.368960	149.000000
0.368980	148.000000
0.369000	146.000000
0.369020	143.000000
0.369040	141.000000
0.369060	142.000000
0.369080	144.000000
0.369100	147.000000
0.369120	150.000000
0.369140	150.000000
0.369160	149.000000
0.369180	148.000000
0.369200	148.000000
0.369220	149.000000
0.369240	150.000000
0.369260	152.000000
0.369280	154.000000
0.369300	154.000000
0.369320	151.000000
0.369340	147.000000
0.369360	143.000000
0.369380	140.000000
0.369400	141.000000
0.369420	144.000000
0.369440	147.000000
0.369460	149.000000
0.369480	148.000000
0.369500	146.000000
0.369520	143.000000
0.369540	141.000000
0.369560	141.000000
0.369580	144.000000
0.369600	148.000000
0.369620	152.000000
0.369640	153.000000
0.369660	154.000000
0.369680	154.000000
0.369700	154.000000
0.369720	154.000000
0.369740	153.000000
0.369760	152.000000
0.369780	150.000000
0.369800	147.000000
0.369820	143.000000
0.369840	139.000000
0.369860	136.000000
0.369880	134.000000
0.369900	134.000000
0.369920	136.000000
0.369940	139.000000
0.369960	144.000000
0.369980	151.000000
0.370000	157.000000
0.370020	162.000000
0.370040	165.000000
0.370060	165.000000
0.370080	164.000000
0.370100	161.000000
0.370120	157.000000
0.370140	151.000000
0.370160	145.000000
0.370180	139.000000
0.370200	136.000000
0.370220	136.000000
0.370240	136.000000
0.370260	138.000000
0.370280	140.000000
0.370300	143.000000
0.370320	147.000000
0.370340	152.000000
0.370360	156.000000
0.370380	157.000000
0.370400	158.000000
0.370420	156.000000
0.370440	154.000000
0.370460	152.000000
0.370480	149.000000
0.370500	146.000000
0.370520	143.000000
0.370540	141.000000
0.370560	141.000000
0.370580	141.000000
0.370600	142.000000
0.370620	143.000000
0.370640	144.000000
0.370660	146.000000
0.370680	148.000000
0.370700	151.000000
0.370720	152.000000
0.370740	152.000000
0.370760	151.000000
0.370780	151.000000
0.370800	150.000000
0.370820	149.000000
0.370840	148.000000
0.370860	146.000000
0.370880	146.000000
0.370900	146.000000
0.370920	146.000000
0.370940	147.000000
0.370960	147.000000
0.370980	147.000000
0.371000	148.000000
0.371020	148.000000
0.371040	149.000000
0.371060	148.000000
0.371080	148.000000
0.371100	148.000000
0.371120	148.000000
0.371140	148.000000
0.371160	147.000000
0.371180	147.000000
0.371200	147.000000
0.371220	146.000000
0.371240	147.000000
0.371260	148.000000
0.371280	148.000000
0.371300	149.000000
0.371320	149.000000
0.371340	150.000000
0.371360	151.000000
0.371380	153.000000
0.371400	153.000000
0.371420	152.000000
0.371440	150.000000
0.371460	148.000000
0.371480	147.000000
0.371500	146.000000
0.371520	145.000000
0.371540	145.000000
0.371560	145.000000
0.371580	146.000000
0.371600	146.000000
0.371620	147.000000
0.371640	147.000000
0.371660	147.000000
0.371680	147.000000
0.371700	148.000000
0.371720	150.000000
0.371740	152.000000
0.371760	152.000000
0.371780	151.000000
0.371800	150.000000
0.371820	149.000000
0.371840	149.000000
0.371860	148.000000
0.371880	147.000000
0.371900	146.000000
0.371920	144.000000
0.371940	144.000000
0.371960	144.000000
0.371980	145.000000
0.372000	146.000000
0.372020	147.000000
0.372040	147.000000
0.372060	147.000000
0.372080	147.000000
0.372100	148.000000
0.372120	149.000000
0.372140	150.000000
0.372160	150.000000
0.372180	149.000000
0.372200	148.000000
0.372220	146.000000
0.372240	145.000000
0.372260	146.000000
0.372280	149.000000
0.372300	151.000000
0.372320	152.000000
0.372340	151.000000
0.372360	150.000000
0.372380	150.000000
0.372400	150.000000
0.372420	150.000000
0.372440	151.000000
0.372460	152.000000
0.372480	152.000000
0.372500	152.000000
0.372520	149.000000
0.372540	146.000000
0.372560	142.000000
0.372580	141.000000
0.372600	143.000000
0.372620	145.000000
0.372640	147.000000
0.372660	147.000000
0.372680	146.000000
0.372700	144.000000
0.372720	143.000000
0.372740	143.000000
0.372760	145.000000
0.372780	149.000000
0.372800	152.000000
0.372820	155.000000
0.372840	157.000000
0.372860	157.000000
0.372880	157.000000
0.372900	156.000000
0.372920	155.000000
0.372940	153.000000
0.372960	150.000000
0.372980	148.000000
0.373000	144.000000
0.373020	140.000000
0.373040	135.000000
0.373060	131.000000
0.373080	130.000000
0.373100	133.000000
0.373120	138.000000
0.373140	144.000000
0.373160	150.000000
0.373180	155.000000
0.373200	159.000000
0.373220	163.000000
0.373240	165.000000
0.373260	165.000000
0.373280	162.000000
0.373300	158.000000
0.373320	153.000000
0.373340	147.000000
0.373360	141.000000
0.373380	136.000000
0.373400	132.000000
0.373420	131.000000
0.373440	132.000000
0.373460	136.000000
0.373480	140.000000
0.373500	146.000000
0.373520	151.000000
0.373540	155.000000
0.373560	158.000000
0.373580	158.000000
0.373600	158.000000
0.373620	157.000000
0.373640	154.000000
0.373660	151.000000
0.373680	147.000000
0.373700	144.000000
0.373720	141.000000
0.373740	140.000000
0.373760	140.000000
0.373780	140.000000
0.373800	142.000000
0.373820	143.000000
0.373840	145.000000
0.373860	148.000000
0.373880	150.000000
0.373900	152.000000
0.373920	153.000000
0.373940	153.000000
0.373960	151.000000
0.373980	149.000000
0.374000	148.000000
0.374020	147.000000
0.374040	146.000000
0.374060	146.000000
0.374080	147.000000
0.374100	148.000000
0.374120	149.000000
0.374140	149.000000
0.374160	148.000000
0.374180	147.000000
0.374200	147.000000
0.374220	148.000000
0.374240	149.000000
0.374260	150.000000
0.374280	149.000000
0.374300	149.000000
0.374320	148.000000
0.374340	148.000000
0.374360	149.000000
0.374380	149.000000
0.374400	147.000000
0.374420	146.000000
0.374440	145.000000
0.374460	146.000000
0.374480	147.000000
0.374500	149.000000
0.374520	150.000000
0.374540	151.000000
0.374560	151.000000
0.374580	151.000000
0.374600	151.000000
0.374620	149.000000
0.374640	147.000000
0.374660	145.000000
0.374680	144.000000
0.374700	144.000000
0.374720	143.000000
0.374740	144.000000
0.374760	144.000000
0.374780	146.000000
0.374800	147.000000
0.374820	148.000000
0.374840	148.000000
0.374860	148.000000
0.374880	149.000000
0.374900	150.000000
0.374920	151.000000
0.374940	150.000000
0.374960	149.000000
0.374980	147.000000
0.375000	146.000000
0.375020	146.000000
0.375040	145.000000
0.375060	144.000000
0.375080	144.000000
0.375100	145.000000
0.375120	146.000000
0.375140	146.000000
0.375160	146.000000
0.375180	146.000000
0.375200	147.000000
0.375220	148.000000
0.375240	150.000000
0.375260	150.000000
0.375280	149.000000
0.375300	148.000000
0.375320	148.000000
0.375340	148.000000
0.375360	149.000000
0.375380	148.000000
0.375400	147.000000
0.375420	145.000000
0.375440	144.000000
0.375460	145.000000
0.375480	147.000000
0.375500	149.000000
0.375520	151.000000
0.375540	151.000000
0.375560	150.000000
0.375580	148.000000
0.375600	148.000000
0.375620	149.000000
0.375640	151.000000
0.375660	153.000000
0.375680	153.000000
0.375700	151.000000
0.375720	148.000000
0.375740	145.000000
0.375760	144.000000
0.375780	143.000000
0.375800	144.000000
0.375820	145.000000
0.375840	146.000000
0.375860	146.000000
0.375880	146.000000
0.375900	145.000000
0.375920	144.000000
0.375940	144.000000
0.375960	145.000000
0.375980	148.000000
0.376000	151.000000
0.376020	154.000000
0.376040	156.000000
0.376060	156.000000
0.376080	157.000000
0.376100	156.000000
0.376120	154.000000
0.376140	151.000000
0.376160	147.000000
0.376180	144.000000
0.376200	140.000000
0.376220	137.000000
0.376240	133.000000
0.376260	131.000000
0.376280	131.000000
0.376300	135.000000
0.376320	141.000000
0.376340	148.000000
0.376360	154.000000
0.376380	159.000000
0.376400	162.000000
0.376420	165.000000
0.376440	165.000000
0.376460	164.000000
0.376480	161.000000
0.376500	157.000000
0.376520	151.000000
0.376540	144.000000
0.376560	138.000000
0.376580	134.000000
0.376600	132.000000
0.376620	133.000000
0.376640	135.000000
0.376660	138.000000
0.376680	142.000000
0.376700	146.000000
0.376720	151.000000
0.376740	154.000000
0.376760	157.000000
0.376780	158.000000
0.376800	158.000000
0.376820	157.000000
0.376840	154.000000
0.376860	151.000000
0.376880	148.000000
0.376900	146.000000
0.376920	144.000000
0.376940	143.000000
0.376960	141.000000
0.376980	140.000000
0.377000	141.000000
0.377020	143.000000
0.377040	146.000000
0.377060	149.000000
0.377080	151.000000
0.377100	151.000000
0.377120	151.000000
0.377140	151.000000
0.377160	150.000000
0.377180	150.000000
0.377200	149.000000
0.377220	148.000000
0.377240	148.000000
0.377260	148.000000
0.377280	148.000000
0.377300	148.000000
0.377320	147.000000
0.377340	147.000000
0.377360	147.000000
0.377380	148.000000
0.377400	149.000000
0.377420	149.000000
0.377440	147.000000
0.377460	146.000000
0.377480	146.000000
0.377500	146.000000
0.377520	147.000000
0.377540	147.000000
0.377560	146.000000
0.377580	146.000000
0.377600	146.000000
0.377620	146.000000
0.377640	147.000000
0.377660	148.000000
0.377680	149.000000
0.377700	150.000000
0.377720	151.000000
0.377740	151.000000
0.377760	150.000000
0.377780	149.000000
0.377800	148.000000
0.377820	148.000000
0.377840	147.000000
0.377860	146.000000
0.377880	144.000000
0.377900	143.000000
0.377920	143.000000
0.377940	143.000000
0.377960	144.000000
0.377980	145.000000
0.378000	147.000000
0.378020	148.000000
0.378040	150.000000
0.378060	151.000000
0.378080	151.000000
0.378100	151.000000
0.378120	152.000000
0.378140	151.000000
0.378160	150.000000
0.378180	149.000000
0.378200	147.000000
0.378220	146.000000
0.378240	146.000000
0.378260	145.000000
0.378280	145.000000
0.378300	146.000000
0.378320	146.000000
0.378340	146.000000
0.378360	147.000000
0.378380	147.000000
0.378400	147.000000
0.378420	147.000000
0.378440	147.000000
0.378460	148.000000
0.378480	148.000000
0.378500	149.000000
0.378520	150.000000
0.378540	149.000000
0.378560	148.000000
0.378580	146.000000
0.378600	146.000000
0.378620	146.000000
0.378640	146.000000
0.378660	147.000000
0.378680	148.000000
0.378700	148.000000
0.378720	148.000000
0.378740	148.000000
0.378760	148.000000
0.378780	148.000000
0.378800	148.000000
0.378820	149.000000
0.378840	151.000000
0.378860	153.000000
0.378880	153.000000
0.378900	151.000000
0.378920	149.000000
0.378940	146.000000
0.378960	145.000000
0.378980	144.000000
0.379000	144.000000
0.379020	144.000000
0.379040	145.000000
0.379060	144.000000
0.379080	144.000000
0.379100	143.000000
0.379120	144.000000
0.379140	145.000000
0.379160	148.000000
0.379180	151.000000
0.379200	153.000000
0.379220	155.000000
0.379240	156.000000
0.379260	157.000000
0.379280	157.000000
0.379300	155.000000
0.379320	153.000000
0.379340	150.000000
0.379360	146.000000
0.379380	143.000000
0.379400	139.000000
0.379420	136.000000
0.379440	133.000000
0.379460	132.000000
0.379480	134.000000
0.379500	138.000000
0.379520	143.000000
0.379540	148.000000
0.379560	153.000000
0.379580	158.000000
0.379600	162.000000
0.379620	163.000000
0.379640	163.000000
0.379660	160.000000
0.379680	157.000000
0.379700	152.000000
0.379720	147.000000
0.379740	141.000000
0.379760	136.000000
0.379780	133.000000
0.379800	132.000000
0.379820	133.000000
0.379840	136.000000
0.379860	140.000000
0.379880	143.000000
0.379900	147.000000
0.379920	151.000000
0.379940	154.000000
0.379960	157.000000
0.379980	158.000000
0.380000	158.000000
0.380020	156.000000
0.380040	154.000000
0.380060	151.000000
0.380080	149.000000
0.380100	146.000000
0.380120	144.000000
0.380140	142.000000
0.380160	141.000000
0.380180	140.000000
0.380200	141.000000
0.380220	142.000000
0.380240	145.000000
0.380260	147.000000
0.380280	150.000000
0.380300	151.000000
0.380320	151.000000
0.380340	150.000000
0.380360	149.000000
0.380380	150.000000
0.380400	150.000000
0.380420	150.000000
0.380440	150.000000
0.380460	149.000000
0.380480	148.000000
0.380500	148.000000
0.380520	148.000000
0.380540	149.000000
0.380560	149.000000
0.380580	148.000000
0.380600	148.000000
0.380620	148.000000
0.380640	149.000000
0.380660	150.000000
0.380680	150.000000
0.380700	150.000000
0.380720	149.000000
0.380740	148.000000
0.380760	148.000000
0.380780	148.000000
0.380800	148.000000
0.380820	149.000000
0.380840	149.000000
0.380860	149.000000
0.380880	149.000000
0.380900	150.000000
0.380920	150.000000
0.380940	150.000000
0.380960	150.000000
0.380980	149.000000
0.381000	148.000000
0.381020	146.000000
0.381040	144.000000
0.381060	143.000000
0.381080	143.000000
0.381100	144.000000
0.381120	145.000000
0.381140	146.000000
0.381160	146.000000
0.381180	147.000000
0.381200	147.000000
0.381220	148.000000
0.381240	149.000000
0.381260	149.000000
0.381280	149.000000
0.381300	149.000000
0.381320	149.000000
0.381340	149.000000
0.381360	148.000000
0.381380	148.000000
0.381400	148.000000
0.381420	148.000000
0.381440	148.000000
0.381460	147.000000
0.381480	146.000000
0.381500	146.000000
0.381520	146.000000
0.381540	146.000000
0.381560	146.000000
0.381580	147.000000
0.381600	147.000000
0.381620	148.000000
0.381640	148.000000
0.381660	149.000000
0.381680	149.000000
0.381700	150.000000
0.381720	150.000000
0.381740	149.000000
0.381760	147.000000
0.381780	145.000000
0.381800	144.000000
0.381820	145.000000
0.381840	145.000000
0.381860	146.000000
0.381880	146.000000
0.381900	146.000000
0.381920	147.000000
0.381940	147.000000
0.381960	147.000000
0.381980	147.000000
0.382000	148.000000
0.382020	149.000000
0.382040	151.000000
0.382060	152.000000
0.382080	151.000000
0.382100	149.000000
0.382120	146.000000
0.382140	144.000000
0.382160	142.000000
0.382180	141.000000
0.382200	142.000000
0.382220	143.000000
0.382240	144.000000
0.382260	144.000000
0.382280	144.000000
0.382300	145.000000
0.382320	147.000000
0.382340	149.000000
0.382360	150.000000
0.382380	152.000000
0.382400	153.000000
0.382420	155.000000
0.382440	156.000000
0.382460	156.000000
0.382480	155.000000
0.382500	152.000000
0.382520	150.000000
0.382540	147.000000
0.382560	144.000000
0.382580	141.000000
0.382600	138.000000
0.382620	136.000000
0.382640	135.000000
0.382660	135.000000
0.382680	138.000000
0.382700	143.000000
0.382720	147.000000
0.382740	151.000000
0.382760	154.000000
0.382780	157.000000
0.382800	160.000000
0.382820	162.000000
0.382840	161.000000
0.382860	158.000000
0.382880	154.000000
0.382900	149.000000
0.382920	144.000000
0.382940	140.000000
0.382960	137.000000
0.382980	135.000000
0.383000	135.000000
0.383020	137.000000
0.383040	139.000000
0.383060	141.000000
0.383080	145.000000
0.383100	149.000000
0.383120	153.000000
0.383140	156.000000
0.383160	157.000000
0.383180	157.000000
0.383200	157.000000
0.383220	157.000000
0.383240	155.000000
0.383260	151.000000
0.383280	147.000000
0.383300	145.000000
0.383320	144.000000
0.383340	144.000000
0.383360	143.000000
0.383380	140.000000
0.383400	140.000000
0.383420	143.000000
0.383440	146.000000
0.383460	148.000000
0.383480	149.000000
0.383500	150.000000
0.383520	153.000000
0.383540	154.000000
0.383560	152.000000
0.383580	150.000000
0.383600	149.000000
0.383620	152.000000
0.383640	155.000000
0.383660	150.000000
0.383680	136.000000
